0.0   11.2126775147   -3.43170839043   11.7260717858   -0.297003550365   -0.392039951915   -0.219532861783   
1.0   11.4246841722   2.11699400788   11.6191683034   0.183221825543   0.50034412954   -0.119732545583   
2.0   -1.3970086201   7.49383956048   7.62294329264   1.75510166136   2.61638750055   0.179825760434   
3.0   3.41926955179   10.0081534877   10.5761306961   1.24158097914   2.28006082662   0.476870947836   
4.0   5.99087054898   -8.32858788076   10.2594301022   -0.947225157867   -1.58095329878   -0.455245047745   
5.0   11.7522234211   1.0015014292   11.7948192209   0.085012645113   0.456159923142   0.566438701948   
6.0   7.28315244374   7.41078686108   10.390576087   0.794084139624   1.77203078871   0.0540148401556   
7.0   9.74652041528   -5.85375995854   11.3693080642   -0.540860544664   -0.294352420101   0.00846491573003   
8.0   9.96685007984   1.98342062475   10.1622860562   0.196435521705   1.36602114092   0.211118355657   
9.0   10.9636720587   -3.89939478315   11.6364678784   -0.341712677805   -0.173168474926   -0.355247809517   
10.0   10.6085251304   -0.350912495709   10.6143273466   -0.033066292302   1.06967393431   1.19795552841   
11.0   3.53741782869   7.16072884954   7.98682430953   1.1119582328   2.6183120296   0.528740057049   
12.0   6.08981397831   6.55358601392   8.94624635991   0.822062684255   2.31424834891   0.534746883209   
13.0   11.36040038   1.15590338125   11.419054664   0.10139951163   -0.337162755452   -0.183646816515   
14.0   0.776270208637   -10.3128119221   10.3419865198   -1.4956655982   -1.12773582515   0.47440005263   
15.0   5.83091948148   7.89787777904   9.81713274904   0.934832223425   1.68158951374   0.113092899786   
16.0   2.93979971947   10.9730836409   11.3600610465   1.30903343146   2.03392775198   0.613365028346   
17.0   10.735509336   4.18137735915   11.5210710146   0.371413637129   0.572983035365   -0.473158394242   
18.0   0.858842489755   9.81258505762   9.85009827033   1.48349421015   2.51715370382   0.331793980155   
19.0   6.63150574891   9.38600331413   11.4923420899   0.95570033188   0.789891009444   -0.156138476005   
20.0   11.1355004012   -0.705488986659   11.1578261277   -0.0632703802532   0.429653738734   0.337538877168   
21.0   10.8840679981   -4.04643164102   11.6119139341   -0.355940865686   0.155513652469   0.296582964967   
22.0   -3.30463770031   9.10383420232   9.68506208105   1.91899991959   1.98551121711   -0.461470312185   
23.0   10.6066656724   -0.196432696584   10.6084844578   -0.0185176237022   -1.22951131251   -0.276180368016   
24.0   11.3318266291   -1.95844656427   11.4998177245   -0.171136544539   -0.574102481605   -0.503865446582   
25.0   11.1767185464   -0.296531331718   11.1806515148   -0.0265249396295   -0.374916935907   0.516501204435   
26.0   -1.96661826622   8.90969476753   9.12415739976   1.78804082711   3.2130824695   0.482397853601   
27.0   4.05332372238   9.21770930404   10.0695381231   1.1565138257   1.63107082665   0.367538868752   
28.0   9.902512343   5.85989079621   11.5064360619   0.534337156747   0.937866885352   0.06397042061   
29.0   10.2091333437   3.18402386653   10.6941297734   0.302319871665   0.753933731543   -0.25103365073   
30.0   9.81537675575   5.68389007083   11.3423201857   0.524895231673   0.197407174598   -0.945382495323   
31.0   9.38850838586   7.05229499519   11.7421869518   0.644244664102   0.930703427268   0.299838312981   
32.0   10.8822263456   -2.26270897711   11.1149764801   -0.205005953067   -1.18813260773   -0.669045185781   
33.0   9.82710006213   -2.44983551689   10.1278620494   -0.244313932207   -1.59782086892   -0.685611412228   
34.0   2.13017976732   7.81310838177   8.09829169803   1.30462385447   3.05636543489   0.84152014907   
35.0   10.7471998951   4.55424057561   11.6723353621   0.400820451492   0.828588726674   0.491147440113   
36.0   11.5139230804   -2.21655920419   11.7253383493   -0.190184535069   0.0103821713358   0.519874696806   
37.0   7.59294055958   -8.20610569936   11.1800231257   -0.824188958134   -0.186614063936   0.502653532636   
38.0   11.573906058   0.0107128045247   11.5739110159   0.000925599483152   -0.276255125025   0.297837797678   
39.0   10.1121969807   -4.00557882752   10.8766350275   -0.377151555552   0.0371085062475   0.269443509031   
40.0   11.5949632659   -0.305496452567   11.5989870774   -0.0263412470489   0.178895705603   0.0835108487891   
41.0   9.42672539997   -0.351586651883   9.43327964921   -0.0372795162602   -1.47136698008   -0.566695709345   
42.0   8.68892233545   4.39752051732   9.73835499721   0.468520907712   1.37876772874   0.210011927307   
43.0   10.8613039387   -1.47213301973   10.9606158074   -0.134718290816   0.0810318575318   0.313360056345   
44.0   9.96173972828   -1.62533944338   10.0934625734   -0.161733096409   1.07257118302   0.344527431716   
45.0   11.4609546276   1.21926502883   11.525627453   0.105985612148   0.321321942417   0.141914203425   
46.0   11.6269150513   -1.04436780687   11.6737251007   -0.0895828850658   -0.643872552978   -0.358115773212   
47.0   11.092554258   1.36776646751   11.1765623103   0.122685641732   -0.680650782743   -0.573574103261   
48.0   6.25755182608   -8.5012040203   10.5559189392   -0.936264803828   -1.82748380075   -0.379335427942   
49.0   10.4990433187   3.12349367117   10.953817751   0.28916411619   0.587811483713   -0.0585776284185   
50.0   6.26619129038   -8.39782755258   10.478008441   -0.929752128138   -1.77758837403   -0.178057361152   
51.0   10.7329005198   -4.67042957286   11.7050444665   -0.410436901325   -0.44524402857   -0.145496047144   
52.0   10.9717917765   1.04279181873   11.0212353919   0.0947583443128   -0.333772908882   0.0290356501105   
53.0   9.7720577535   6.61691587094   11.80155449   0.595208872923   0.727847407533   0.329747294676   
54.0   7.37431871069   -7.93564655575   10.8330541725   -0.822045961977   -0.834467566229   0.296527410543   
55.0   10.9199327704   0.426281954235   10.9282499978   0.0390172380351   0.483625068657   0.271802384599   
56.0   11.3520836682   0.549041010987   11.3653530364   0.0483271203857   -0.227014972956   -0.540837185408   
57.0   10.2421102771   0.234393488464   10.2447920055   0.0228812788475   0.74542143777   0.196829103994   
58.0   11.3722333578   2.17029246024   11.5774721294   0.188573864538   0.0427924842207   -0.270676186562   
59.0   10.5420135402   -0.966828677709   10.5862555785   -0.0914561132249   -0.303915608186   0.45464324556   
60.0   10.7804398387   3.5747220532   11.3576635305   0.320183743842   1.15032151458   0.458893767477   
61.0   10.7482089713   -1.01180319384   10.7957279418   -0.0938603076224   0.546029385815   -0.164563219319   
62.0   9.54071526873   2.09808731071   9.76868559236   0.216463320094   1.09794200914   0.00936498852105   
63.0   8.86372650121   -7.35620962271   11.5186573654   -0.69272218399   -0.844760594289   -0.336630081313   
64.0   7.47975781077   9.03042328907   11.7258399139   0.879045218077   1.39201831967   0.411421546872   
65.0   9.65118831953   -2.59433946307   9.99379973927   -0.262602700418   -1.5996725615   -0.498762407158   
66.0   10.0075521934   3.19051380001   10.5038316443   0.308623660929   -0.00874970743838   -0.404078055731   
67.0   3.80510429977   -8.60099703177   9.40510333131   -1.1542782513   -0.700418524149   0.282338261493   
68.0   10.5907217455   -4.43122229518   11.4803797028   -0.396272301581   0.0816630698488   0.274135357296   
69.0   9.65584148398   1.50246431747   9.7720352941   0.154363725464   0.764926771065   -0.108194012594   
70.0   3.44778667092   -8.61455603637   9.27889048497   -1.19009339965   -1.95510586586   0.0142166338027   
71.0   -2.57224406933   8.28564503607   8.67573358373   1.87180870072   2.63796953136   -0.112043216715   
72.0   10.3373143365   -2.54653602406   10.6463568141   -0.241534833297   -0.888758648544   0.267232380882   
73.0   -6.14445310942   -5.2836834901   8.10380251718   -2.43137274664   -3.64031833273   -0.368591683908   
74.0   9.74654209659   -5.91696655682   11.4019987754   -0.545611808439   -0.579616610724   -0.13628763275   
75.0   4.68457227357   -6.66380995803   8.14564795109   -0.958068425843   -1.45910775031   0.389349867798   
76.0   10.8489099357   3.59813380351   11.4300224698   0.320242498247   0.356239206168   -0.117986262328   
77.0   4.3638905253   8.11761161164   9.21624428898   1.07753622652   1.81884239637   0.024505396713   
78.0   6.71083382089   8.33555823655   10.7012532764   0.892962389851   0.185174453653   -0.199308476234   
79.0   9.79996970737   6.69303782805   11.867441242   0.599201458499   0.615755260562   0.0959709369457   
80.0   11.2873984382   2.55437975254   11.5728224485   0.222554952405   -0.317705831687   -0.19700529654   
81.0   8.45413254342   -5.37047631207   10.0157063096   -0.565935211027   0.134098837463   -0.318155066935   
82.0   8.65759367112   -6.56910938618   10.8677102603   -0.649089371722   -0.745827459868   0.307612813258   
83.0   11.1244820064   -2.04105805418   11.3101732035   -0.181456284581   0.382723255223   0.646971550561   
84.0   9.84161211667   4.38203641598   10.7730948295   0.418901779793   0.0465204131558   0.707889187487   
85.0   7.48883449976   -5.94456145101   9.56140434296   -0.670942829828   -1.49364702372   -0.00264212774668   
86.0   -3.19646634715   7.48588057656   8.13976689562   1.97435924547   2.03081225053   -0.358644886838   
87.0   0.862656627219   -10.2243444431   10.2606722854   -1.48662288047   -2.22661788172   0.0844120444397   
88.0   5.41146544819   -9.87769938803   11.2628994268   -1.06960779044   -1.61490716465   -0.443494021298   
89.0   11.1175638787   2.93194808317   11.497675685   0.257851371588   0.57789459638   -0.224437083816   
90.0   10.4598330236   4.23849924377   11.2859639696   0.384995445239   0.5405126643   0.195517085611   
91.0   0.370621386868   -10.6081755215   10.6146478089   -1.53587319597   -1.51206238369   -0.278576670779   
92.0   9.52731997424   4.94023661486   10.7319971908   0.47836440733   1.36455297735   0.496562635684   
93.0   11.1321492242   -1.95769210401   11.3029776928   -0.174079322214   -1.03537868585   -0.630211751316   
94.0   2.03947917853   10.0334050345   10.2385883747   1.37025958136   2.01913045575   0.189413610812   
95.0   0.660406966842   9.11632153927   9.14021092586   1.4984803886   2.1961886605   0.369360731577   
96.0   1.4946390318   9.85441551119   9.96711848543   1.42027156167   2.49957418389   0.375960655887   
97.0   8.55162969328   -6.08274928541   10.4942941297   -0.618267731027   -0.0783060150886   0.45657051166   
98.0   8.12509809471   7.67498761655   11.1768803323   0.756918015751   0.969152977107   0.199952888593   
99.0   5.95911316173   -7.63330243387   9.68392150532   -0.907951737121   -1.89844793514   -0.240954096115   
