0.0   42.3878195494   9.62305507226   43.4664288282   0.223240138804   -1.74328163948   0.797125142102   
1.0   64.0552144585   35.1675933338   73.0741412554   0.502090494255   1.06957380665   -0.107322399858   
2.0   8.52908472179   44.6617830719   45.46889215   1.38209782534   -0.2257015225   -0.452176561734   
3.0   -34.1193249566   27.4355579621   43.7817105214   2.46435299059   0.52761041627   0.181581169724   
4.0   -31.4767558335   20.6736832082   37.6588281176   2.5604575094   -3.90800836995   0.623544172009   
5.0   72.4703590411   18.6999221824   74.8441048391   0.252527030471   1.61436925839   0.58089092503   
6.0   -5.91079720171   59.6842561975   59.9762283026   1.66950889336   2.25966241197   0.187379093196   
7.0   47.2615879436   11.8479403035   48.7240329241   0.24562663202   0.555394618972   0.161763537897   
8.0   1.3658694577   52.7473784695   52.7650597913   1.54490756539   0.691367588128   0.468392060929   
9.0   59.1663505938   -27.1269615513   65.0886248556   -0.429888688599   0.4151609687   -0.0585445237712   
10.0   44.9836050033   -37.5839286886   58.6180553649   -0.696017261752   -1.3606705986   -0.22868269532   
11.0   -13.4023098993   17.834992008   22.3093892916   2.21523214148   6.29143474314   -0.324858524144   
12.0   -20.5234377854   41.8065385249   46.5725043557   2.02714918927   2.50421392376   -0.291919259706   
13.0   59.2741913936   -30.5004827137   66.6611521888   -0.475232378727   -1.04271142898   0.0158490853544   
14.0   66.5864630789   -31.0543804504   73.4719784034   -0.436389090317   0.326936699184   -0.236437060598   
15.0   37.6284591129   46.322864122   59.6800525777   0.888595096354   2.25268008486   0.140074344826   
16.0   -15.9579911954   -30.6906933251   34.5915616844   -2.0502856273   6.6416360039   0.0107878768038   
17.0   -31.529762592   -10.9081941031   33.3633725469   -2.80851700769   6.15882313498   0.196978216297   
18.0   -56.4427256561   13.286431087   57.9854337789   2.91040479219   3.13426437522   0.30381775232   
19.0   20.5435588469   0.776371720642   20.5582237352   0.0377735152392   2.94526480181   0.089283764491   
20.0   -20.8748293605   21.8490800802   30.2182196891   2.33339503395   1.47131635837   -0.460761200544   
21.0   -19.4660451741   -1.15583085774   19.5003297329   -3.08228551745   -5.88097390559   0.520825229245   
22.0   6.13819594204   1.02099035614   6.22252928721   0.164824932342   13.9712477545   0.644090340664   
23.0   33.5000908583   -37.3177943978   50.1485180861   -0.839254780041   -5.50580239883   0.16399701529   
24.0   32.4869389529   4.06068250769   32.7397364827   0.124349391756   0.922625656405   0.232311491791   
25.0   -34.0441035483   -42.2405708697   54.2518830439   -2.24915932961   -2.77096137661   -0.796081923822   
26.0   -51.8610097397   -22.4963231533   56.5300706407   -2.73230795154   5.32994925653   0.396183015702   
27.0   35.4396085696   40.4921350862   53.8105831543   0.851840590897   0.665825408251   0.29145909733   
28.0   19.7304393697   31.4314826815   37.1110272194   1.01023730646   7.67969978216   0.702141755502   
29.0   15.639029591   10.5042252312   18.8392673492   0.591456614828   5.5903661935   0.0574735826904   
30.0   -25.8340592586   14.0459326008   29.4055579849   2.64360051544   0.846586872041   -0.170941499961   
31.0   -33.5322681109   7.40652102716   34.3404944401   2.92420558493   3.40097129038   0.0514089031629   
32.0   50.0308534362   -26.1452527521   56.4505140545   -0.481550034238   1.18732682066   0.517202855694   
33.0   7.59176857465   -16.718249079   18.3612309598   -1.14453749509   -0.614507355699   -0.346568910073   
34.0   30.1055902843   -5.62394632478   30.6263830484   -0.184678765248   8.43732617028   -0.504430824428   
35.0   39.4243215362   -1.37558339169   39.4483124894   -0.0348775963221   -0.373368144336   0.207711772259   
36.0   24.4349708433   24.6776708877   34.7283060421   0.790339825265   1.54017776057   -0.162555238105   
37.0   11.8122659866   -76.9519614419   77.8532850784   -1.41848339003   -2.04516116998   -0.304253517156   
38.0   40.1503323488   -28.8925155297   49.4654085331   -0.623765087403   0.426405504801   0.758579597459   
39.0   22.4935353995   -70.3270368139   73.8366524281   -1.26123677323   -1.44672771359   0.280551035904   
40.0   53.8606545227   -1.81837472474   53.8913406054   -0.0337479067032   0.672656558857   0.0457228852851   
41.0   59.110859444   -10.5319898279   60.0417897297   -0.176323216133   0.0409426887927   -0.258274721323   
42.0   -22.4694177907   32.6014821822   39.5945877151   2.17424703792   1.04295441603   0.131717157159   
43.0   62.2053331817   11.6385852174   63.2847544209   0.184961000252   -0.184226578923   0.248795023324   
44.0   -34.6506867962   51.5238278819   62.0916655845   2.16283872202   4.02419504042   0.301687465024   
45.0   28.1730529583   39.5915053118   48.5922648767   0.952331875984   2.64001680642   -0.0738991908552   
46.0   -1.13575410979   -27.3430250887   27.3666029752   -1.61230971432   5.06373186049   -0.0267974346312   
47.0   13.071461056   35.5780686284   37.9033252033   1.21870331347   7.55617035887   -0.0109957403699   
48.0   11.8875840456   -69.520195794   70.5292299524   -1.40143958186   0.514885627356   0.473560243354   
49.0   15.6984657535   -30.6938122456   34.4753816104   -1.09802774978   -3.22575937996   0.245759555681   
50.0   7.22993163033   -56.922166512   57.3794819757   -1.44445847249   -2.47068205059   0.0416912157977   
51.0   15.7398211595   -0.809100299483   15.7606032063   -0.051359462902   2.10747385602   -0.852787204926   
52.0   -25.2452778651   -34.4015143655   42.6706953907   -2.20387589517   -2.05999199512   0.175842219744   
53.0   -20.4456615801   56.0096450089   59.6247047076   1.92080491576   1.50993386892   -0.236918339501   
54.0   -40.9398296084   18.2993821055   44.8434725886   2.72125102202   -3.32773963721   0.138643972118   
55.0   -21.9488308522   34.2392287495   40.6703326903   2.14084936155   4.38682404576   -0.259769825932   
56.0   6.04519382443   -26.872590057   27.54415482   -1.34952222547   3.91674886489   0.0290703547701   
57.0   24.7517814519   26.2838013368   36.1038626431   0.815407812977   2.37018241185   -0.703116549531   
58.0   71.6600393141   2.81433101216   71.7152821479   0.0392531937991   -1.10457581616   -0.0653058864554   
59.0   27.8367242791   -26.5064663322   38.4379496853   -0.760924216898   -5.71010336406   0.075251731454   
60.0   22.5953218719   37.8500029685   44.0814166652   1.03260763714   3.39177673676   0.115042432314   
61.0   25.5542412444   -4.13128069377   25.8860334109   -0.160280349241   -5.1268596752   0.200604513318   
62.0   18.8146115266   43.1234526332   47.0491421166   1.15939648084   -0.478733551221   0.162896949193   
63.0   49.9895001701   26.9901381935   56.8103660168   0.495068337395   2.20336984815   0.234332629115   
64.0   18.9453485821   56.8113228713   59.8869989169   1.24891522554   1.97065084941   0.128654340499   
65.0   27.6749265169   7.92087950439   28.786140586   0.278759196229   1.93833980745   0.0337233424714   
66.0   43.3913645027   -9.92264765917   44.5114530203   -0.224812384972   7.51145550882   0.134013254819   
67.0   -39.6767303609   -37.7100273911   54.7383695224   -2.38160296808   -1.23222393691   -0.00807630475246   
68.0   50.070005739   -22.4743530724   54.8826203886   -0.42190433818   5.60396061058   -0.329829348802   
69.0   -31.541093343   29.5870888765   43.2462298641   2.38814929837   1.72648896269   0.0198491784   
70.0   40.4715480911   -53.4928498081   67.0777994979   -0.923098160008   -2.9457072159   -0.194430707576   
71.0   33.4239397448   15.4664790355   36.8289522227   0.433395029244   -1.65975532491   0.722488207554   
72.0   11.8457485926   -46.7463099194   48.2238452511   -1.32261553567   -5.76983089038   -0.794894660585   
73.0   34.3341198489   -37.0419633342   50.5068196728   -0.823317665016   -8.85698908745   0.329409184003   
74.0   27.7287132154   6.11253233978   28.3944464322   0.216970462306   -0.780121545721   -0.0414855458128   
75.0   13.6451014463   -67.5615292649   68.9256775817   -1.37151153096   0.105062912279   0.728121059318   
76.0   59.3723275137   34.6935937334   68.7656798159   0.528824804071   0.0342074292279   -0.538883064916   
77.0   -6.98297505145   29.420016842   30.2373830143   1.80383844537   4.09739424899   0.0181973656957   
78.0   -4.56742816747   -19.5477601066   20.0742702296   -1.80033311584   -3.3105358687   0.837383105493   
79.0   29.5283587993   54.549835822   62.0290944766   1.07464955486   1.10336261151   0.694265551552   
80.0   42.2178585056   4.1100234706   42.4174477041   0.0970469046505   0.325321809111   0.0376182033001   
81.0   25.0942291761   46.7733273265   53.079793586   1.07837121612   2.46732903839   0.452235062336   
82.0   24.2313458379   35.5527940215   43.0251006257   0.972554018771   0.513526604423   -0.0326544738381   
83.0   51.4362443831   -23.227096168   56.4374453057   -0.424159277387   0.574246607856   0.290901935156   
84.0   26.0650004788   20.0323984865   32.8737165389   0.655271224144   4.47221108746   0.121014899324   
85.0   28.495909261   2.61265666096   28.6154297441   0.0914297032668   -7.49927172486   0.0167481305089   
86.0   -0.257192454457   -19.531097575   19.5327909026   -1.58396392215   -0.40803709689   -0.0637211161022   
87.0   23.6665366893   -42.7785712653   48.8887627004   -1.06547400847   -5.90924030547   -0.248899864198   
88.0   24.5942361814   22.2042551255   33.1346555592   0.734372874761   1.90709079635   0.449460895005   
89.0   52.2619307441   41.4514853422   66.7048352234   0.670549370196   2.45588441202   -0.120767368231   
90.0   49.1015807366   -26.1451265719   55.6285257246   -0.489285064978   1.84841910706   -0.151719015457   
91.0   -16.1437046718   3.1648753399   16.451007156   2.9480038831   -11.1745674051   0.375989415749   
92.0   -26.7738722523   -13.7071753124   30.0786783358   -2.66842218717   2.35266499087   -0.223783524577   
93.0   11.8639802887   -62.9293315306   64.0379168554   -1.38445487254   0.1173406247   0.690362274998   
94.0   39.405838211   -4.68129754377   39.6829262002   -0.118242889665   0.378225628665   0.49328022772   
95.0   -32.1645628575   26.4268776541   41.6285835257   2.4538102694   0.0344428471741   0.466573884794   
96.0   -20.2769135525   66.1492177793   69.1872259599   1.86823580646   0.324734809472   -0.0706790463476   
97.0   49.1674572447   -10.9765753994   50.3778131661   -0.219646992853   0.314988761909   0.21192448613   
98.0   -22.1997200971   3.0782769455   22.4121253197   3.0038083763   4.28347566427   -0.0524189028829   
99.0   41.2390968515   -18.6158110944   45.2461217324   -0.424027282227   0.683200165345   0.199896905297   
