0.0   44.3816887801   11.2434729721   45.7837305541   0.248115816542   -3.14676573024   -0.207644492785   
1.0   63.1836059514   32.3672050609   70.9915771375   0.473417102359   1.30286351174   0.270714297645   
2.0   5.71523766643   44.1588193298   44.5271295525   1.44208719858   0.791985119211   -0.427865170077   
3.0   -36.9065426052   26.4065449772   45.3805961255   2.52054112106   -0.469491014224   -0.0416963077305   
4.0   -30.6728407679   18.0010834074   35.5649007395   2.61088076167   -5.15087325767   -0.152902587501   
5.0   71.3941185353   16.0478236725   73.1754932068   0.221103082795   0.694959015678   0.482365661521   
6.0   -3.89585221277   57.5965547319   57.7281628103   1.6383338215   2.97312436255   0.322259333928   
7.0   44.59792204   10.4820382055   45.8131834217   0.230844397444   0.828660385096   0.508746058803   
8.0   -1.35354849678   51.6612459447   51.6789747004   1.59699079576   0.232650277423   0.807442897207   
9.0   56.3663399973   -27.8873626081   62.8877514141   -0.459440447066   -0.0302131661638   -0.908105090166   
10.0   44.1276175012   -34.725742682   56.1526832052   -0.666726016469   -1.20014354258   -0.753828438373   
11.0   -16.3434442547   17.5875655339   24.0089698137   2.31954470583   6.16206204865   0.358656189518   
12.0   -17.7790358252   40.8540357761   44.5549812486   1.9812614649   2.41404790325   0.0901657719079   
13.0   57.9031023216   -27.838878225   64.2477423673   -0.448156874308   -1.62727911884   -0.216149088344   
14.0   64.241957623   -32.743398601   72.1051958681   -0.471368477218   0.424848434315   -0.307292486177   
15.0   39.0076582618   43.7172847719   58.5900878212   0.842267929611   1.83895163   -0.60873542896   
16.0   -18.7755463707   -31.7207859587   36.8609468592   -2.10523896332   7.11950201472   0.544185644425   
17.0   -34.3256237622   -9.94930871729   35.7384553474   -2.85947288403   5.37771224654   0.357288212481   
18.0   -53.9017645489   13.7810827005   55.6355862905   2.89128435715   3.96557448123   0.102824969352   
19.0   23.3821457464   -0.139808217841   23.3825637183   -0.00597920110782   2.90457200825   0.581226131288   
20.0   -19.9262795535   19.1989831924   27.6705181098   2.37478126905   2.01650875823   0.0195079649509   
21.0   -22.3791683946   -1.4191528432   22.4241203356   -3.07826344056   -6.46109713075   -0.0423267664539   
22.0   4.30504813056   -0.985584627436   4.41642575668   -0.225058522354   12.5538941276   0.186717573465   
23.0   31.112563648   -39.1100470997   49.9758681855   -0.898797155249   -6.10725083001   -0.0146873866096   
24.0   30.4355979626   1.89033141386   30.4942449685   0.0620295464631   0.841497458662   -0.114360555031   
25.0   -32.3399288656   -40.0334660184   51.4640593082   -2.25028883188   -2.36572739577   -0.0388665887552   
26.0   -53.0205481041   -19.7728356838   56.5874858272   -2.78463995431   4.77803672024   -0.220809575718   
27.0   32.8985566569   38.9420161658   50.9783841757   0.869323771915   0.716121820648   0.238163906117   
28.0   17.9272634138   29.2986646297   34.3481953324   1.02168738255   6.77629050921   -0.0821519158439   
29.0   13.2856404957   12.3475936612   18.1375663363   0.748819539576   6.01285170984   0.00374489732878   
30.0   -27.3517669685   11.5020093843   29.6717942865   2.74352134016   1.20200267817   0.144575127293   
31.0   -30.7139784452   8.35667918808   31.8305287261   2.87594256066   3.13261249742   0.116940430299   
32.0   47.8761260482   -27.7731126297   55.3486154346   -0.525661304812   0.0600465347463   -0.115476106907   
33.0   4.82207226479   -15.724556144   16.4473112347   -1.27324186534   0.68968944422   -0.583059868355   
34.0   32.3695735634   -7.4843921057   33.2235672056   -0.227223830409   8.51683331861   -0.183890088256   
35.0   37.414507168   0.508163494023   37.4179579448   0.0135811557839   -1.77443640393   -0.477328049559   
36.0   24.4752255586   21.6886737013   32.7022206137   0.725109172817   1.79085696232   0.133956584088   
37.0   13.1019122389   -74.3287077553   75.4746109688   -1.3963187831   -2.59589974784   -0.442993104698   
38.0   37.3038019857   -29.1158161009   47.3212889703   -0.662740395674   0.220260175356   0.306828773777   
39.0   22.2127893875   -67.3971360382   70.9632437148   -1.25242701478   -1.76472297442   0.424058828319   
40.0   51.2770544272   -3.15744236092   51.3741739884   -0.061498478095   -0.107499700446   0.337363707842   
41.0   56.3887629902   -11.5089016801   57.5512589736   -0.201333977759   0.91923228139   0.377956928353   
42.0   -24.347941194   30.2998464043   38.8703348649   2.24770817721   0.827084628206   -0.08324558259   
43.0   59.6513578065   12.9898334061   61.0493264507   0.214415174838   -1.73862327012   0.259852417151   
44.0   -32.3183934026   52.336726849   61.5110683486   2.12399062175   2.47788158842   0.413736750544   
45.0   30.8957530367   38.3437861426   49.2421921877   0.892555196478   2.82856082487   -0.17452791165   
46.0   -2.17861773728   -24.5306094326   24.6271633442   -1.65937613445   4.68709439764   0.101466535754   
47.0   11.6356290114   33.1518093579   35.1344606646   1.2332485361   7.21395461948   -0.332159066794   
48.0   9.02357486632   -69.9493402411   70.5289664148   -1.44250328255   -0.106691626525   0.155649228493   
49.0   18.6375759763   -31.01926669   36.1877623549   -1.02976036108   -3.50019802242   0.324323119194   
50.0   9.52027089303   -54.9964371049   55.8143677928   -1.39938795153   -2.91154315131   0.0196277817296   
51.0   18.2014699701   -2.10453394869   18.3227337538   -0.115113227923   2.85427522572   0.11501974912   
52.0   -23.4450834227   -32.030938513   39.6944953202   -2.20264577379   -1.92284259237   0.331654472412   
53.0   -20.243919086   53.0307828249   56.7633701165   1.93546204999   1.5235513248   0.280941791344   
54.0   -38.1335579076   17.3125771854   41.879512503   2.71541857146   -3.75957375229   -0.101205764792   
55.0   -21.34155808   37.1596544532   42.8520947022   2.09211993107   4.21011664174   0.167854055599   
56.0   8.4609605888   -25.2396105274   26.620026177   -1.24734380692   4.48608423996   0.812447869028   
57.0   27.4596681187   25.6340679469   37.5651276146   0.751027230915   2.42367892804   0.141145613376   
58.0   70.0026489924   5.28277356548   70.2016991425   0.0753225667109   -0.624033041674   -0.057228999712   
59.0   25.179983459   -27.8731537686   37.5625380932   -0.836118264691   -5.69268233998   -0.00904024866847   
60.0   25.3935431765   38.7772603508   46.3520005541   0.991014579714   3.7751122974   0.322167275911   
61.0   23.6487596241   -6.24146137104   24.4585296329   -0.258039518758   -5.91520730054   -0.265779472357   
62.0   16.3838784074   44.8529737872   47.7516568218   1.22057472324   -0.306024061424   0.141780793854   
63.0   51.1860583665   24.2858331799   56.6552227455   0.443009182415   1.85218464138   0.124379594181   
64.0   20.1448306085   54.0865765181   57.7163058389   1.21425851464   2.47367299819   -0.00964499600365   
65.0   29.1070688026   5.37598734731   29.5993698284   0.182638746157   2.32455442299   0.239156842544   
66.0   42.8187895694   -12.7281913236   44.6705226583   -0.288938521926   8.02503814944   0.0398511108569   
67.0   -40.9211592502   -35.0064043988   53.8515517261   -2.43393745423   -1.21210547638   0.574307041749   
68.0   47.5695193071   -20.8816185443   51.9509495595   -0.41364408116   5.97488684146   0.143799271427   
69.0   -31.4227826451   26.6233315052   41.1848643265   2.43869025464   1.14069578646   -0.228801612258   
70.0   43.0188365111   -52.1507144706   67.6041220235   -0.881059071294   -2.44672174631   0.254537508423   
71.0   34.8090330408   17.9719470982   39.1747324654   0.476603397192   -2.26861140987   -0.184273959715   
72.0   10.1724317981   -49.0430877598   50.0869526494   -1.36627810891   -5.04101269962   -0.191773088236   
73.0   36.9745623122   -35.7038515819   51.3992536517   -0.767915926177   -8.67268660193   0.161221607938   
74.0   26.0377630191   8.45976917068   27.3775966341   0.314144922526   -0.852061175592   -0.487459330346   
75.0   11.2670955186   -66.2622213551   67.2133128207   -1.40236923835   -0.97546556059   0.204316005614   
76.0   56.6505155496   33.6462263201   65.8889175629   0.535941513021   0.337976640671   0.762349867483   
77.0   -5.35270495972   31.930026993   32.3755783602   1.73689051784   3.82644529526   0.563283100625   
78.0   -2.2980821514   -21.2237781401   21.3478322111   -1.67865477125   -3.43184840612   -0.173414514152   
79.0   27.1670099329   53.1435200381   59.6848402087   1.09822828226   0.442573812669   0.430766279385   
80.0   39.3176606293   3.39504754528   39.4639681887   0.0861355180333   0.506306499291   -0.181830541247   
81.0   25.9729438932   44.3029101104   51.3550548508   1.04054237984   0.442517896485   -0.44186831718   
82.0   21.667402015   33.997077218   40.3147314198   1.00337864984   1.03022068418   -0.344419323232   
83.0   48.6372688137   -24.0886402174   54.2756529687   -0.459857446412   -0.126768604882   -0.442827451659   
84.0   26.9961411797   22.8796407573   35.387421491   0.703049756347   3.93099356718   -0.273276738757   
85.0   27.6581780585   5.48113942117   28.196058286   0.195639441545   -7.87629176714   0.392294399565   
86.0   -2.90770518673   -18.1853143146   18.4163081581   -1.72934729694   -0.995330037577   -0.21276940883   
87.0   21.1003167086   -44.2951003721   49.0640324696   -1.1262407279   -5.70422536553   1.17162524798   
88.0   24.1483073191   19.5180440606   31.0498758505   0.679755599691   0.596110363901   -1.05747136345   
89.0   54.8494387718   40.0355121224   67.9065767395   0.630523303914   3.00874602082   0.0940807022119   
90.0   50.418960502   -28.7950655777   58.0622715688   -0.518910310145   1.81928219805   0.454801773937   
91.0   -17.4008958544   0.497246366882   17.4079990374   3.11302452182   -11.1914961661   0.0983217456264   
92.0   -24.4339128757   -15.564332225   28.970062755   -2.57441267144   3.03625743024   0.474418687056   
93.0   9.06023175756   -62.2625595376   62.9183130708   -1.42629404637   -0.537644933642   0.0842453496876   
94.0   36.581339757   -4.5035913149   36.8575196283   -0.122495325737   -0.0478679526958   -0.44552823694   
95.0   -34.9808352185   27.2285020127   44.3288862306   2.48017223627   -0.77321985793   -0.130315403595   
96.0   -22.8900164886   64.7751577318   68.7006107253   1.91047596346   0.453937776937   0.0289252057428   
97.0   46.2609747333   -11.6658494305   47.7092216056   -0.247024430714   0.616413620895   -0.253094648836   
98.0   -21.5301778247   5.9111347673   22.3268912167   2.87364379639   5.10439849098   0.210579046724   
99.0   38.8582955624   -20.4059980392   43.8904532899   -0.483555791394   0.78885291011   0.222510448829   
