0.0   22.0340921208   -10.3132444447   24.3282598343   -0.437769491449   0.0858300822968   0.583603181288   
1.0   22.0582362713   -2.07982134856   22.1560701444   -0.0940098140076   -0.563500305649   0.72746671824   
2.0   -6.07491359211   18.265436116   19.2491748306   1.89187833319   1.28653754116   -0.123967740806   
3.0   -9.90345497087   10.7959978913   14.6503239155   2.31310202849   2.63051316991   -0.362216521963   
4.0   -1.34225214699   -17.1835599734   17.2359036371   -1.64875061271   -3.74587527087   -0.392517571567   
5.0   18.3476308883   12.9389894695   22.451124865   0.614216120429   1.38716376458   0.0359734944036   
6.0   4.32342359474   19.0612421432   19.5454072257   1.34775262137   0.973795413051   0.125902953966   
7.0   22.6679346759   -8.48742887666   24.2047869523   -0.358265979282   0.258922683524   -0.451085662852   
8.0   7.22386506704   15.2404199232   16.8657826958   1.12816925181   2.12041698338   0.128821989313   
9.0   10.8275568322   -13.954306806   17.6623516382   -0.910905874881   -1.41882044686   -0.173232112714   
10.0   18.7882900879   9.74831480309   21.1667070166   0.478614079176   0.107652724181   -0.504349968095   
11.0   -4.3835558552   15.3520647674   15.965633547   1.84893046666   1.52206013922   -0.219791196532   
12.0   -4.41156912683   13.3527073135   14.0626005689   1.88989339624   2.10030049745   -0.211056960155   
13.0   21.9295418275   -6.23326113831   22.7982093415   -0.276936454646   -0.865474386445   -0.58518876799   
14.0   10.8842524227   -13.8134222892   17.5862897207   -0.90344775948   -0.0769776809011   0.00279200054564   
15.0   11.2635959743   17.5274058148   20.8345518039   0.999621234016   0.0105394339434   -0.207683726306   
16.0   -7.98816990623   5.78753241954   9.86440013169   2.51460379163   3.89977263443   0.0473669680525   
17.0   16.5050301781   11.222616676   19.9590367062   0.597143353838   1.98793791658   0.064900687178   
18.0   -9.4256200063   18.6810537373   20.9242462526   2.03808133248   2.54543149937   0.1510824379   
19.0   16.1440552141   18.663672401   24.677179463   0.857658846552   0.580360693935   -0.203684317921   
20.0   17.4872360757   7.43900748209   19.0037432598   0.402206364039   2.14305841535   -0.00444701191576   
21.0   11.4581165253   -13.6168986017   17.7963019146   -0.871279349588   -2.17315815626   -0.0807482656674   
22.0   -10.9695440262   1.11298645633   11.0258620976   3.04047717589   4.80291121354   0.442265928696   
23.0   9.80281512804   -13.583873467   16.7516209008   -0.945686832039   -0.936856636623   0.700140134916   
24.0   22.3183033151   -10.0209440057   24.4647906516   -0.422022976866   -0.338310628833   0.534743349677   
25.0   16.3174812637   -10.5130587545   19.4109401928   -0.57234499793   -2.33165264169   -0.581857940359   
26.0   -14.8646894533   5.28281199919   15.775522025   2.8001211583   3.0182801575   0.16223102169   
27.0   16.3039653338   10.3835513677   19.3297031692   0.567091508739   -0.216458600513   0.567423061809   
28.0   16.4896461949   17.4521441227   24.0101179945   0.813747877711   0.846516088632   0.486494330694   
29.0   8.02994882299   13.3226891942   15.5555175248   1.02837385304   2.9225587714   0.425826881531   
30.0   7.02763258547   11.9398974785   13.8545577899   1.03881323674   3.46361578789   0.111461908345   
31.0   15.6097782477   18.8458335623   24.4710159086   0.879043007753   1.28660445386   0.275107657329   
32.0   2.15250342022   -8.26338573911   8.53913431487   -1.31597228829   -2.83843318738   0.0553712016093   
33.0   5.21650463299   -14.0039531605   14.9439828931   -1.21421722508   -2.38579593718   -0.599421778718   
34.0   0.937627886287   -4.46847273571   4.56578521647   -1.36396518893   4.86546849143   0.604571953759   
35.0   19.2569498226   14.9223780386   24.3620090058   0.659253028373   1.05375520917   0.0863721389919   
36.0   24.7487484894   -4.91434425768   25.2319506038   -0.19601960989   -0.137959810314   0.122676004832   
37.0   15.6596446817   -17.9759969025   23.8403216462   -0.854155609641   -0.0555947599295   0.229923140888   
38.0   18.4728835849   -11.1085817561   21.5556956875   -0.54140810576   -1.11589332159   0.0318603215319   
39.0   17.0998178248   -14.1335218112   22.1846840957   -0.69071006291   -1.1518781174   0.0773974606785   
40.0   22.9283590069   7.13158269111   24.0118537067   0.301552058134   0.216619976924   0.0630893944693   
41.0   14.4899723086   -12.7009849988   19.2684798945   -0.719699387297   -2.0852028919   -0.393716801686   
42.0   3.77351915387   15.7950327481   16.2395352864   1.33628655555   2.81620862101   0.0653201274779   
43.0   23.8429531437   1.92124474184   23.9202340283   0.0804054196689   0.382002309133   -0.31947631918   
44.0   11.299580479   11.3618786221   16.0241319523   0.788147235551   1.74421316947   0.114853559157   
45.0   24.1445655077   1.03657181702   24.1668062575   0.0429055419777   0.385558417813   -0.327536425395   
46.0   18.782295725   -9.00174829611   20.8280125093   -0.446924659832   -0.889091740899   0.0491637143631   
47.0   18.765097041   8.6386473631   20.6580515834   0.431433510099   1.59232797819   -0.0604036986733   
48.0   0.930510730796   -21.0714560972   21.0919916622   -1.52666522476   -1.98265755663   0.350227035432   
49.0   14.4244140521   -4.9907555627   15.2633994193   -0.333101232618   -2.5898841263   -0.520144952282   
50.0   18.2840241006   -14.9812978067   23.6377837642   -0.68643811253   -0.737237745423   -0.479544190895   
51.0   22.0825585666   -11.4810214887   24.8888177154   -0.47945124269   -0.758740473845   -0.377841032205   
52.0   16.1259128444   -8.47377780153   18.2167498554   -0.483819963407   -2.17257681925   -0.747946620446   
53.0   16.4473414545   17.0004095092   23.6543645951   0.801931940445   1.47470238564   -0.0643945517814   
54.0   3.60681553531   -18.2904370686   18.6426716558   -1.37609760542   -2.96367216205   -0.440867756422   
55.0   15.8363565985   11.4939699919   19.5678700039   0.627829984814   1.66299255684   -0.213387900079   
56.0   18.1629559713   -10.838753177   21.1511593074   -0.538026741177   -1.6220083228   0.128394114595   
57.0   21.2803478949   4.55050503609   21.7614407292   0.210663348226   0.358328793555   0.226665900703   
58.0   23.6062608721   7.77239188662   24.8528796722   0.318072229059   0.61841558001   0.545549993812   
59.0   15.3661429397   -13.3447671334   20.3519325542   -0.71510969618   -0.992002311168   0.631643432761   
60.0   12.9075199849   14.9101083322   19.7209381785   0.857264087415   1.68797052413   -0.389542387899   
61.0   24.3883860854   -0.624615529888   24.3963833469   -0.0256055900047   0.382308674653   -0.0804830177676   
62.0   20.949812578   8.01432301611   22.4304262211   0.365372206036   1.23221679285   0.524218048556   
63.0   21.2160361141   -4.6296370919   21.7152878866   -0.214846164086   0.312088677589   -0.191128832403   
64.0   5.0418969493   20.8999367572   21.4994902568   1.33407938203   2.47720581074   0.0159936792598   
65.0   -0.708931568394   -10.2639893465   10.2884430928   -1.63975659254   -2.1099740723   -0.216232729875   
66.0   21.1151559836   -3.31133669396   21.3732253746   -0.155555786926   -0.618969482513   -0.138735967026   
67.0   3.67055893812   -20.1134891061   20.4456706161   -1.39029025946   -1.97448006202   0.54364421719   
68.0   18.9650399309   -0.26242101918   18.966855416   -0.0138362098841   2.53460895107   0.375314226641   
69.0   9.36913219469   13.5370827009   16.4630873816   0.965386220252   2.05702556804   0.0284333940638   
70.0   4.14935039226   -21.088308036   21.4926462889   -1.37651740344   -0.734903863011   0.181386063623   
71.0   -11.0246901956   18.6543488225   21.6686068749   2.10457070682   1.55511593061   -0.432058424415   
72.0   20.9267095593   -9.90196238013   23.1511561689   -0.441956942706   -1.50846223937   -0.322913008855   
73.0   -1.61883358722   -2.65062181333   3.10586834563   -2.11907350974   -6.6202501346   0.338461107907   
74.0   22.7463724637   -8.25619552419   24.1983930209   -0.348180189805   -0.0847163243535   -0.122781436251   
75.0   2.05799033553   -18.16886739   18.2850503542   -1.45800690492   -1.5909499978   0.138896037181   
76.0   20.2562799408   13.3775151448   24.2749827701   0.583660793034   0.878381549578   0.256550777039   
77.0   10.3613140595   20.3068415241   22.7974700729   1.09899222151   1.49448579062   0.340539075584   
78.0   9.67915078315   20.0525445489   22.2663536029   1.12109284927   0.264348791824   -0.958608087354   
79.0   5.98660099275   18.1344669151   19.0970752143   1.25193803014   2.56650427628   0.087697971992   
80.0   9.00977181444   -1.79589556765   9.1870141525   -0.196748871182   -2.53158784534   0.0961461128648   
81.0   11.9122336997   3.64297096339   12.4568274114   0.296785478177   1.97931973959   -0.0159990962631   
82.0   20.5063778903   -6.93616471978   21.6476769007   -0.326163862273   0.834338996845   0.339979756592   
83.0   23.8203057193   1.68363870662   23.8797320725   0.0705634682192   -0.575132167082   -0.422575880883   
84.0   22.5845311901   2.57017185861   22.7303064753   0.11331481102   -0.319728704728   -0.0330378673237   
85.0   2.2036278559   0.493951900047   2.25831003338   0.220509019123   -5.13962955561   0.185385316925   
86.0   -4.17104012812   18.9099055355   19.3644546298   1.7878944008   1.19256632826   0.367481244392   
87.0   -0.625877177932   -2.66091649835   2.73353230327   -1.80180835888   -5.78185390508   0.174198079967   
88.0   5.26218057223   -22.4608636641   23.0690472476   -1.34066470831   -0.377659071351   0.439820959862   
89.0   23.4821485408   0.371779078062   23.4850914364   0.0158310905004   0.815923803068   0.112156774545   
90.0   23.2171972079   6.88969450943   24.2178887731   0.28847213565   0.0845688005485   0.00261669119747   
91.0   -8.0835717579   -17.7991130825   19.548722692   -1.99710090097   -3.7303134738   -0.221409376995   
92.0   3.85411819438   2.55540698271   4.62431961521   0.585482665506   5.40780660591   0.294781513527   
93.0   7.07913609228   -12.737146687   14.5722020827   -1.06352124842   -2.97677854648   -0.378679671112   
94.0   1.75309910404   22.0064558846   22.0761739681   1.49130126074   0.54038621071   -0.298235781421   
95.0   -10.9104595708   13.8954704528   17.6669812688   2.23643575828   3.03355680357   -0.0160127519995   
96.0   -8.76242968204   18.9259120906   20.8559421363   2.00439666605   2.36187688057   0.122187135254   
97.0   19.2479889996   0.610045898003   19.2576539725   0.0316834010706   0.169252435817   -0.468934906836   
98.0   3.38425460435   18.979479994   19.2788443656   1.39433963061   1.98917387469   -0.833510489566   
99.0   1.18503046195   -20.4487244603   20.4830327161   -1.5129097556   -1.3175496588   0.418743669455   
