0.0   49.0949535046   17.6312829852   52.1648981531   0.344781797146   1.16736315148   0.0917389827935   
1.0   52.9909615675   19.704721275   56.5359889661   0.356006704611   0.936115424312   0.0285939949894   
2.0   0.372032723202   32.7478675314   32.7499807054   1.55943629796   2.36823121082   0.159784261122   
3.0   -48.4295884207   18.5899992197   51.8749757165   2.77508031356   2.43717096993   0.0221857439365   
4.0   -33.5685298448   2.27107070786   33.6452665036   3.07404083703   -4.30966187591   0.41864083962   
5.0   56.2837795616   10.9676022203   57.3424113567   0.192450883276   0.187984404963   -0.35773353597   
6.0   8.73796579551   50.3748467981   51.127069505   1.39904635143   3.9753959447   0.534960488416   
7.0   51.1661842833   1.13284702688   51.1787236701   0.0221369247799   2.53027625011   0.411456314161   
8.0   -17.202730748   51.9593672899   54.7330776985   1.89051791843   1.42979367123   -0.29196358681   
9.0   42.8808804509   -34.230940396   54.868271238   -0.673691155369   0.307335585618   -0.116915862308   
10.0   32.5042737941   -24.4114765777   40.650313696   -0.644155888183   -1.48953673463   0.28805659497   
11.0   -25.7040080048   28.7910875483   38.5956312258   2.29960621146   4.70807150657   0.390420732498   
12.0   -6.18302461515   32.0979755792   32.6880686134   1.76109515629   0.323971524857   -0.422219321678   
13.0   61.5864498131   -12.2150950854   62.7861397804   -0.195799501155   -2.26387984688   -0.0583570133873   
14.0   52.9606995805   -24.0050718086   58.1470478407   -0.42556328146   0.138152172917   -0.111112013362   
15.0   30.0800161135   45.6880887901   54.7010861563   0.98855425418   -0.407387123241   -0.454879267881   
16.0   -32.2539205654   -26.0635522546   41.4683511605   -2.46194793808   5.51197022088   -0.112258635133   
17.0   -28.0504952853   3.35105908437   28.2499536767   3.022690932   4.40869657994   0.213837485545   
18.0   -50.2165673353   28.0977730868   57.5429273445   2.63146072514   3.24522707779   -0.216104626158   
19.0   25.8023542894   -13.9171621937   29.3163587507   -0.494649761934   0.600401398848   0.0970904073247   
20.0   -5.57177275823   15.6449790426   16.6075290429   1.91292886694   4.06899293781   -0.00957839177981   
21.0   -33.4083067532   -4.97579112473   33.7768183438   -2.99374077398   -3.95841913448   -0.696973875185   
22.0   6.67356027743   9.3333354666   11.4737769592   0.950058046048   8.65222740205   0.0911448449962   
23.0   16.8968745996   -32.4166937902   36.5560721019   -1.0903015294   -7.15646432477   0.0137849136645   
24.0   35.2148095268   -3.69709047497   35.4083505404   -0.104603610269   3.69629712103   0.179568798652   
25.0   -19.6051992993   -32.5506016299   37.998756638   -2.112904655   -3.67732039456   -0.19478309446   
26.0   -58.4095363129   -5.84649157058   58.7014088074   -3.04183012847   4.11220316058   0.0932643112845   
27.0   19.8916158288   31.6175535098   37.3543313449   1.00923117591   1.41802366709   0.105258341233   
28.0   16.1910354423   37.0996707866   40.478824108   1.15929280166   3.40638299397   -0.186754794321   
29.0   -0.400904052128   10.7137387229   10.721236938   1.60819849802   8.42839371803   0.542967469069   
30.0   -26.9400581474   -4.05574383804   27.2436376254   -2.99216782541   2.14924793785   -0.373799560861   
31.0   -19.4845155584   17.740550421   26.3509672647   2.40300947509   3.06515356689   -0.0394736995499   
32.0   31.9868496797   -30.8096381726   44.4116241175   -0.766653904378   -0.190066492026   -0.177607386409   
33.0   9.48205641454   -29.7792526006   31.2524123757   -1.26253499529   1.17192591687   -0.50464311229   
34.0   30.8961174857   -15.0129873583   34.3505438838   -0.452318880071   6.49642899382   -0.302436287326   
35.0   32.2538860374   15.1189787602   35.6215760918   0.438335789163   -2.3252631554   -0.0751269689501   
36.0   34.0077823117   9.27732417265   35.2505035647   0.266319771902   2.07160862401   -0.321487871525   
37.0   14.1023689084   -59.7468472823   61.388619214   -1.33900341348   -1.160071571   0.35440381863   
38.0   21.2148477738   -31.1011944933   37.6477630806   -0.972169209635   0.0549254258975   -0.201165619873   
39.0   31.8045727258   -54.133732084   62.7852832725   -1.03960490447   -2.21196512782   -0.0473733237205   
40.0   50.3433809181   11.1796158995   51.5697567759   0.218521256759   -1.694632578   0.0717420059598   
41.0   43.6912414205   -21.6989345498   48.7828693033   -0.460958135207   0.479979451445   0.0745637060362   
42.0   -28.5237144349   14.8416376871   32.1539499035   2.66181657821   1.63906789715   -1.02807541193   
43.0   57.345363735   25.9430150136   62.9406924802   0.424847575912   -0.383190242403   -0.0997949374858   
44.0   -20.6202732126   40.8954746203   45.799951002   2.03781339561   2.00398626773   0.680721550287   
45.0   43.8072871431   31.4385980689   53.9209036958   0.622478142718   1.92768856227   -0.951863357015   
46.0   3.00698408491   -8.72289875449   9.22664164082   -1.23883030771   4.22118837381   0.136329130381   
47.0   -1.2422351738   27.9919782833   28.0195288404   1.61514548373   5.45114346309   0.169859848692   
48.0   -2.10432486203   -60.9628207305   60.9991286376   -1.60530079466   -1.63545096374   -0.29738129584   
49.0   30.5279792869   -25.5715647549   39.8228884356   -0.697276620779   -1.48913063698   0.303852880641   
50.0   4.05704920909   -46.2936527204   46.4710870379   -1.48338239132   -0.131086336885   0.0470545340846   
51.0   23.3722309885   7.51464812637   24.5505828412   0.311081471913   5.33512078996   0.538986976772   
52.0   -9.87022403101   -29.2822105267   30.9009575216   -1.89590822891   -3.2298014786   0.374033850401   
53.0   -11.4673085545   43.1865274469   44.6830540407   1.83033699723   2.90505272739   -0.480035608454   
54.0   -24.7951400248   9.95497983855   26.7189182497   2.75980318098   -4.4639039476   -0.243332288688   
55.0   -6.03945118664   38.9185204528   39.3843395891   1.72475028546   3.02561398127   0.089324907446   
56.0   22.083105691   -27.7701072276   35.4801692836   -0.898982094218   2.01416305758   0.154372986768   
57.0   37.2210605485   14.8539590491   40.0755218031   0.379707881941   3.07215349024   -0.8453137843   
58.0   57.2853780425   12.4989494805   58.6330817508   0.214820758359   -1.32303445697   -0.501882117177   
59.0   13.6848777201   -39.3223083652   41.635559482   -1.23588814912   -5.51060667072   -0.288610005425   
60.0   28.8221287837   32.6662091562   43.5637042532   0.847834133209   0.109337328962   0.531685181727   
61.0   13.579523113   -14.8254340088   20.1046497489   -0.829232512559   -4.32121875986   -0.208356432527   
62.0   3.464618128   41.1704586674   41.3159805119   1.48684112397   1.96250666233   -0.795455990082   
63.0   56.3227597039   9.98988011709   57.2018440735   0.175542802031   2.58144397294   0.447934341574   
64.0   11.7414085365   45.3983021117   46.8920729873   1.31771100525   0.172515171988   -0.0553349843425   
65.0   28.363051577   -8.32706274933   29.560153396   -0.285564256488   0.325119750236   0.237771893531   
66.0   34.923892529   -23.2997042486   41.9827879904   -0.588341688687   6.72069563497   0.604294276066   
67.0   -29.2013501904   -28.2287452434   40.6150330661   -2.373128329   -1.96135466901   -0.035495647608   
68.0   33.6679451095   -13.1001268954   36.1267747325   -0.371072833904   5.33865056687   -0.201719130511   
69.0   -26.2839217356   12.3520769074   29.0416656845   2.70227434449   2.19193969965   -0.800252771902   
70.0   46.0076591329   -38.3902515227   59.9209154709   -0.695386171998   -0.476543602967   -0.0555984817295   
71.0   25.886970282   28.0435716046   38.1651298796   0.825365366079   -0.518060035335   0.0246365204655   
72.0   19.2635445694   -50.5337749509   54.0809260291   -1.20659994865   -2.80764854189   -0.325745233385   
73.0   36.941933823   -25.7167613214   45.0117572135   -0.60813072379   -6.6877351802   -0.2123436598   
74.0   18.6861222685   21.4028948594   28.4122345794   0.853063205318   0.0484610200652   0.0988204868786   
75.0   -3.34291726233   -61.5072715604   61.5980482696   -1.62509285844   -1.04194653526   0.232751482699   
76.0   45.4717805589   45.0388049582   64.0013810731   0.780614498641   0.169631635619   -0.582870133348   
77.0   11.1446543061   33.137613706   34.9614753941   1.24636528021   4.00543833086   -0.516779915052   
78.0   13.3856218409   -23.73750103   27.2514922016   -1.05734256255   -2.84342716151   -0.289983025625   
79.0   11.060479384   53.5373140303   54.6678900067   1.36706864862   0.077498032521   0.354846356754   
80.0   29.520644023   -9.74217374133   31.0866269116   -0.318758594712   1.33464960465   -0.231396142551   
81.0   31.5955806432   34.9363821038   47.1044744232   0.835569505676   2.53790638228   0.0548895162847   
82.0   26.4957880612   22.0855215709   34.4934348542   0.694865183483   1.46331071889   0.0195222616034   
83.0   35.2705631581   -16.0257977659   38.740661062   -0.426480004128   -2.01968262489   -0.313142004599   
84.0   40.6094379624   30.8073193765   50.9727120996   0.648998052615   2.8997770349   0.312714867929   
85.0   36.9175512632   18.0771027759   41.1058053812   0.455342638418   -7.62340113427   -0.00575045428602   
86.0   -15.4431054385   -13.4989802459   20.5112645457   -2.42326667731   -1.56271907621   0.343764485162   
87.0   12.5590642559   -35.9621062479   38.0920356606   -1.23480719744   -6.76607129951   0.927030595493   
88.0   24.8631839092   4.94287697261   25.3497524025   0.196244388831   1.04574967332   -0.311235246467   
89.0   50.8017790864   30.5538758382   59.2820384863   0.541472647048   0.358869858227   -0.441574518078   
90.0   41.7656398689   -27.6125194886   50.0681526138   -0.584159758817   -1.70970230414   0.0393880216722   
91.0   -12.917556096   -13.500460185   18.6849051563   -2.3341334272   -9.96850129321   0.195246565498   
92.0   -8.48825670477   -16.50944757   18.5637377959   -2.04569612022   3.69941424933   -0.287531653322   
93.0   -3.47036251324   -54.2480884042   54.3589782049   -1.63468134355   -1.48130208166   -0.0689457448913   
94.0   21.6379202651   -4.71136342389   22.1448987062   -0.214390207484   0.724461650964   0.203887444368   
95.0   -43.3973632766   37.2650393008   57.2015235239   2.43207309263   0.660158526884   -0.946233178841   
96.0   -22.680306896   53.6050841844   58.2056816069   1.97105649026   3.66454023505   -0.219705229311   
97.0   38.7295478268   -25.9581067413   46.6240407994   -0.590472631679   0.40805294996   -0.0792469486637   
98.0   -23.9963347356   21.6413064112   32.3136228845   2.40775152163   5.89604332481   -0.147752032912   
99.0   23.4667403836   -26.0657961812   35.0729758473   -0.837821774274   0.993707927659   -0.791254136358   
