0.0   16.8920944483   -7.85413256853   18.6287480324   -0.435224021137   -0.532345888659   -0.424572155835   
1.0   18.9153243336   2.82557622749   19.1252026306   0.148283798188   -0.363092178695   -0.186733289618   
2.0   -7.1995539885   12.461954765   14.3921469628   2.09467437049   2.06953452849   0.158161639791   
3.0   -4.08853003098   9.73709124042   10.5606355698   1.96833279877   3.00737721105   0.301808601181   
4.0   3.75777776193   -15.8281353137   16.2680902756   -1.33770051682   -1.96367537831   -0.282063481565   
5.0   15.9844344027   7.54864630346   17.677222751   0.441202047667   0.73955604831   -0.491613027879   
6.0   3.30178585894   13.8142738143   14.2033781501   1.33618515387   2.4974616196   0.0268361518513   
7.0   17.0081553288   -8.72634247892   19.1161293349   -0.474047375282   0.0655106942882   0.321875763212   
8.0   8.29637569704   9.63609855731   12.7155119878   0.859968945389   1.94812078679   0.430894564976   
9.0   12.6443985749   -8.80315039122   15.4070202223   -0.608177470901   -2.57818088834   -0.536414220068   
10.0   15.5516713357   5.53095906789   16.5059380086   0.341699741506   1.31425324013   0.674323641448   
11.0   -3.35816116959   9.6906068742   10.2559791357   1.90438341904   2.80451378781   0.937097116521   
12.0   -1.60784637519   8.15290353148   8.30993417302   1.76550920926   2.84776237487   0.132521898669   
13.0   17.2805552993   -2.92948454278   17.5271067532   -0.167928373181   -0.0124500196834   0.268471988526   
14.0   5.16171084198   -15.0177746769   15.8800760408   -1.23973891129   -0.099459871516   -0.380707322199   
15.0   6.71660784341   15.2487221467   16.6624232341   1.15589557796   1.78798857255   0.0601356979618   
16.0   -3.66295041072   9.8503132263   10.5093233068   1.92681243609   4.17138482253   0.362707895628   
17.0   17.5893023756   5.46168846362   18.4177522769   0.301072661417   1.1110053504   0.863831178962   
18.0   -4.37599218765   15.562962361   16.166480912   1.84489881452   2.31345830463   0.401677492424   
19.0   11.7323126614   14.6615405012   18.7778574458   0.895927293318   0.219059317561   -0.0926820537978   
20.0   17.9873935407   2.12979424161   18.1130436399   0.117856103094   1.01365878483   0.151628475011   
21.0   14.6093499933   -8.52096184531   16.9127140932   -0.528015255914   -1.63705658985   0.0989137274597   
22.0   -9.70866632209   6.63905981331   11.7616035029   2.54180290146   3.93152083425   0.00322677683208   
23.0   9.2431697497   -7.83540530942   12.1173331796   -0.703155410444   -1.55075834746   0.39788208797   
24.0   18.0080936063   -6.00297262969   18.98228426   -0.321764286205   -0.779887312956   0.0678083109838   
25.0   17.1217855866   -5.11026498387   17.8681378402   -0.29004854657   -0.820053367236   -0.111790800004   
26.0   -9.32547211311   6.32529988   11.2682673337   2.54559171506   3.60343795639   0.498106617257   
27.0   10.822067236   12.0620070379   16.205219932   0.839528756251   0.517242855743   0.469354279071   
28.0   12.9576970271   13.0616585671   18.3986096423   0.789393688434   1.11506068719   -0.188508896462   
29.0   12.5501512662   9.70731007323   15.8662587166   0.658360690971   2.1768558564   0.356260517265   
30.0   11.6366123133   9.85370195952   15.2481536075   0.702624287161   2.12544664531   -0.479272228674   
31.0   12.1994589106   14.1940062046   18.7162124867   0.86082454002   1.03712462917   -0.275488829978   
32.0   7.84697844033   -7.98375451345   11.1944364206   -0.794037856222   -2.90689776223   -0.22003743191   
33.0   9.09126677   -10.0106069612   13.522698814   -0.833489327491   -2.34243213907   -0.44748149803   
34.0   1.57347315562   0.96688174059   1.84680212035   0.551005018659   5.17391380416   -0.06242151491   
35.0   15.8416504462   10.0218496021   18.7455423583   0.564064829722   0.849279415892   0.106598293369   
36.0   18.8815903912   -4.50907882036   19.4125281071   -0.234417795587   -0.581441311261   -0.367701441511   
37.0   12.3386826287   -14.1638620447   18.7845169497   -0.854157677901   -0.996005723032   -0.000202551821547   
38.0   15.641109738   -5.82992525944   16.692283917   -0.356779859419   -1.43208745082   -0.167656786965   
39.0   15.9694088795   -8.41374877754   18.0502960766   -0.484909190215   -1.39250467263   -0.634952233985   
40.0   18.0267146255   4.14252475096   18.4965659381   0.225877676239   0.25181700252   -0.47897882156   
41.0   13.3085454294   -7.27540291182   15.1673619649   -0.50028417372   -0.970891357296   0.172275227672   
42.0   7.63877749926   11.8635538613   14.110096807   0.998731112688   1.78439393808   -0.192833738646   
43.0   18.2982312735   0.959790833238   18.3233857728   0.0524046314071   0.506793019557   0.213917198144   
44.0   11.8843690525   5.44543305719   13.0725272597   0.429653141114   1.85419936863   0.271835443453   
45.0   18.670400753   -0.909831569919   18.6925562126   -0.0486927090713   0.200663941119   0.340902355616   
46.0   18.079174083   -3.5453739736   18.4235233367   -0.193645316113   -1.47408213937   -0.847880956351   
47.0   18.3760337009   3.08986539804   18.6339980346   0.166588150156   0.755910325389   0.0185496638625   
48.0   3.38063064706   -15.6874195496   16.0475479652   -1.35854281077   -2.07510794929   -0.0427766330158   
49.0   17.3684271013   -0.142621912977   17.3690126657   -0.00821137726649   -1.23663336589   -0.734441279322   
50.0   12.9529614429   -12.3811400284   17.9184775733   -0.762830781711   -0.78008089654   -0.0445186468897   
51.0   17.4326120253   -7.78024875322   19.0900034753   -0.419776286681   -0.45009265433   0.405762301323   
52.0   15.550683001   -2.92323395249   15.8230540206   -0.185812636445   -1.27062113207   0.19309942439   
53.0   15.459205594   11.1829024313   19.0799461316   0.626246461177   1.73861450138   0.929803715045   
54.0   8.45007581529   -14.9628983742   17.1840655562   -1.05671051146   -2.39634988571   -0.573508811138   
55.0   15.8203676167   5.81551292411   16.8553914846   0.352264249741   1.24423229269   0.0786931768338   
56.0   15.605059774   -6.03329766336   16.7307672043   -0.368922820541   -0.889083712577   -0.0197620859989   
57.0   15.773561768   5.26559494719   16.6292435486   0.322192172856   0.250888619741   -0.0468279644449   
58.0   18.2474156911   5.33497218193   19.0113152513   0.28444092937   0.656589850659   -0.0534491395292   
59.0   13.5921312678   -8.02856812673   15.7861945562   -0.533536629941   -0.757267187136   0.602497902517   
60.0   15.5323113426   9.67479279512   18.2990248721   0.557074606978   1.2461086586   0.132674554468   
61.0   18.5835611902   -1.77762106506   18.6683872673   -0.0953654082936   -0.138946159043   0.0914730643742   
62.0   16.6994963764   4.64989594359   17.3347832843   0.27156643044   0.640022914952   0.10263074487   
63.0   15.6350736888   -6.19139941053   16.816330037   -0.37704838888   0.137412085437   -0.502386126104   
64.0   8.81335462805   16.4303294737   18.6448638079   1.07844854769   1.6461942961   0.0184173217056   
65.0   2.84709037023   -5.76401104302   6.42882157789   -1.11200640176   -2.86333066722   0.0401445889434   
66.0   16.7819938806   0.503755065394   16.7895529356   0.030008582228   -0.39509432162   0.29030975696   
67.0   6.63554582185   -15.8146571317   17.1503308582   -1.17352369062   -1.37360873998   0.0750251983645   
68.0   18.440702451   -5.03730770502   19.1163274664   -0.266657066305   0.179616169853   0.380365278611   
69.0   12.2713108167   8.42595147699   14.8856215004   0.601701948711   1.4594795335   -0.234886837715   
70.0   3.42951738539   -15.7831091009   16.1514123961   -1.35683203877   -1.30047655099   0.419701633353   
71.0   -8.20998570232   13.6769038107   15.9518513997   2.11142243017   2.40317815214   -0.0507474744969   
72.0   17.7691455   -5.15535211633   18.5018968552   -0.282376810361   -0.107232065669   -0.0214718232636   
73.0   -7.02989409231   -1.32069450187   7.15287668818   -2.95588890135   -6.19694432781   -0.177591456037   
74.0   16.9415627843   -7.79363925136   18.6482536007   -0.431164091708   -0.0730347754161   0.455844463849   
75.0   1.18946995681   -12.3478938253   12.4050522248   -1.47476285556   -1.25967457045   0.0931215239367   
76.0   15.4371673105   10.0789734168   18.4361557736   0.578413313361   0.785569119466   -0.0356427867574   
77.0   7.1254763321   15.522024807   17.0793930533   1.14043712202   1.09760537078   -0.135951959036   
78.0   8.27770015275   14.8994993405   17.0445123255   1.06368753843   1.58585690884   -0.0802482573164   
79.0   10.3914778814   14.1317696722   17.5410868143   0.936751984985   2.04474520227   0.0189722642669   
80.0   14.4704098059   -1.62823677426   14.5617277459   -0.112050504667   -2.64681136182   -1.15068602927   
81.0   14.3296513316   -1.7906470633   14.4410984413   -0.124316560229   1.6553251862   0.445532975199   
82.0   15.4120046952   -9.9926937375   18.3680106941   -0.575229056789   -0.232765402023   -0.257453634358   
83.0   18.1768600766   1.32504740067   18.2250923965   0.0727687692267   0.225115864568   0.0256402099699   
84.0   16.6865407282   3.33535782488   17.0166169756   0.197283172831   0.713680233921   0.516295089664   
85.0   0.869245085855   -4.84925845051   4.92654996312   -1.39342684748   -3.89377455552   -0.100703569586   
86.0   -6.93814419979   13.8440396226   15.4853246013   2.03537527524   1.290869463   -0.485173389695   
87.0   -4.08597548576   -6.61514531531   7.77530341614   -2.12410711352   -4.73141093805   -0.494048634763   
88.0   3.73424392368   -17.3740590673   17.770833018   -1.35908501691   -1.93221511462   0.263955688663   
89.0   18.2959024934   -0.148064046742   18.2965016058   -0.00809256687724   -0.395351542534   -0.0468303992018   
90.0   17.3022758242   6.49861475236   18.4824441673   0.359290513428   -0.167154438184   -0.157224548299   
91.0   -2.61866080773   -17.5224324487   17.7170263686   -1.71914460914   -2.51778161905   -0.250550907114   
92.0   3.56067334463   7.62155782444   8.41228496536   1.13374405954   3.48757183953   -0.0648252332406   
93.0   12.0881151612   -9.68016871004   15.4863873904   -0.675228863678   -1.89718895471   -0.291091522961   
94.0   -0.679547133763   17.2493115125   17.2626919095   1.61017157402   1.5992896837   -0.285453760505   
95.0   -5.00193551476   13.9659573422   14.8346662712   1.91471496493   3.07328676631   0.172480735783   
96.0   -4.13467429623   15.2892924784   15.838497278   1.83490834808   2.0381195142   -0.488831242868   
97.0   14.5939540501   -2.73523151756   14.8480633845   -0.185272827132   -0.569708717873   -0.466379901263   
98.0   7.49750112193   15.0506267565   16.8146926477   1.10862814105   2.48813582514   0.500671722838   
99.0   2.5153870988   -14.7675668961   14.980260488   -1.40208365123   -2.03217218426   -0.280904468893   
