0.0   32.086393029   8.47417688638   33.1865679382   0.258209274184   0.387801383723   0.140456355595   
1.0   40.1291462059   7.71877747552   40.8647513259   0.190027553382   0.470836930295   0.224213348728   
2.0   16.1835236144   21.0255970726   26.5326623021   0.914802341626   1.67920022157   0.343095928703   
3.0   -32.7154617415   8.15410500322   33.7163293578   2.897326439   2.42031844615   0.0163196341184   
4.0   -24.4066833895   -2.77276600827   24.5636810233   -3.02847082608   -3.4748126531   0.258842302268   
5.0   40.7884554165   1.51825953333   40.8167025527   0.0372055989761   0.0791309201869   0.416797028319   
6.0   18.0494245117   37.7751378672   41.8657708169   1.12505592966   1.87981409649   -0.129684358391   
7.0   47.1840817984   -15.5955660421   49.6946602296   -0.319221834325   0.763309058431   0.676368856056   
8.0   -11.5654782651   33.4157049316   35.3605659397   1.9040006345   1.90909859399   -0.291440160643   
9.0   24.5107419766   -33.9963414861   41.910949723   -0.94612700217   -1.49799742433   0.220502574885   
10.0   25.3702181456   -9.15701598394   26.9721877216   -0.346383628796   -1.04955835271   0.360826557557   
11.0   -16.8017273144   38.5335713685   42.0372949077   1.98197083155   1.76952231717   -0.0967836584595   
12.0   -23.3875985676   28.7366139342   37.0509479928   2.25393191237   1.10315972879   -0.762179670538   
13.0   46.7293071273   -11.8586661862   48.2105393904   -0.24852715505   0.116979416796   0.094023871188   
14.0   33.2827423165   -24.2610446722   41.1866389099   -0.629884387502   -0.126626871324   0.0446131906165   
15.0   17.3639900234   32.6653890194   36.9937263508   1.08221166902   1.95411633273   0.194354916676   
16.0   -28.1334344189   -10.2256360215   29.9341571494   -2.79296932644   2.92456206488   -0.0596125702763   
17.0   -10.8628924517   9.4591456142   14.4040920633   2.42516004396   3.72107687604   -0.0909426475482   
18.0   -31.1200446073   29.700326258   43.018211913   2.37953306165   3.05073510451   0.0853914732421   
19.0   17.6484384935   -5.94120187647   18.6216342192   -0.324725201686   -1.46108065805   -0.192044331018   
20.0   7.43405009952   28.7106449636   29.6574819415   1.31743068581   3.38757848217   0.259007724761   
21.0   -14.3786936976   -8.49075738423   16.698496741   -2.60818057707   -3.22503211785   0.148394873955   
22.0   2.52900142616   -6.48118848125   6.95712960516   -1.19876108741   6.40661678014   -0.238248278569   
23.0   1.56687362683   -19.2937294164   19.3572489718   -1.48976261449   -6.34922748154   -0.21319027596   
24.0   49.5859959074   -12.093986246   51.0395483272   -0.239228571602   0.754417842007   0.883334946993   
25.0   -1.44896218044   -29.0201013086   29.0562518464   -1.6206845023   -3.82805847932   -0.475772957079   
26.0   -40.3101496005   0.894530541785   40.3200737314   3.11940509644   3.47966014758   -0.346674842284   
27.0   31.5814147389   20.1407999469   37.4571432361   0.567709796069   2.57979241421   0.358463136648   
28.0   33.0463046856   34.3614619835   47.6735599994   0.804906159668   2.26894698403   0.0268520057088   
29.0   -11.0565185281   1.28694602211   11.1311648997   3.02571704164   5.04316365468   0.651076745975   
30.0   -15.7577458565   5.80088616933   16.7915703503   2.78885927432   3.81607966452   0.0276522751117   
31.0   -4.88813218752   28.7194114727   29.132429209   1.73938384974   3.85204920593   0.312386449734   
32.0   13.5862144715   -22.7675567457   26.513145114   -1.03278048598   -0.882510198996   0.060802934108   
33.0   -3.19660775284   -35.1611364879   35.306144228   -1.66146018558   -0.980198441519   0.191431136151   
34.0   15.1556278331   -24.1356426103   28.4995140174   -1.01008884416   6.05683497935   -0.0995410998579   
35.0   42.025102293   20.3665434884   46.7001639869   0.451274599813   -0.622324008622   0.540397638961   
36.0   36.6205394068   -10.2358202946   38.0241492153   -0.272554605947   1.88491055404   1.24866979645   
37.0   22.2711386912   -42.3204214401   47.8228155745   -1.08636960471   -2.11417645365   0.55778202608   
38.0   20.8127212917   -28.4746756128   35.2700513016   -0.939618402092   -2.94771322744   -0.302773571345   
39.0   30.6269569832   -38.3758825893   49.0990718707   -0.89722828609   -0.582508127604   0.513424818887   
40.0   40.664214145   22.3579792157   46.4053611843   0.502704645762   0.429071849323   -0.208657690799   
41.0   28.1954893787   -26.0763193971   38.405208691   -0.746370646454   -0.659940744434   -0.104753281917   
42.0   -17.036538893   4.06955353256   17.5158477787   2.90711443283   3.63763270847   0.730825025856   
43.0   40.4284821592   20.3131470769   45.2447357586   0.465602847953   0.447454227953   -0.378738659777   
44.0   -12.3054693704   22.8577803405   25.9596359473   2.06465065818   1.57479338051   -0.323825676514   
45.0   46.84660131   14.291790114   48.9781514449   0.296107464543   0.88807286395   -0.022701895265   
46.0   19.0288463151   -0.424416179399   19.03357878   -0.0223001340467   2.92871000511   -0.356452083306   
47.0   8.38246265602   28.9116522407   30.1023141215   1.28860005149   2.19948571052   0.0897233034567   
48.0   -0.478381263674   -40.9857761187   40.9885678291   -1.58246768176   -1.34396069697   0.346212233041   
49.0   23.8985488625   -10.9571308501   26.2906704783   -0.429887770691   0.256250535798   -0.520613745587   
50.0   13.7131202668   -32.8936145635   35.6376142089   -1.17581230291   -3.02846761671   0.068607528512   
51.0   34.9282489539   11.2978960356   36.7100126644   0.312838511809   2.21845489196   0.230414471189   
52.0   7.02119829979   -32.3215092106   33.0753258973   -1.35688976661   -2.62798530966   0.176303934281   
53.0   8.26875077225   41.3742582184   42.192433948   1.37354255532   2.31687655054   0.415753887687   
54.0   -11.6363716952   -3.16045110004   12.0579267448   -2.87638913092   -4.27306137661   0.805983865981   
55.0   9.21344167792   27.5753064666   29.0737860328   1.24833858284   3.72069061107   0.159174312822   
56.0   9.15175607322   -31.42486263   32.7303625177   -1.28740782588   -0.590492919606   -0.0284934510706   
57.0   42.931596462   8.81912043159   43.8280601894   0.202604125539   1.56156572516   0.357270867043   
58.0   42.3737480168   24.1474546532   48.7712424203   0.517969099611   0.818392852987   0.383662818979   
59.0   27.1095421759   -35.8813354467   44.9710741525   -0.923763329874   -1.85714692257   -0.65468899007   
60.0   13.5434150798   37.7527256631   40.1085076638   1.22635657954   1.70173453017   -0.373900239826   
61.0   31.7836881217   -18.0439619677   36.5484253301   -0.516339449381   -2.32681999782   -0.102512227517   
62.0   17.9605486308   31.5001907243   36.2607683701   1.05259746252   2.72229441636   -0.296933614509   
63.0   44.8373162124   -3.76180936057   44.994845647   -0.083703045633   0.912501943631   0.297549398214   
64.0   -6.79168463016   41.4942055028   42.0463562086   1.7330356181   1.43962337723   0.269172383407   
65.0   11.8822255642   -9.38532182423   15.1417155601   -0.668528767033   1.42776618732   0.026018172071   
66.0   19.5949956807   -13.4978767153   23.7940440352   -0.603198770297   5.15306197788   -0.232344838015   
67.0   -11.7405189236   -24.4906078506   27.1593383109   -2.01781929554   -3.80711735529   0.136051712989   
68.0   15.477445544   -14.2744639863   21.0549671732   -0.744986417105   6.23183962413   0.170620069188   
69.0   -13.7138818554   22.9688346031   26.7514096557   2.10905477159   3.55345320064   0.355217655116   
70.0   27.4296837465   -33.9519724576   43.6477259911   -0.891258886254   -1.13140533541   -0.283768763615   
71.0   7.78345717756   31.4605108394   32.4090411446   1.32826241768   0.587402773487   0.249386755186   
72.0   17.4718628041   -31.9467162636   36.4123422739   -1.07033136165   -1.12122879565   -0.0487696563367   
73.0   18.4504938218   -20.5798672105   27.6396754082   -0.839900977105   -5.98765362006   0.554002898915   
74.0   9.22041661104   10.458930374   13.9429303609   0.848249968399   2.69192227909   -0.261745377921   
75.0   -8.31899787874   -42.0119296745   42.8276541581   -1.76628263507   -1.72137979758   -0.355242334709   
76.0   28.8640673016   37.1560065516   47.0500074819   0.910341169172   0.318207685969   -0.222625831102   
77.0   11.8929983682   45.7815639851   47.301110041   1.31663713842   1.74445546473   -0.548916471544   
78.0   14.7874206663   -6.09640685523   15.994811237   -0.391038831209   -0.722083806873   0.890627403949   
79.0   -1.51625930169   43.8808794941   43.9070680808   1.60533657054   1.93675670922   0.0888287439325   
80.0   12.5169777319   -15.9368677579   20.2647103476   -0.905015161874   0.40553648453   -0.103794700159   
81.0   29.4191531801   19.6854095935   35.3977672276   0.589710079436   -0.24720136034   -0.155155677516   
82.0   37.6166659102   12.8429347878   39.7486418405   0.329007306418   2.19542852067   0.517692153816   
83.0   46.6160309262   -2.05271165691   46.6612040614   -0.0440060296578   -1.61788692829   0.0468535958695   
84.0   42.213898632   16.867852417   45.4591870019   0.380144721493   0.688025856118   0.514855564925   
85.0   24.6306173015   15.3157187292   29.0041126195   0.556306619352   -6.45563473113   -0.244018810203   
86.0   -2.65273360575   0.713636841248   2.74704807462   2.8787950025   -2.85279390121   -0.433890355293   
87.0   11.4536723724   -18.0316443788   21.3618072695   -1.00489689296   -7.28937988102   0.246756554112   
88.0   21.6883558381   -14.589559641   26.1388605238   -0.592161639772   2.51689009966   -0.310791666462   
89.0   38.0040610958   15.8011200699   41.1580375533   0.394030702418   1.85540953375   0.421644419712   
90.0   44.2787526641   -7.63469558989   44.9321323135   -0.170744596023   -1.07360039072   0.0563529036984   
91.0   4.4264724917   -9.90344547519   10.8476675373   -1.15047094228   -8.21880745943   0.258823502248   
92.0   7.94717614107   -22.3141315531   23.6870866842   -1.22865327818   3.60603932984   -0.289154940831   
93.0   -5.80444845944   -35.1581386256   35.6340614235   -1.73441585729   -1.95757576524   -0.111306133864   
94.0   13.8483350497   10.6919172182   17.4955273556   0.657478435806   -1.26967209982   -0.458913169343   
95.0   -37.0967325319   19.3359044736   41.8335363835   2.66110618904   2.98340572734   -0.132907689582   
96.0   -16.1563963008   45.3069680599   48.1014604374   1.91333739497   2.02722201994   0.116520413843   
97.0   29.677163318   -13.2796131317   32.5127997492   -0.420747223386   -1.19544633346   0.476088979326   
98.0   -14.9358906013   30.2275759545   33.716274648   2.02972464689   3.50034256968   -0.0980019307234   
99.0   12.1461861669   -41.8830406258   43.6087024625   -1.28853660585   0.363914849254   0.156397692275   
