0.0   42.7995030403   6.75505718366   43.3293002258   0.156538979062   -1.05637252579   0.585662924837   
1.0   63.4954306236   38.1070669592   74.0528072547   0.540533078575   1.80924143519   0.151657090306   
2.0   11.4075834606   45.4735229285   46.8825580353   1.32500644007   0.336476632234   0.0125691105554   
3.0   -33.6229071843   30.3286864643   45.2805599587   2.40766016187   1.44182747304   -0.190195221344   
4.0   -34.1392340294   21.9181110791   40.5695808875   2.57084691523   -3.7442643817   -0.451100163588   
5.0   72.9974066293   21.625003891   76.1331870336   0.288006868983   1.23538258891   -0.332482983403   
6.0   -6.27754142569   62.5901352932   62.9041537767   1.67075805924   1.39616907614   -0.383073576121   
7.0   49.6704133394   13.6347683232   51.5078330794   0.267905796173   0.667165810947   0.030268629002   
8.0   2.80243590886   55.1124359377   55.1836410725   1.51999065626   1.53432191045   0.971780876624   
9.0   61.9950317   -26.1858214631   67.2984487279   -0.399654319954   0.264255474378   0.0426200092195   
10.0   47.0567147526   -39.6183426431   61.5137990787   -0.699788858703   -1.12687802888   -0.455866695187   
11.0   -10.5180000222   17.1188935118   20.0919098031   2.12174327175   6.20625804   0.163551413454   
12.0   -20.1606415566   44.7720103494   49.1017757184   1.99389608952   1.47741275265   0.151357634407   
13.0   58.9199562249   -33.4426410536   67.7493282784   -0.516251014633   -1.53718403121   0.0929238767357   
14.0   68.6680455172   -28.9535185804   74.5225248722   -0.399025262993   0.592901455846   -0.179614982541   
15.0   35.320552517   48.1818960477   59.7414139175   0.938220781317   2.44818551454   -0.213949277534   
16.0   -13.1798423423   -29.5897704359   32.392325613   -1.98983406412   6.68077396015   0.137114149165   
17.0   -28.7433478076   -10.5244723164   30.6095501556   -2.79060044123   6.09096656857   -0.173706432448   
18.0   -59.348081288   13.8419203316   60.9409017904   2.91245604639   2.73914075633   -0.230646752913   
19.0   17.9282209043   -0.64114381112   17.9396814403   -0.0357464750415   3.80916739243   0.314429444318   
20.0   -20.9605692109   24.728037613   32.416374039   2.27392093801   1.89438096346   0.678834399355   
21.0   -17.7573383854   1.23341832752   17.8001232385   3.07224439752   -5.04366348329   0.455223841658   
22.0   6.61881177195   3.94219055294   7.70386497988   0.537180853777   14.192632317   0.264614992126   
23.0   34.9093165533   -34.7687703448   49.2699479755   -0.783381087094   -4.87862386366   0.454225160673   
24.0   34.8503540581   5.90624683484   35.3472902731   0.167879387332   0.701749988797   0.0428805329922   
25.0   -34.4169774224   -45.0619369473   56.7019091067   -2.22305245141   -1.33272826518   0.325624995141   
26.0   -51.9665997814   -25.4900139199   57.8815022479   -2.68556773303   4.72087891885   0.120536240536   
27.0   37.911100355   42.1297876111   56.6760137473   0.838056090734   0.65114247981   0.278281197523   
28.0   18.508202923   34.0813562172   38.7826303523   1.07329735687   8.50840798222   0.123259161488   
29.0   16.6805853063   7.81724676597   18.4214894393   0.438249186873   4.89329626616   0.0156822844688   
30.0   -25.3681869925   16.9434360728   30.5061458929   2.55273603616   1.53661570575   -0.0422328825324   
31.0   -35.8430996886   5.71614424412   36.2960342228   2.98344753522   4.17211424291   0.455283891876   
32.0   50.8798669646   -23.2858175629   55.9552514239   -0.429207932148   1.25355153524   -0.171851511115   
33.0   10.5604350857   -16.6513300866   19.7177479154   -1.00560169996   0.157154463506   0.0719280094091   
34.0   28.1895117123   -3.40002581128   28.393815279   -0.120033328317   8.85804923256   0.468653302929   
35.0   41.123562631   -3.81305557085   41.2999612137   -0.0924575585297   -1.15019495523   -0.234524375143   
36.0   23.584991471   27.5423396426   36.2606163168   0.862645958156   1.97987720244   0.149314736754   
37.0   11.2405696649   -79.7691909681   80.5572730056   -1.43080438903   -1.36777366976   0.522866710404   
38.0   41.350544472   -26.2772559624   48.993486394   -0.566096785307   1.54651856596   0.647231241897   
39.0   21.6874565236   -73.1677986928   76.3143009927   -1.28263900282   -1.82716672723   0.247129782123   
40.0   54.7213536049   1.01401964428   54.7307479959   0.0185284817646   1.50160180915   0.379910209133   
41.0   61.871271478   -11.7057513393   62.9688720617   -0.186985131652   -0.424960894894   -0.0315457703328   
42.0   -22.1598831197   35.4818539875   41.8332688451   2.1290657205   1.45153860493   -0.34085842385   
43.0   64.8980290948   10.6235468976   65.7617968815   0.162256900943   0.0262406631907   0.466326233227   
44.0   -37.4392995797   50.5408405579   62.8973585878   2.20836607588   3.24315956253   -0.319200377181   
45.0   25.3952856774   40.6556033209   47.9353587243   1.01245292862   2.92501295774   0.130614548317   
46.0   1.42684184851   -28.7474153988   28.7828033689   -1.52120328065   6.00851610857   0.14294488186   
47.0   11.2436537576   37.8510068149   39.4856741961   1.28204785114   8.78512552847   0.194333140472   
48.0   13.3625101075   -67.1230235959   68.4401707554   -1.37429043136   1.31402823298   0.102237470926   
49.0   12.8104640609   -29.9188945087   32.5460940526   -1.16624115742   -3.41002302609   0.08965382598   
50.0   4.73614194014   -58.5696980638   58.7608761998   -1.49010854138   -2.43595637892   0.177543752613   
51.0   15.3153073016   2.15359997084   15.4659830136   0.13970150348   1.61848105858   -0.123664635716   
52.0   -25.9671758612   -37.2676098065   45.4221197535   -2.17935524978   -1.57322133613   0.362585221255   
53.0   -21.441390666   58.801121789   62.5883787722   1.92045571371   2.11264681958   0.217255182017   
54.0   -43.1926635765   20.1560828631   47.6641779874   2.70497487559   -4.15789378491   -0.447472303567   
55.0   -22.466549029   31.3709103373   38.5860057619   2.19228490656   4.27967049269   -0.189813870823   
56.0   3.58313342133   -27.498248832   27.7307146309   -1.44122232918   2.77852609279   -0.500513935539   
57.0   23.3037152374   28.892257682   37.119074582   0.892060282793   2.14311042593   0.214017260946   
58.0   72.0307172033   0.00774188284765   72.0307176194   0.000107480296163   -1.91916404873   -0.666441151606   
59.0   30.4837941451   -25.253562211   39.5854027367   -0.691835040871   -6.12647742306   -0.32278420646   
60.0   19.7170880143   38.0210644706   42.8294863761   1.0923928641   3.2440414556   0.558947935387   
61.0   26.6275897611   -1.38513461324   26.6635919257   -0.0519719313865   -5.34647535482   -0.363491009389   
62.0   21.7437623822   43.7639799462   48.867956201   1.10967869157   0.261844281434   0.0727384403345   
63.0   50.5131338756   29.7467304222   58.6211963777   0.53221107899   0.909749653617   -0.531522206466   
64.0   17.2032009209   59.2085180292   61.6571060717   1.28802906071   2.04980277838   -0.365777710029   
65.0   26.850592006   10.7545827671   28.9243036488   0.38096688584   1.91005293902   -0.131029279004   
66.0   44.2516345057   -7.07461779036   44.813584696   -0.158530905947   7.54567716314   0.134826765663   
67.0   -39.7193701986   -40.6850364466   56.8586014569   -2.34418495163   -1.73069645936   -0.312422789548   
68.0   52.6780891123   -23.6780324541   57.7549157512   -0.422425909812   6.1253050223   0.148304989776   
69.0   -32.4614989235   32.4310622764   45.8859751202   2.35666352153   1.92231112952   0.15631198745   
70.0   38.4958449956   -51.4338484047   64.2446172348   -0.928285698753   -3.91332772991   0.4366237326   
71.0   31.5411487255   13.2292586597   34.203177449   0.397142141153   -2.59087072527   -0.486710929135   
72.0   14.37227614   -45.1796747474   47.410603579   -1.26280534981   -5.61717242522   0.0328605190862   
73.0   31.9282815166   -35.3870608058   47.6619264516   -0.836734755636   -10.0901352062   0.182809496919   
74.0   30.5696754271   6.02191656115   31.1571586443   0.19449954119   0.391867682354   0.472624050744   
75.0   16.6106029768   -67.4197227286   69.4358059222   -1.32923136569   0.243843548244   0.244442066076   
76.0   62.1157067663   34.0324602465   70.827744405   0.501220390406   -0.674774545498   -0.463230064538   
77.0   -9.6246848628   28.1636971002   29.7628693688   1.90009443622   3.30164583679   -0.547540980272   
78.0   -7.04573213942   -21.1811017077   22.3222178766   -1.89192489674   -2.35347264822   0.328053651168   
79.0   30.5035477541   57.359311061   64.9658140177   1.08203535146   1.37680188802   0.317118162657   
80.0   44.9016001994   5.30900152575   45.2143693716   0.117689955594   0.603577562101   0.464689216186   
81.0   22.7645124064   48.6320694602   53.6963798136   1.13299549338   2.43956728121   -0.181105221945   
82.0   26.3123016936   37.620776766   45.9092590323   0.960467262554   1.02683296419   0.220108670347   
83.0   54.1356361266   -22.015506685   58.4409927485   -0.386245775176   0.186669000707   -0.348837155145   
84.0   24.297846509   17.7854613933   30.1115921523   0.63186616457   3.77545161745   -0.115759945155   
85.0   30.3422327661   0.403485788894   30.3449153898   0.0132970441375   -6.99870691503   -0.0774821616592   
86.0   2.5822157788   -20.2426038986   20.4066374233   -1.4439181511   -0.558581527665   -0.449147218312   
87.0   26.2040038541   -41.2072088559   48.8332251616   -1.00439130782   -5.80945215641   -0.223762163056   
88.0   24.1650277381   25.0568390862   34.810828065   0.803514375564   1.92390600584   0.0188931581183   
89.0   51.2050214231   44.2302217324   67.6628903716   0.712443760275   2.11420762538   0.216158017503   
90.0   48.4116516779   -23.2982542186   53.7261264918   -0.448537872327   1.71092259501   -0.400663322385   
91.0   -14.4055841309   5.57027941449   15.445027255   2.77262584764   -11.779762142   -0.354363742822   
92.0   -28.7344730488   -11.5160613219   30.9562531609   -2.7604182651   2.29082692114   0.229939218723   
93.0   14.6935340694   -63.5255998865   65.2027743611   -1.34349266619   0.105296933459   0.281822571522   
94.0   42.3727655892   -4.40790773055   42.6014191575   -0.103654078667   -0.0538454431632   -0.286498008813   
95.0   -29.4674452696   26.1779717696   39.4159426715   2.41524067803   -0.726315917167   -1.01853992211   
96.0   -17.7701067188   67.5798727997   69.8771486284   1.82792531342   0.177982080567   -0.677530916757   
97.0   50.9454568981   -8.57856227702   51.6626684299   -0.166822230609   1.0653311123   0.158716283964   
98.0   -23.4893710903   0.488706641897   23.494454418   3.12079021731   4.01032540407   -0.616254275576   
99.0   42.0814786788   -15.7526810776   44.9332594959   -0.358189837615   1.1512148916   -0.246942182071   
