0.0   29.2745090708   3.68393098443   29.505393216   0.125182885739   2.10431240701   0.0958967786933   
1.0   38.0675714011   2.65019174356   38.159710542   0.0695059472186   2.11465293326   0.364200455835   
2.0   13.0582248733   15.2921994058   20.1089184072   0.864034303415   -0.263899023002   0.374863990075   
3.0   -26.7154057725   4.95324231351   27.1707106091   2.95826669434   2.89250137727   -0.817014190574   
4.0   -18.5992388682   -6.30652572545   19.6393470666   -2.81468407045   -3.50128061268   0.247047057374   
5.0   35.4018483977   5.36945087626   35.806729433   0.150524248412   -1.08613780803   -0.525163029756   
6.0   18.5712765253   30.9532635094   36.0970474369   1.03039301761   1.38774714788   0.339119831365   
7.0   41.2931584939   -16.6833469437   44.5360416252   -0.383968853881   -0.797703323861   0.246295152529   
8.0   -6.09456950948   30.1048040004   30.715517274   1.77054181759   2.7131579607   0.581691380218   
9.0   21.830105716   -28.1537913101   35.6256856875   -0.911244036671   -0.601917844385   -0.12349758431   
10.0   27.2775810923   -3.64227568675   27.519676641   -0.132741167173   -2.41157560707   -0.293243723684   
11.0   -14.45707249   33.2086337431   36.2190599003   1.98139300267   2.67944771514   0.127945557227   
12.0   -19.9343082787   23.6085940506   30.8989054757   2.27201080661   2.12182220341   -0.297795308868   
13.0   39.8134820564   -11.312955527   41.3895677219   -0.276851780651   -0.353919381531   0.191597506209   
14.0   28.1589657868   -20.16438636   34.6342291882   -0.621443960563   -0.795320530863   -0.378156112443   
15.0   20.553559813   26.6039321761   33.6187154456   0.91300243798   2.60196913824   -0.240233489515   
16.0   -21.5234050188   -8.94236886564   23.3071432083   -2.74782003564   4.20001875869   0.0680029878521   
17.0   -4.64826496999   11.267060845   12.1882331499   1.96207759387   3.62398970642   0.241207035759   
18.0   -25.5766742768   26.1865874076   36.6046940586   2.34441229394   2.89396184511   0.392135565408   
19.0   16.5571229095   0.868074443097   16.5798634578   0.0523811031353   -1.43998002481   0.281095139064   
20.0   14.0869211514   27.3468220453   30.7618273758   1.09512525736   2.71864983904   0.413157282133   
21.0   -7.51793566018   -9.70030371525   12.2725404362   -2.23011929425   -3.48584268265   -0.0499057821385   
22.0   -2.8823188486   -10.4365600715   10.8272594904   -1.84025476391   7.13237611964   0.737114423687   
23.0   -2.73720714641   -22.3232889893   22.4904765237   -1.69280396432   -4.44205480811   -0.366403412495   
24.0   43.3928774524   -10.8612941485   44.7315271836   -0.245262230579   0.0271353786359   0.131149842612   
25.0   3.81241495461   -27.5941792036   27.8562961233   -1.43350535645   -2.55551053618   0.169746603269   
26.0   -34.0212571027   1.54803783809   34.0564583595   3.09612194138   2.22649794506   -0.298661989674   
27.0   36.1373389984   15.941996899   39.4975256822   0.415470164872   0.915046838769   -0.0501376029882   
28.0   34.0193758882   28.4517104186   44.3488191676   0.696509139482   0.904023906598   0.255449586941   
29.0   -6.42311250315   4.96797581647   8.12016982219   2.48324978921   3.70893806286   0.175932994986   
30.0   -13.1544783566   11.4604020193   17.4465215811   2.4249093953   4.00547674345   0.308252539895   
31.0   1.54310974411   30.3560707369   30.3952663792   1.52000639907   3.34185291287   0.764989211188   
32.0   11.7098912516   -16.5488134189   20.2727595235   -0.954989860047   -0.380823333518   -0.453918137382   
33.0   -7.65470284923   -29.9895971158   30.9510970869   -1.8207055905   -1.6336533035   0.113524516229   
34.0   9.69434841702   -20.5119932627   22.6874912416   -1.12929283622   6.3448154084   -0.244569286697   
35.0   37.0846173438   23.8437946285   44.0884949371   0.571407758104   0.0442181969693   0.0879472410728   
36.0   32.0379197934   -14.0289854364   34.9748586425   -0.412735139207   0.0728046565809   -0.224088714011   
37.0   23.7044506835   -36.491989994   43.5151274378   -0.994716729455   -1.00978045934   0.591283989269   
38.0   27.0966903077   -27.2126447714   38.4025866457   -0.787533234418   -1.62412571261   -0.268081188801   
39.0   27.511869948   -32.3033691786   42.4312461321   -0.865332472212   -1.03802892447   0.000987565790901   
40.0   39.2114794203   16.6604652059   42.6041220917   0.401775306327   1.18774411011   0.0913926924636   
41.0   22.799052024   -22.3108467793   31.8993833358   -0.774576011317   -1.07248835676   -0.361393375617   
42.0   -10.7728925944   2.91164096516   11.1594295536   2.87762474546   3.50375601634   -0.0631420303814   
43.0   35.2373348316   15.9095797026   38.6624429175   0.424098812379   0.43141605344   0.537467033127   
44.0   -8.26866111134   17.8081709115   19.6341974063   2.00549341654   2.38928260862   -0.618749187039   
45.0   41.893313869   9.5866772505   42.9762042022   0.224962110083   0.228290652195   -0.305108998392   
46.0   25.8664132978   -0.81319173149   25.8791927557   -0.0314277813936   2.38792586007   0.301195698935   
47.0   10.9480221263   22.5243674824   25.0440875051   1.11836895438   1.29495895463   0.233303334584   
48.0   1.17481406644   -34.4295421927   34.449580022   -1.53668729272   -2.38197589286   -0.38531162116   
49.0   19.9964585902   -16.2982109462   25.797093561   -0.683853564955   1.15633144882   0.309327044481   
50.0   19.8621151855   -30.2038225861   36.1493363488   -0.989095057087   -2.33287475042   -0.47939452734   
51.0   33.2510044811   5.41815812117   33.6895493651   0.161527569879   0.96025403278   -0.15640249179   
52.0   11.969678872   -27.798865915   30.2663205305   -1.16420756819   -2.29152349063   -0.145603567525   
53.0   12.956277887   36.4586424221   38.6923473564   1.22934630361   1.68241565875   0.0609851911683   
54.0   -12.9375736964   -9.58106844457   16.0989964187   -2.50415962874   -4.52231157694   -0.074916359143   
55.0   15.4716438839   28.402119803   32.3427298442   1.07200391556   2.76253360199   -0.0280306925633   
56.0   6.64372724257   -25.7391565461   26.5827630501   -1.31819235773   -2.04386777762   0.847045635957   
57.0   39.5395297702   3.79424131888   39.721161635   0.0956677759562   0.184427811189   -0.0319219117936   
58.0   36.172562634   24.5900976058   43.7393094112   0.597039685871   0.639719678353   -0.265104424538   
59.0   23.7073293539   -30.392906751   38.5456384805   -0.908352397802   -0.393986764481   -0.0590850810662   
60.0   15.8486035624   31.2911764857   35.0758600855   1.10197184593   1.67994922258   0.749234424462   
61.0   35.5914919705   -12.2962217002   37.6556950379   -0.332644265802   -1.5442916727   0.103365526607   
62.0   22.8617314521   27.7692805543   35.9693161944   0.882024049024   1.42063749494   0.313211907434   
63.0   39.6418192874   -8.1474782841   40.4704242479   -0.202704631495   0.885912015237   0.19854073357   
64.0   -9.18950884312   35.3205210738   36.4963872418   1.82532809253   1.82659318349   -0.777774043025   
65.0   11.7089539864   -16.3009216217   20.0703674399   -0.947893695829   1.17025845295   0.337676771255   
66.0   16.897252432   -7.3528992365   18.427758055   -0.410439259154   4.88137418685   0.0540740118912   
67.0   -10.1074591022   -30.6106449269   32.2361956866   -1.88971905535   -4.27003907867   -0.624256468671   
68.0   9.26241665325   -11.3896900658   14.6805109602   -0.888041321099   5.55442314956   0.267441587065   
69.0   -6.95151793142   22.3874981055   23.4419212732   1.87186623367   2.85699489004   0.331396984178   
70.0   23.2210296876   -28.5820347732   36.8259274361   -0.888519257701   -0.880818067258   -0.0157846543738   
71.0   1.23301348011   29.3578774327   29.3837589425   1.52882158738   0.0957156696558   -0.547447053819   
72.0   16.5837603846   -25.2806295794   30.2346050152   -0.990223935948   -1.40040567741   -0.23389359571   
73.0   11.9008921055   -18.8919779228   22.3279659338   -1.00864952243   -7.29216687425   0.047801754971   
74.0   14.6708039744   6.91658141841   16.2194817357   0.440549594971   2.48542066678   -0.164339895252   
75.0   -5.83008568678   -36.7322714604   37.1920645535   -1.72820168547   -2.63519819114   -0.000675161734158   
76.0   25.2851535854   31.7066500792   40.5542926344   0.897598982622   1.1307904997   -0.490218100407   
77.0   14.8247693455   39.5903746593   42.2749518251   1.21250453385   1.68702727774   0.606593921286   
78.0   15.1974489503   0.404847337219   15.2028403913   0.0266328653794   -1.46706163522   -0.326631388607   
79.0   2.14203696168   38.1160597108   38.1762010973   1.51465762158   1.70996672298   -0.0961797287859   
80.0   5.92502720457   -18.2040833252   19.1440486075   -1.25613222475   -0.0914332452942   0.0306890228339   
81.0   22.5138283277   19.923626128   30.0636548686   0.724438029913   0.361016921665   0.00352092787057   
82.0   35.8692104048   7.61050304296   36.6676971138   0.209073168934   0.0344756135409   -0.684449628533   
83.0   43.9410603334   4.06273741141   44.1284785428   0.0921966710971   -0.361594072446   -0.36769479346   
84.0   37.2870522884   12.6842730293   39.3854675057   0.327898970687   1.41354134566   -0.220547381833   
85.0   18.5546665133   12.7935452392   22.5377560819   0.603647919333   -5.59551628879   0.397989566682   
86.0   0.1503795384   6.25145939929   6.25326783582   1.54674585582   -1.6853662273   -0.0277685856267   
87.0   10.425203708   -11.3217787595   15.3905018318   -0.826602390108   -7.99709743808   -0.102210715216   
88.0   23.7234632971   -19.8176119929   30.9118174153   -0.695932646078   0.650545081933   -0.078152512698   
89.0   39.9957115115   9.33950378617   41.0716845318   0.229401965575   1.2712216665   0.282943569009   
90.0   41.8834561957   -1.15667922706   41.8994249331   -0.0276095959814   -1.46228637725   -0.684209499069   
91.0   5.24953478873   -4.15317693368   6.6937653186   -0.669322133427   -6.17067595864   -0.0716725446909   
92.0   9.16069053533   -17.094801212   19.394599237   -1.07886164971   5.20930307937   -0.0133601852863   
93.0   -2.53157144389   -29.1686080087   29.2782606577   -1.65737034227   -1.80192194148   0.0547036047955   
94.0   10.7268047282   16.6868678052   19.8372351104   0.999478667968   -2.03709722194   -0.0381429128113   
95.0   -30.2640586544   19.6097656516   36.0618379336   2.56665597861   2.77701857021   0.350710394025   
96.0   -13.3917985418   39.0226995391   41.2566521606   1.90138228668   1.80231603919   -0.312559978576   
97.0   29.5649263807   -6.44921364282   30.2601590959   -0.214772918542   -1.62019717766   0.384755807821   
98.0   -8.30963311985   32.1485741793   33.2051325001   1.82373630464   3.18022164137   0.147856214846   
99.0   5.98180280074   -41.3586502986   41.7889928003   -1.42715990811   -1.09066045328   0.498750516816   
