0.0   32.5756590173   -2.39939546017   32.6639045276   -0.0735233152772   1.47465906876   0.180391893001   
1.0   35.2435234917   -2.28713398607   35.3176574815   -0.064804286966   0.315887963116   -0.149991933523   
2.0   6.91613494265   18.5323570761   19.7808286313   1.21361133669   -0.453107500268   0.0590306075303   
3.0   -21.2771600129   8.26746334274   22.826924636   2.77098666986   4.43002910016   0.266364904158   
4.0   -13.1434474438   -10.0110989363   16.5218737624   -2.49065825875   -4.28315517835   -0.213191067138   
5.0   30.1466963888   9.70741626625   31.6710788216   0.311521524177   -0.722648331432   -0.0523944034703   
6.0   14.3080695428   26.3090050195   29.9480316408   1.0726894933   0.0802226234218   -0.381400867068   
7.0   36.267646503   -12.2577153674   38.2830741829   -0.325926119627   -0.0789694755611   -0.0654027903878   
8.0   -0.730335759506   25.8574479428   25.8677599424   1.59903351565   3.02231212028   0.525707239043   
9.0   16.9309386021   -23.9229699631   29.3081076462   -0.954903069321   -0.607315089033   0.00423316336281   
10.0   28.6203623949   2.62399609118   28.7403983811   0.0914272398813   -1.63229229714   -0.165954226977   
11.0   -8.79548529629   29.1921482724   30.488392584   1.86344193224   2.30770172784   -0.0139235432191   
12.0   -16.0482815878   18.2010611576   24.2657365268   2.29342098946   2.40362928428   -0.86920178943   
13.0   35.1967961881   -6.66887124371   35.8230136305   -0.187254045831   -0.815974864087   -0.304374729669   
14.0   23.1166605581   -16.0551192589   28.1451034778   -0.6070426094   -1.25581498354   -0.90597915994   
15.0   22.9579096414   21.9001899742   31.7282829036   0.761823296921   1.12549212051   0.304242085408   
16.0   -17.3441900433   -4.05469776251   17.8118360144   -2.91193863368   3.53852834577   -0.314480670736   
17.0   2.04610481863   12.3500488324   12.5183965064   1.40661184335   2.46985184559   -0.421178468085   
18.0   -19.6763796762   23.0201170056   30.283422926   2.27803991518   3.0529910552   -0.11632251842   
19.0   18.8991114074   6.75666114453   20.0705974453   0.343351381851   -2.5385371029   0.0790883125361   
20.0   16.5851306274   21.6519042044   27.2740080223   0.91714024777   1.01083699712   -0.464050329181   
21.0   -1.29894179829   -12.2043329109   12.2732632822   -1.67682998671   -3.46694542889   0.280117860138   
22.0   -9.16379586799   -10.5373298259   13.9646150885   -2.28658856958   5.27191356789   -0.127278192408   
23.0   2.75761931653   -25.1371624289   25.2879694572   -1.46153036934   -2.43273380023   0.0585107699679   
24.0   36.6101957027   -10.386336125   38.0549918866   -0.276437002332   -0.119823891375   0.230566919507   
25.0   8.05008180851   -22.3561403249   23.7613305047   -1.22516664789   -1.7289878485   0.513716850793   
26.0   -28.0777081911   1.81650688799   28.136406923   3.07698699307   3.4142154543   -0.0560809148401   
27.0   31.0391402746   11.8798077257   33.2348922156   0.365535926314   0.0804031299265   0.100382300988   
28.0   27.7675100507   26.2336236617   38.1999689115   0.757001091782   0.175974954938   0.0284514772765   
29.0   -0.904066426332   8.73719801808   8.7838468401   1.67390266212   4.62682990825   -0.145109020372   
30.0   -7.31807614606   11.2223572206   13.3975945627   2.1486449674   2.92331850408   0.376530242943   
31.0   7.71702707034   27.7222128209   28.7762678346   1.29929993889   3.16366837072   0.125915621105   
32.0   4.93314785748   -15.2690423224   16.046170921   -1.25830045903   0.810115491051   1.08481417157   
33.0   -5.4565659446   -23.4588547646   24.0850986873   -1.79933414743   -1.81345369682   0.505776561363   
34.0   5.28796239578   -16.9464069897   17.7522746757   -1.26833028911   5.58305024467   -0.629163411352   
35.0   30.7332222726   22.9187885516   38.3379944693   0.640764850555   1.3862321075   0.0191016860367   
36.0   26.2082643663   -11.7810396107   28.7344047338   -0.422451531297   -1.86215442339   -0.333069167286   
37.0   22.7621740452   -29.7976383661   37.4968774629   -0.918463535369   -1.32909917139   0.181902732047   
38.0   26.3118174736   -20.3174780963   33.243219684   -0.657546299004   -2.18705310547   -0.624746227305   
39.0   23.9081750393   -26.4368242533   35.644165165   -0.835582414593   -1.1476228051   0.316066447394   
40.0   33.5088646787   14.5685685927   36.5388451226   0.41011471583   -0.346913528615   -0.188238947671   
41.0   16.6172408183   -21.2311345216   26.9609674435   -0.906704296279   0.053261345128   -0.270371817098   
42.0   -4.36380073792   5.1053016371   6.71616420928   2.27804655372   3.74738394571   -0.324959019845   
43.0   29.4829339542   13.2197757922   32.3110796251   0.421512068979   1.98005422191   0.0401969157671   
44.0   -1.87924346084   16.0266441802   16.1364456948   1.68752076606   3.10066289392   0.62736139474   
45.0   35.599445966   7.62020492236   36.4058796919   0.210871811209   1.00364478828   0.0935163739235   
46.0   27.5486422327   -7.15604912383   28.462900905   -0.254143711981   2.46239733495   0.373112126148   
47.0   8.3702891298   16.1757697568   18.2131070205   1.09327968717   1.67197940652   -0.134936260271   
48.0   5.9396019765   -29.8206114692   30.4063766345   -1.37419152713   -1.8762825242   -0.0149982128417   
49.0   14.8251861194   -16.3619270575   22.0793750027   -0.834633211091   -0.549945725715   0.491835993066   
50.0   24.4930145446   -25.5479977645   35.3922018425   -0.806477412426   -2.67973699356   -0.739079435308   
51.0   31.632394839   -1.14225651345   31.6530117555   -0.0360946562229   0.816541175903   0.0545507187589   
52.0   12.244598499   -21.351695122   24.6135141129   -1.05011116617   -2.10386221134   0.182127791006   
53.0   16.750962932   31.2552177909   35.46101237   1.07881075399   2.47493122775   0.487472165373   
54.0   -10.5553945093   -16.0289813235   19.1923056331   -2.15313725739   -4.02356144926   -0.879741774032   
55.0   20.5982580785   24.1997311797   31.7791633785   0.865619266479   2.19643012637   0.0941569518121   
56.0   12.1637431909   -22.4982403051   25.5759157263   -1.0751575555   -2.08716654454   0.191499361062   
57.0   33.6536047055   0.623323037015   33.6593767215   0.0185196141454   1.24971044859   0.638642334631   
58.0   31.5533368112   19.4444792923   37.0634704105   0.552276346653   1.38645044908   0.000139746219984   
59.0   18.580106725   -26.0123852948   31.9666162526   -0.950551129736   -0.858419160301   -0.120820173332   
60.0   11.140973668   26.8964255152   29.1125230745   1.17809377203   0.906271242895   -0.296994678226   
61.0   36.1785539794   -5.53056098138   36.5988370418   -0.151694131167   -0.975617172757   -0.759147649359   
62.0   22.8431931547   21.039364531   31.0558582778   0.744315469543   1.87911614761   -0.0500818437797   
63.0   33.4924509199   -8.73778188649   34.6134814908   -0.255199744394   -0.635026309709   -0.101990857891   
64.0   -3.93002395676   31.0707567328   31.3183175195   1.69661445162   2.47286274941   -0.208555181907   
65.0   5.88413521746   -19.4097091473   20.2820081954   -1.27644827149   0.188190136569   0.440469804797   
66.0   17.461834572   -0.536336270054   17.4700693535   -0.0307051188615   4.1189298649   -0.112664643165   
67.0   -4.07289365628   -30.733148807   31.0018531435   -1.70255302111   -3.08392250663   0.320676384724   
68.0   8.08390137541   -4.94417531175   9.47598707052   -0.548910792491   4.50502438344   0.403824680259   
69.0   -2.55464978177   17.5732931382   17.7580085378   1.71515623375   1.8102934398   -0.553346376443   
70.0   17.5598143629   -24.787671379   30.3772239162   -0.954448874279   -0.660140978843   0.00501455290833   
71.0   -2.76083957656   24.2151547878   24.3720322617   1.68431901059   0.423104169538   0.624830961827   
72.0   17.0909993477   -18.6278384526   25.2803999992   -0.828397653303   -2.35335660365   0.177087648255   
73.0   8.34855839172   -12.9245567745   15.3864419226   -0.997276701396   -6.73641876179   0.28939216064   
74.0   20.712621055   4.23200900707   21.1405433044   0.201546224877   1.9514913009   0.142628245626   
75.0   -2.44950395528   -31.4008289792   31.4962240627   -1.6486462923   -1.53219188048   -0.235199294107   
76.0   23.3459534554   26.4229777672   35.259144868   0.84714577546   0.320281922551   -0.811422989407   
77.0   15.1810611164   32.862031061   36.1991395211   1.1380381544   1.71056184513   0.0432666615517   
78.0   15.0472697672   7.19458628181   16.6788008926   0.446000939195   -1.71950700261   -0.0595412314212   
79.0   3.67932697846   31.3239488027   31.5392963714   1.45387158902   1.74290827805   0.267042338061   
80.0   1.00562654675   -13.9938381118   14.0299247985   -1.49905755075   -1.73295026239   0.313006002804   
81.0   16.9123221985   16.1240452367   23.3668884737   0.761541805257   0.573481007244   -0.309751679942   
82.0   30.9534187003   3.14967832421   31.113254455   0.101406394841   0.515350497515   -0.183998869352   
83.0   37.3062610191   5.64826362594   37.7314191784   0.150261366732   0.342295964233   0.0702174897193   
84.0   34.1959805544   6.84259540527   34.8738612424   0.197491140961   1.4676073265   0.391508683091   
85.0   12.0413967148   10.4863864367   15.9674523748   0.716481145746   -5.78706490047   -0.518842887507   
86.0   1.06140707805   13.1191762766   13.1620428187   1.49006715199   -1.38610126615   0.162275245178   
87.0   11.3936924381   -4.46991799445   12.2391337214   -0.373863989473   -7.78940978845   -0.237847938872   
88.0   17.9865143833   -23.4637173636   29.5645181287   -0.916776297244   0.663687012122   0.147817612952   
89.0   34.2412007095   7.01173646599   34.9517420781   0.201982509988   0.673684646332   -0.250967418094   
90.0   36.9677869805   3.29260042165   37.1141279269   0.088832340015   -0.171202796607   -0.032398754143   
91.0   -0.968984990148   -6.83979256824   6.90808904747   -1.7115285813   -6.01263515723   0.0457310920366   
92.0   7.80280743749   -10.5122793183   13.0916698848   -0.932269519225   4.93745987717   -0.312047947804   
93.0   -1.14733441096   -22.5034121486   22.5326415358   -1.62173712638   -2.00242314799   0.493854854944   
94.0   13.1743833917   22.9858412523   26.4936459519   1.05035189501   -2.01780427877   -0.642483786634   
95.0   -24.1636562858   16.5390410154   29.2817718522   2.54137296282   2.96533640166   -0.0311900182539   
96.0   -12.7365310929   32.2717668397   34.6941804808   1.94669496755   1.40493788609   0.1700890486   
97.0   31.0921066245   0.277797660359   31.0933476147   0.00893443059457   -1.26074178173   -0.0527572588794   
98.0   -1.46577717643   31.1437941646   31.1782683563   1.61782644538   3.1979060561   0.22353298216   
99.0   4.95330136229   -34.6711880947   35.0232276966   -1.42889151354   -1.29957454304   -0.108821489395   
