0.0   11.8696784743   -4.18559812975   12.58604381   -0.339015385901   -0.85396258506   -0.461922633144   
1.0   12.3436384367   2.51135812849   12.5965205317   0.200714147979   0.405375788449   -0.0949683410904   
2.0   -2.35312100092   7.78683975716   8.13462057189   1.864262953   2.84422940581   0.22784190526   
3.0   2.44053622538   10.2132902122   10.5008339681   1.33623786366   2.93498925295   0.654928426329   
4.0   5.98721902912   -9.32858121394   11.0846388831   -1.00019692547   -1.57444785477   0.00650544400944   
5.0   12.5605267457   1.59026771177   12.6607971125   0.125938297354   0.629531685767   0.173371762625   
6.0   7.17797808299   8.40524065781   11.0531190112   0.863991338948   1.67616555939   -0.0958652293202   
7.0   10.7141000094   -6.10632624491   12.3320379184   -0.518018456235   -0.255331614944   0.0390208051575   
8.0   9.92019742819   2.98233179703   10.3587943295   0.292036787786   1.61746591805   0.251444777129   
9.0   11.9598802374   -3.98639630375   12.6067478274   -0.321733213166   -0.0871116523991   0.0860568225271   
10.0   11.446518981   0.194767178021   11.4481758825   0.0170137650594   0.57719997321   -0.492473961103   
11.0   2.61605692275   7.54943707046   7.98985318413   1.23722201433   2.74236350999   0.124051480384   
12.0   5.21197025177   7.03253318405   8.75335118055   0.933000916193   2.64213767045   0.327889321536   
13.0   12.2688456708   0.737899609087   12.2910158216   0.0600718123646   -0.431246795093   -0.0940840396417   
14.0   1.34807706804   -11.1332001933   11.2145199775   -1.45029674359   -0.962089713478   0.165646111676   
15.0   5.2730825284   8.72782834009   10.1970773698   1.02731708918   2.16257360124   0.480984087502   
16.0   2.45421781354   11.8472748171   12.0988059605   1.3665308769   2.07782502216   0.0438972701805   
17.0   11.6237030421   4.64084655329   12.5159070444   0.379865825503   0.477397482096   -0.0955855532697   
18.0   -0.0420273204797   10.2466744321   10.2467606204   1.57489786092   2.69256545253   0.175411748712   
19.0   7.28343746175   10.1442809953   12.4881903481   0.948101865572   0.860667170435   0.0707761609914   
20.0   12.1148904918   -0.503511140269   12.1253492773   -0.0415374392496   0.203376969242   -0.226276769492   
21.0   11.8838308199   -4.0246532106   12.5468429663   -0.32654253591   0.0217801523761   -0.133733500093   
22.0   -3.89098364041   9.91389496457   10.6501205185   1.94480127239   2.19733691719   0.211825700078   
23.0   10.5842775383   -1.1961820509   10.651656327   -0.112537489775   -1.59318633155   -0.36367501904   
24.0   12.1539510201   -2.52775446488   12.4140270675   -0.205054815752   -0.60566376692   -0.0315612853142   
25.0   12.0219842767   -0.830877516566   12.0506623634   -0.0690034477074   -0.563734055355   -0.188817119448   
26.0   -2.96058219041   8.79998735019   9.28465531238   1.89533153699   3.25152133935   0.0384388698544   
27.0   4.24320202725   10.1995169376   11.0469411696   1.17655642383   1.37975813183   -0.251312694819   
28.0   10.4174781298   6.71710152786   12.3952936036   0.572705002618   1.02982859029   0.0919617049405   
29.0   11.0921469445   3.65337126522   11.678306617   0.318175324012   0.488551571277   -0.265382160266   
30.0   10.7337724228   6.07955330995   12.3359166207   0.515343227086   0.406789910253   0.209382735655   
31.0   9.47707317756   8.04836541322   12.4334670079   0.704056099616   1.4821153449   0.551411917634   
32.0   11.3344719644   -3.15460241263   11.7652781987   -0.27144952031   -1.10151477966   0.0866178280702   
33.0   9.83880148733   -3.44976705287   10.4260686467   -0.337234878093   -1.55909463454   0.0387262343776   
34.0   1.22122132245   7.39622165195   7.49636420161   1.40715852337   3.5716101762   0.515244741317   
35.0   11.3736401536   5.33371001219   12.5621715017   0.438503506721   0.893818420647   0.0652296939723   
36.0   12.5139230787   -2.21650064288   12.7087035499   -0.175304607419   5.85613112515e-05   -0.0103236100246   
37.0   8.5683721601   -8.42640820208   12.0175437034   -0.777044971824   -0.222124581559   -0.0355105176229   
38.0   12.5290036289   -0.285578656777   12.5322578613   -0.022789459098   -0.300807412948   -0.0245522879231   
39.0   11.1010372977   -4.15455811335   11.8529904329   -0.358112571343   -0.149535958745   -0.186644464993   
40.0   12.373809834   0.321718043001   12.3779914488   0.025994061923   0.677971590402   0.4990758848   
41.0   9.8009082154   -1.27894161124   9.88400189658   -0.129758947089   -1.18728090847   0.284086071617   
42.0   8.29666637874   5.31737662804   9.85439836848   0.569955095465   1.97387915127   0.595111422522   
43.0   11.7552076284   -1.02387395006   11.7997128886   -0.0868803471405   0.464816826694   0.383784969162   
44.0   9.96865325635   -0.625363342105   9.98824944898   -0.0626508817622   1.56388274365   0.491311560632   
45.0   12.4245933061   0.952056313948   12.461016413   0.0764773094876   -0.27049525351   -0.591817195927   
46.0   12.5467945974   -1.43656880214   12.6287681344   -0.114000442749   -0.403023075194   0.240849477783   
47.0   12.0155814823   0.98303182763   12.0557268521   0.0816312823832   -0.394920316378   0.285730466365   
48.0   5.99110135832   -9.46505263302   11.2018086411   -1.00648576622   -1.84050480772   -0.0130210069643   
49.0   11.4781737255   2.92026068573   11.8438336085   0.249132985713   -0.204658690705   -0.792470174418   
50.0   6.87792653416   -9.18889012376   11.4778732837   -0.928252960637   -0.912544030718   0.865044343309   
51.0   11.4677000426   -5.34871392421   12.6537300789   -0.436420952632   -0.74542525826   -0.30018122969   
52.0   11.9646131298   1.16239850911   12.0209457881   0.0968490905226   0.119893719465   0.453666628347   
53.0   10.6192696717   7.14817095626   12.8009857581   0.592465304169   0.560081308631   -0.167766098902   
54.0   7.79792819889   -8.84149146605   11.7889632937   -0.848032454693   -1.13337003716   -0.298902470931   
55.0   11.8642576954   0.755296294453   11.8882750285   0.0635756940428   0.335259613247   -0.14836545541   
56.0   11.9331332199   -0.264827171496   11.936071459   -0.0221889509384   -0.950778644472   -0.723763671516   
57.0   10.8148653181   1.05412006667   10.8661161858   0.097162634829   0.960933475567   0.215512037797   
58.0   12.337126903   2.43293374847   12.5747312833   0.194705890546   0.265758575476   0.222966091256   
59.0   11.0697921607   -1.81621064577   11.217794774   -0.162620238777   -1.01481318203   -0.710897573849   
60.0   11.4690891459   4.29981662057   12.2486092601   0.358687208326   0.811171707346   -0.339149807232   
61.0   11.694739736   -0.68918963022   11.7150296559   -0.0588635119535   0.328489395735   -0.21753999008   
62.0   10.5406106013   2.1125553385   10.7502261328   0.197799935367   0.0144685325904   -1.08347347655   
63.0   9.58107145422   -8.05292779987   12.5158530017   -0.69895518241   -0.770812313145   0.0739482811444   
64.0   7.26153603267   10.0063224927   12.3635106414   0.943032875918   1.79078828806   0.39876996839   
65.0   9.27946806214   -3.52268425368   9.92561493649   -0.362816101992   -1.95165769875   -0.351985137252   
66.0   10.981775584   2.96492837213   11.3749811089   0.263699015619   -0.227543911908   -0.218794204469   
67.0   4.54078758182   -9.27832273519   10.3298608239   -1.11566666924   -0.744121403796   -0.0437028796465   
68.0   11.589776557   -4.47469048709   12.4235975304   -0.368457310022   -0.043481892304   -0.125144962153   
69.0   10.5125343487   2.01829116399   10.704526036   0.189680962072   0.541972530097   -0.222954240968   
70.0   2.99395883282   -9.5056454221   9.96599640695   -1.26566607764   -2.0418526739   -0.08674680804   
71.0   -3.27019667572   9.00178898754   9.57738958559   1.9192551772   2.34333091197   -0.294638619388   
72.0   11.1443635744   -3.13702017083   11.5774666931   -0.274389284745   -0.631658606652   0.257100041892   
73.0   -7.11163486372   -5.02959796484   8.71046532183   -2.52602738821   -3.39849473466   0.241823598067   
74.0   10.7281914197   -5.72627149524   12.1607679188   -0.490288870102   0.191870152767   0.771486763491   
75.0   4.41690242514   -7.62732064932   8.81391214619   -1.04589400011   -1.84177014575   -0.382662395444   
76.0   11.5060936214   4.35186426148   12.3015817265   0.361592936555   0.853720181751   0.497480975584   
77.0   4.54309148577   9.10142410178   10.1722957551   1.10781877707   1.39062212253   -0.42822027384   
78.0   7.65259626739   8.67183713028   11.5655950494   0.847753743233   0.34296288055   0.157788426897   
79.0   10.4349457056   7.46556969251   12.8305425728   0.621012894686   0.882818876064   0.267063615501   
80.0   12.2661590535   2.75938623527   12.5727033816   0.221275678403   0.206470330669   0.524176162357   
81.0   9.45375908674   -5.39780347594   10.8862226339   -0.518799607799   -0.0273305662179   -0.161429403681   
82.0   9.44149184099   -7.18999879604   11.8675124129   -0.650840870598   -0.669876792818   0.0759506670501   
83.0   12.0716675552   -1.72037201425   12.1936392201   -0.141559977765   0.326453691651   -0.0562695635713   
84.0   10.8402910255   4.3306512329   11.6733221329   0.380071685956   -0.0514078232119   -0.0979282363677   
85.0   7.00832239748   -6.82154954646   9.78008798743   -0.771893953227   -2.07203487884   -0.57838785512   
86.0   -3.55480136393   8.41947364409   9.13915473009   1.97030299977   1.93728019419   -0.0935320563434   
87.0   0.0313077559996   -10.7800953355   10.7801407976   -1.56789211612   -2.55232673816   -0.32570885644   
88.0   5.12183052892   -10.8348365849   11.984441238   -1.12921092132   -1.86464171264   -0.24973454799   
89.0   12.1014775547   2.75330352523   12.4107388704   0.22370977974   -0.179608675862   -0.757503272242   
90.0   11.3214322575   4.74608840853   12.2760003072   0.396958575128   0.532384383047   -0.00812828125256   
91.0   0.269799487623   -11.6030800117   11.606216331   -1.54754811351   -1.67178982216   -0.159727438478   
92.0   9.1271388815   5.8566726972   10.8445967765   0.570501798418   1.98251076976   0.617957792414   
93.0   11.2892148749   -2.94528026786   11.6670925405   -0.255204591799   -1.41307760823   -0.377698922386   
94.0   1.86626523388   11.0182892558   11.1752245637   1.40300992828   1.74488833736   -0.274242118382   
95.0   0.0479575243401   9.9068312991   9.9069473761   1.56595551057   2.22995177306   0.0337631125542   
96.0   0.647568925689   10.3858966824   10.4060653184   1.50852614158   2.58124446391   0.0816702800235   
97.0   9.21690156826   -5.33614809845   10.6501526303   -0.524799606329   0.842938417639   0.921244432728   
98.0   8.32419298246   8.65496783353   12.0083577982   0.804876924401   1.37036209538   0.401209118272   
99.0   5.54875316716   -8.54522604627   10.1886971636   -0.994885540183   -1.99364511789   -0.0951971827515   
