0.0   48.3158475771   11.6765665512   49.7067735174   0.237124907798   -3.26959629442   -0.964543935102   
1.0   60.8042263322   29.3809320945   67.5306827346   0.450121905862   0.776526404011   0.0808400690027   
2.0   2.79121523537   42.2324787462   42.3246162834   1.50480063283   -0.304580127143   -0.0135389414141   
3.0   -40.6908190893   27.3232371327   49.0132843785   2.55026233046   0.513587707101   0.343573568935   
4.0   -32.0141418621   14.2893765308   35.0584021428   2.72178174708   -5.15563813097   0.048660571767   
5.0   67.854875219   14.319646341   69.3493789613   0.207981758742   0.806538164665   0.323934678926   
6.0   -0.251158623096   56.0470683933   56.0476311376   1.57527750572   2.11602251467   0.325291269266   
7.0   41.5426207386   8.26816723936   42.3574306035   0.196461291419   1.56954802862   -0.438063380782   
8.0   -5.07689950162   52.5214059331   52.766210682   1.66716036979   0.0579426478919   0.038217050322   
9.0   53.468414434   -30.1765748399   61.3962296168   -0.513817452117   1.05072087972   -0.0505671386388   
10.0   40.9538835372   -32.7708594711   52.4514042448   -0.674856359454   -0.388847239491   -0.412200764305   
11.0   -19.183809769   19.8380626659   27.5965086123   2.33942974876   5.15849176922   -0.0802129519086   
12.0   -14.5837468186   38.6929152899   41.3500588258   1.93124046785   2.71919594738   0.533700529575   
13.0   57.3484549963   -23.9121178539   62.1340057515   -0.395042609964   -2.01047799982   0.10524143188   
14.0   60.6425386984   -33.4720739384   69.2668552305   -0.50434446701   -0.723185512565   0.119774783359   
15.0   40.3937582274   40.2911752232   57.0529096944   0.784126761854   0.694829399332   0.794556701933   
16.0   -22.1198626733   -33.3756186586   40.0402328356   -2.1560860564   5.89262579905   -0.184571275623   
17.0   -34.7329124477   -6.37943736083   35.3139126711   -2.9599459729   4.22103177479   -0.198513087649   
18.0   -50.8168842882   16.2847192262   53.3624194451   2.83147355543   3.65152872547   -0.727654343892   
19.0   25.8707036671   -2.92206419514   26.0352024649   -0.112472102953   2.40665643354   0.167386498171   
20.0   -17.6528638112   15.9928228862   23.8200332621   2.40549340559   2.48770126293   -0.374885559316   
21.0   -26.2487180728   -1.67654425103   26.3022052515   -3.07780782594   -5.34519006191   0.511749155889   
22.0   1.48412176671   0.94631799389   1.76015202865   0.567628823243   11.1237633505   0.0154122955638   
23.0   27.2224520491   -39.1320971184   47.6695177283   -0.96299220187   -6.99282092914   -0.476005156545   
24.0   27.7737124134   -1.07830771908   27.7946370504   -0.0388052699798   0.884449463005   -0.398553700456   
25.0   -29.3562907443   -37.3845693133   47.533123493   -2.23647938774   -3.11184118481   -0.036004784423   
26.0   -55.243004462   -17.1323365855   57.8386246281   -2.84087129839   5.79920232105   0.12614875173   
27.0   29.7698497769   36.4875212885   47.0912217459   0.886440423105   0.982953139248   0.205418754449   
28.0   14.4094651022   27.4052657003   30.9625785851   1.08672878016   5.69537069408   0.00241411108348   
29.0   9.37282336554   12.7072613729   15.7900066321   0.935281248319   6.07073220975   0.512560878531   
30.0   -29.079512807   7.91891407511   30.1384681964   2.87572032409   1.40673195514   -0.00692096820756   
31.0   -26.7261486156   8.10326218152   27.9275827419   2.84720630602   3.50711849528   -0.177552383895   
32.0   44.193892366   -28.9254889694   52.8184062101   -0.579541452957   0.213840148379   0.0223100416084   
33.0   4.6664278516   -18.9135241942   19.4806813623   -1.3289029523   2.65848307679   0.0177249148109   
34.0   35.263993867   -10.1761936058   36.7029178644   -0.280939497926   9.23650592003   -0.247621317934   
35.0   37.3804828565   4.44860749195   37.6442639349   0.118451710993   -1.32242298018   -0.117977243104   
36.0   25.1305181152   17.7636438808   30.7748271264   0.615312139728   1.72962267735   -0.179767649185   
37.0   15.1599324883   -71.0861207374   72.6846621685   -1.36068245092   -2.06795804025   0.162822923431   
38.0   33.374846191   -29.584232115   44.5994074861   -0.725263170196   0.707569734957   -0.119838866772   
39.0   23.5532958857   -63.6891543013   67.9048313649   -1.21657787977   -1.75750154582   0.0591273777353   
40.0   48.2181252614   -1.20791593892   48.2332526857   -0.025045838033   -1.84734790045   0.29699145974   
41.0   52.9848433451   -13.3016266837   54.6289931881   -0.245962779331   0.595404140893   -0.20925911841   
42.0   -26.425722848   26.9465680314   37.7417058002   2.34643608106   1.06491399307   0.0835143450518   
43.0   61.7501118917   16.1785710656   63.8343362177   0.256241137835   -1.93971439075   -0.015995865589   
44.0   -29.5451857852   49.5525940561   57.6920928791   2.10844574699   2.6058946582   0.52313089926   
45.0   34.8318526683   37.8809894651   51.4609300651   0.827307561143   3.38921863866   0.202698700406   
46.0   -1.86773249504   -20.5463614111   20.6310783021   -1.66145049178   4.52770897611   -0.0947309307967   
47.0   10.3161550434   29.4437554055   31.1986824603   1.23379354357   7.34319850044   0.798881458005   
48.0   5.09262098496   -69.2457237223   69.4327375402   -1.49738429751   0.109743416919   0.406775757626   
49.0   22.1888571124   -32.443191209   39.3052927196   -0.970937521522   -3.30822806758   -0.213766816313   
50.0   12.9933064129   -53.3816955007   54.94025324   -1.332035442   -1.64647953637   -0.152294634036   
51.0   21.9513130533   -2.98284146531   22.153046923   -0.135057216865   3.68691278341   0.0158982170062   
52.0   -21.7209721291   -28.4755859539   35.8142377506   -2.22243468394   -2.60845711145   0.19758401969   
53.0   -20.7639639131   49.097578541   53.3077331724   1.97089724263   1.71246421414   -0.122715394465   
54.0   -35.0750225195   14.7871752862   38.064652339   2.74261635308   -3.52724594351   0.436026794999   
55.0   -18.7882315448   40.1446753737   44.3237250853   2.00852851422   3.02664668697   -0.167145471909   
56.0   11.3717037455   -22.9437359476   25.6072385334   -1.1106473298   3.65403764885   0.168351091289   
57.0   29.7916082142   22.4464718439   37.3012602767   0.645705125832   2.69542359802   0.0710437450605   
58.0   66.5704197346   7.23620751053   66.9625528394   0.108274930753   -1.22026164152   -0.337465826319   
59.0   22.1590731533   -30.4562809891   37.6644338162   -0.941805704268   -5.22559893129   -0.13287762384   
60.0   28.932061835   40.5753403045   49.8339486981   0.951368577954   3.31002922077   0.346378022048   
61.0   20.0795750505   -7.89112214099   21.5745021461   -0.374450859186   -6.23736688041   0.115050878354   
62.0   12.6246750047   46.1733858553   47.8681938276   1.30390067286   0.107636736249   -0.0562468934543   
63.0   52.0007756936   20.3798035077   55.8517418148   0.373515835701   1.2497772145   0.50651521433   
64.0   22.5291638969   51.1471530057   55.8891267286   1.15588957375   1.18526802419   0.436201253621   
65.0   30.8807440304   1.90622111063   30.9395221488   0.061650246234   1.98443889367   0.272449015747   
66.0   43.4517736027   -16.6749490544   46.5414928337   -0.366426387835   7.48095815101   -0.067017142727   
67.0   -40.1705891419   -31.3014169107   50.9259750287   -2.47965629205   -2.08817196819   0.223638278475   
68.0   43.7614239491   -19.8318363795   48.0454364143   -0.42549591714   5.74329602537   -0.307389433675   
69.0   -32.2176967362   22.7482287451   39.4393444928   2.52679867875   1.16996831019   -0.84375497926   
70.0   46.3384588947   -50.0563058449   68.2120702484   -0.823948027492   -2.24525609271   0.0211770931994   
71.0   36.2215092017   21.5874401997   42.1665187468   0.53746133181   -1.48456663888   -0.375838484428   
72.0   9.72575194459   -52.978511496   53.8638369522   -1.38923870608   -4.00561558431   -0.271474987499   
73.0   40.4570627332   -33.9828301433   52.8356571791   -0.69864384631   -8.90686527207   -0.289059148111   
74.0   22.8747246162   10.7644641467   25.280955572   0.43983856915   -0.78325921163   0.522683500088   
75.0   8.73894258577   -63.3523959252   63.9522883639   -1.43371960257   -0.0753805413409   -0.459343337285   
76.0   53.8834882   35.463986734   64.5067799202   0.582090618801   -0.980384992375   -0.359923910119   
77.0   -1.60795372671   32.5590496996   32.5987305355   1.62014200516   3.35806478188   -0.145844218438   
78.0   1.55974141304   -21.4477525811   21.5043922038   -1.49820128554   -3.12846427147   0.228738429849   
79.0   23.3096567939   52.595653149   57.5294953048   1.15362335929   0.74722285948   0.511066019399   
80.0   36.7303160074   0.602945263635   36.7352644879   0.0164139920335   1.53683959675   0.562520748984   
81.0   23.5098274088   41.4697686863   47.6702601177   1.055059485   1.39573298454   -0.0245184877739   
82.0   20.0493073653   30.4000127897   36.4161434455   0.987760248847   0.795307192144   -0.229121968833   
83.0   44.7708575914   -23.7329098068   50.6722872719   -0.4874345226   -0.378236879184   0.235303914689   
84.0   29.6776905594   25.7928669332   39.3196808427   0.715478352697   3.63438243364   -0.0922635207046   
85.0   29.1883219538   9.039075878   30.5559001047   0.300314835382   -8.78059367514   -0.0825201015747   
86.0   -6.12069951966   -16.3258100528   17.4354534352   -1.92948755749   0.175628218767   0.542430460315   
87.0   17.4339750227   -44.2607336057   47.5705373567   -1.19556602034   -5.74426236206   0.0881957315867   
88.0   23.0128382948   16.0002778367   28.028550038   0.607548561072   1.38028080278   -0.593037898768   
89.0   58.5450225946   38.7614503197   70.2137429674   0.584820039258   1.70187151173   0.0831707003065   
90.0   49.3335571626   -32.3898687933   59.0161288358   -0.580964910424   0.424129488324   -0.252970043205   
91.0   -18.2737663605   -3.39027660749   18.5855995995   -2.95815139862   -10.9824543866   0.232698044268   
92.0   -20.7446729286   -16.5500767482   26.5376429867   -2.4681953019   3.17509882364   -0.644147780476   
93.0   5.4913672975   -60.5592506469   60.8077129459   -1.48036604125   0.177226026027   -0.301757196169   
94.0   32.8404431933   -4.01394684596   33.0848375908   -0.121622470503   -0.479349179514   0.0215607066862   
95.0   -36.8836329567   30.485511962   47.8515289168   2.45088158276   -1.55325521153   -0.117150338243   
96.0   -25.3076219417   62.0654474714   67.0268267052   1.9579718526   1.14651679516   0.132042776026   
97.0   44.1267198533   -14.8875744386   46.5704549868   -0.325390191412   1.36889087045   0.253527399648   
98.0   -22.0054946148   9.81621009572   24.0956380676   2.7220034159   4.58040071893   -0.34933956563   
99.0   35.394201018   -22.2204423823   41.7911177808   -0.560609514966   0.063923359506   -0.0857243604169   
