0.0   7.39468750428   -2.47217461884   7.79698984429   -0.32263618615   -0.286182517958   0.447804262522   
1.0   7.85118479303   0.691626933418   7.8815893365   0.0878652304526   0.378076387654   0.303151758675   
2.0   1.6071053896   4.90541264117   5.16196289345   1.25419764152   2.36706097373   0.246097811147   
3.0   3.241174045   6.58122330269   7.3360554353   1.11317629045   0.870931684559   0.18286875476   
4.0   4.88540373218   -4.5985066133   6.70920507206   -0.755156454919   -1.30150299913   -0.166375409308   
5.0   7.89848304943   0.749031012441   7.93391970843   0.094549505471   0.0364866289013   0.0604913469051   
6.0   6.7249785933   3.81882372429   7.7336118158   0.516449281779   0.477571758786   0.149809565899   
7.0   6.22715571722   -4.18609300055   7.50338876347   -0.591845598606   -1.222755059   -0.506698783563   
8.0   7.61106708716   -0.733803126745   7.6463592143   -0.0961155710979   0.236502620128   0.279288557703   
9.0   7.07907349483   -3.33533396176   7.82545424763   -0.440305691108   -0.349896258037   0.464165731148   
10.0   7.17488591114   -1.47666530064   7.32526642846   -0.202976077077   0.0384020341042   -0.326050473178   
11.0   5.21812009742   3.85028776397   6.48486647638   0.635691794261   1.74323679153   0.337252253015   
12.0   6.72262337327   2.86590109528   7.30801300675   0.402977128484   1.25166403581   0.329927468349   
13.0   7.48359254844   2.07196168953   7.76512605654   0.27010134835   0.375205414676   0.398749455491   
14.0   0.499314706806   -6.41351559324   6.43292293138   -1.49309954066   -1.87610239661   -0.273656846186   
15.0   4.09823894833   5.16536175088   6.59367306553   0.900087887852   1.21149919891   -0.0713212360064   
16.0   2.34233541474   7.30300476656   7.66944677376   1.26042603002   0.932831140792   -0.628149546724   
17.0   7.52843698128   2.06246690951   7.80583968154   0.26739614779   0.680618153611   0.20045882545   
18.0   2.71241375351   6.48698168718   7.03122462875   1.1747574035   2.06781307786   0.554226041709   
19.0   4.56974993281   6.07212307583   7.59955874353   0.925646950405   1.08885330126   0.0956699476724   
20.0   7.4399882475   -0.334312411599   7.44749554625   -0.0449043288641   -0.875075532481   -0.788328557954   
21.0   7.30431500888   -2.87672399696   7.8503858952   -0.375183898447   -0.454228459517   -0.386248073097   
22.0   -0.261072597544   6.863924906   6.86888812082   1.60881346898   2.1827714171   -0.247090795699   
23.0   7.73711203118   1.82795923155   7.95011556741   0.232004353968   0.152400666776   -0.106868929032   
24.0   7.54824057527   -1.03004454401   7.61819713218   -0.135623830482   -0.18077121436   0.20184130733   
25.0   7.6498501531   0.543100035115   7.669104577   0.0708759409453   0.0585486024039   0.664068518658   
26.0   0.905286778032   6.88979272872   6.94901345481   1.44014940056   1.8678180611   -0.27868047593   
27.0   3.93946966828   5.27329216155   6.58232720915   0.929178984829   1.44314540556   0.130570034129   
28.0   7.01155721689   3.1677311545   7.69392326924   0.424339091935   0.705697021405   -0.106265924945   
29.0   7.65816747573   0.139098226424   7.65943061872   0.0181613856489   0.276251224129   0.115258566827   
30.0   7.18958833406   3.00244594588   7.79133249651   0.395594869735   0.380020473846   -0.014788200891   
31.0   6.23850369399   4.69043317016   7.80506833177   0.644685508661   0.606675572167   -0.227708910533   
32.0   7.72486623402   -0.38592571193   7.73450043563   -0.0499173842155   0.258144845685   0.303097862713   
33.0   7.63254441588   0.497397688336   7.64873445223   0.0650759854741   -0.084783599114   -0.479526804396   
34.0   4.65299698405   5.20878936593   6.98440173474   0.841696792956   1.7869008699   0.481203235155   
35.0   7.29451641238   2.75991503798   7.79917307844   0.36170858471   0.48243012671   -0.262214911924   
36.0   7.64672155747   -1.60246040814   7.81282470923   -0.206572424869   -0.0317977740367   0.319544873511   
37.0   4.64188490264   -5.82386168742   7.44744656936   -0.897859281174   -1.05732035456   0.159575868146   
38.0   7.80056677084   0.669945807425   7.82928281078   0.085674013461   0.229893816342   0.00293318576401   
39.0   6.16896215089   -3.53451853644   7.10977603751   -0.520293710094   -0.16237205222   -0.0901578811139   
40.0   7.72450520176   -0.161407249658   7.72619135877   -0.020892440399   -0.0149792220664   0.0364316002376   
41.0   7.0479839087   2.51884264691   7.48456047188   0.34323853891   -0.101962536571   0.121246123945   
42.0   6.9881698701   0.877029754093   7.04298937405   0.124849305565   0.983551110606   0.417120460132   
43.0   7.18339018301   -0.757413483765   7.22321048473   -0.105051402192   0.138874039342   -0.400555347055   
44.0   6.8519964974   -3.65693899274   7.76679205316   -0.490245982885   -0.770444100769   -0.294187497629   
45.0   7.6849848183   0.00275161408216   7.68498531091   0.000358050670188   0.334880480293   0.400427100415   
46.0   7.90740142895   0.215231533343   7.91033007981   0.0272122777322   0.0676391543745   0.183603938017   
47.0   7.64168983035   1.24734710238   7.74282237024   0.161802285901   0.591896394024   0.354924201669   
48.0   6.3393881748   -4.5421884118   7.79867411802   -0.621715916704   -1.06566786707   -0.601455987097   
49.0   7.13932035161   0.971342043367   7.20509545032   0.135224948767   0.726292622067   0.7286752055   
50.0   5.94950668634   -4.50076597717   7.46012896618   -0.647644315768   -1.28702931103   -0.375315848732   
51.0   7.06902090359   -3.13093947849   7.73135425093   -0.416942192556   -0.660182391105   0.166742634593   
52.0   7.4421250671   2.85386778577   7.97055749951   0.36617989488   0.391441914622   0.029862882017   
53.0   6.5369118623   4.39142919242   7.87501536808   0.591540846487   0.690659440567   -0.0452510398275   
54.0   5.70896512553   -4.44872381142   7.23763955685   -0.66196121046   -1.0715239867   -0.213703156713   
55.0   7.13350700916   -0.745818979837   7.1723892951   -0.104173044675   0.40728500121   0.1753132253   
56.0   7.49720802694   -0.0441061054892   7.49733776401   -0.00588293622209   0.750375100471   0.675198551589   
57.0   6.75916494472   -1.34298994254   6.89129398122   -0.196137258763   0.897369547962   0.468525094702   
58.0   7.65020754766   0.892358052007   7.70207624055   0.11612019857   0.190130475449   0.526979550727   
59.0   7.56877355094   1.54213210129   7.72428019191   0.20099801611   -0.188539990496   -0.784709542808   
60.0   7.73994373897   1.38288757408   7.86251277423   0.1768033564   0.193522829994   0.226794813539   
61.0   7.23967817826   -2.36961881578   7.61761337013   -0.316319763274   -0.358903919238   0.241786768855   
62.0   7.29374760184   -1.15729003224   7.38498979675   -0.157357001692   0.690807544882   0.483153533725   
63.0   5.68970996478   -4.9775249223   7.55966625159   -0.718733305486   -0.569083461981   -0.0097761118379   
64.0   5.18385824156   5.96592144767   7.9034552563   0.855425057035   0.548883212009   -0.218733034009   
65.0   7.65837880717   0.274189744619   7.66328558584   0.0357872974321   -0.107043327893   -0.376886159029   
66.0   7.43013857988   0.92517470473   7.48751678132   0.123878885396   0.924835446085   0.523095163765   
67.0   1.81416243561   -5.30465918129   5.60629952575   -1.24127138948   -1.87674279877   -0.0139023695544   
68.0   6.96729524258   -3.40899448608   7.75657439876   -0.455039089917   -0.637517253714   -0.107667145276   
69.0   7.00639075026   -1.48308452946   7.16163745709   -0.2085968295   0.319137723339   -0.1816474336   
70.0   4.85792812243   -4.92925161613   6.92076492433   -0.792685475275   -1.43748599585   0.275747569216   
71.0   0.911130552033   6.34128192197   6.40640424082   1.42809062208   2.02728482833   0.207623585235   
72.0   7.73760516088   0.363990068214   7.74616178474   0.0470070419477   -0.38068792153   -0.431409711468   
73.0   -2.31394575233   -5.70749898644   6.15872467521   -1.95596810006   -2.62505136942   -0.327567544057   
74.0   6.34114864966   -3.99436374986   7.49433839397   -0.562123532695   -0.884567761502   -0.459262433353   
75.0   5.85253031244   -2.9949725845   6.57434193209   -0.472995265036   -1.6503422449   -0.620600732164   
76.0   7.20163229579   1.98814017085   7.47102463272   0.269358843698   0.566335195291   -0.239483228767   
77.0   4.70742005961   4.18449353651   6.29839580963   0.726656598498   1.49778659969   0.338292985004   
78.0   2.89222620042   7.20917942271   7.76770495985   1.18926743511   0.848794627758   -0.376182338781   
79.0   6.56019826447   4.37831533843   7.88706830653   0.588514238731   0.743712995312   0.241559870722   
80.0   7.39077619032   2.75769939892   7.88850294227   0.357127726393   0.326448168134   -0.219443377583   
81.0   4.86519773313   -5.68003692855   7.47883470149   -0.862515768067   -1.03363324705   0.0416587521976   
82.0   5.61683392612   -4.27979436412   7.06154821217   -0.651110722522   -1.26905715123   0.0434417398838   
83.0   7.44459969327   -1.30307841654   7.55778260819   -0.173281308719   -0.577072550819   0.0322785093819   
84.0   6.35191205741   4.17033451204   7.59858386328   0.580964548972   1.10225093843   0.365865820621   
85.0   6.7951708999   -2.10599867432   7.11404090339   -0.300537960244   -0.59343247574   -0.300286032651   
86.0   -0.25148478055   4.97695544186   4.98330513466   1.62128323089   2.84525746054   0.243664051792   
87.0   3.35971748649   -7.10397520741   7.8583818523   -1.12903431121   -1.01503288599   0.071488256996   
88.0   4.14138165181   -6.1969217411   7.45338051164   -0.98166616531   -0.906910453068   0.361680746269   
89.0   7.68108138255   1.05620269085   7.75335897076   0.136650062391   0.267761380706   0.462301480734   
90.0   6.7201181973   3.45950912439   7.55831938776   0.475416476657   -0.210733059533   -0.538155032324   
91.0   0.414049171791   -6.73248261967   6.74520266121   -1.50937346686   -1.9844920387   -0.0939767423894   
92.0   7.23618043058   1.81103350593   7.45936656718   0.245237268155   0.81524144748   0.152269211689   
93.0   7.71516479257   -0.687414351653   7.74572825933   -0.0888644556412   -0.180266101868   -0.144760504403   
94.0   2.50361023848   6.18178468771   6.66952218314   1.18598879573   1.72413840849   0.0833893023331   
95.0   2.44122987105   5.57506294971   6.08612604015   1.158063772   1.99844345193   0.293238096061   
96.0   2.90344511369   6.41697630749   7.04326475856   1.14589595814   1.74482747209   -0.0776114360947   
97.0   4.87703786283   -4.66431257306   6.74843019484   -0.76310676396   -1.37349544688   0.0637015491196   
98.0   5.83338538532   4.46119760746   7.34375034614   0.65288703064   0.836374584422   -0.148671569005   
99.0   6.32396191054   -3.70090397898   7.32729039329   -0.529480370793   -1.51464811218   -0.813888108784   
