0.0   49.9777013632   12.2912416224   51.4669335998   0.241148676984   -2.00227729151   -0.0846940758853   
1.0   59.3232601775   28.0392139087   65.6159029101   0.441530235021   0.389091708445   -0.443717068732   
2.0   0.879296655138   42.8193211803   42.8283484266   1.55026416828   0.636756390978   -0.333833450399   
3.0   -42.5473889218   26.6627355992   50.2113709601   2.58180070891   0.666916086675   -0.0444903567868   
4.0   -32.9153287878   12.5045810969   35.2105583258   2.77853176243   -5.25831778019   0.3593610351   
5.0   66.2770838771   13.1336635454   67.5658565059   0.195628558987   0.0468680221601   -0.754680328172   
6.0   0.485618983435   54.2161467343   54.2183215575   1.56183947489   1.62575111728   -0.12609464839   
7.0   41.9644281911   6.36206436431   42.4439524123   0.150460359127   2.49493342401   -0.0102807280842   
8.0   -7.07502675271   52.4437713837   52.9188544896   1.70489362245   0.22719437071   0.324778770077   
9.0   52.5190209691   -31.9361473897   61.4667802447   -0.546344802086   0.21070585163   0.861995360732   
10.0   39.0288095069   -32.415088909   50.7344652136   -0.693089023733   -0.448343958235   0.925640038877   
11.0   -20.1176138888   21.6048618049   29.520983083   2.3205633718   6.25763675323   -0.0894300633958   
12.0   -13.0949250602   37.4660205822   39.688534372   1.90703874501   2.26062929103   -0.43535891082   
13.0   58.2924587668   -22.1520634965   62.3596397218   -0.363160938318   -1.68988775536   0.135253894768   
14.0   59.2275817179   -32.0636819876   67.349730057   -0.496188734473   -0.573792109017   -0.143274234616   
15.0   38.630563934   39.7504829013   55.4294268484   0.799685326061   -0.239143075246   -0.0221677992661   
16.0   -24.0234182046   -32.7903782086   40.6489055855   -2.20309167524   5.34576296953   0.0296370746537   
17.0   -33.9724130628   -4.5403173316   34.2744705397   -3.00873276565   4.45811552226   -0.286959712981   
18.0   -49.6170342885   17.7178393097   52.6855950084   2.7986139377   4.46557758061   -0.456928802233   
19.0   27.2323660344   -4.37737265558   27.581935233   -0.159378216056   2.20550605242   0.37388547086   
20.0   -15.8978113435   15.1091431365   21.9323188886   2.38162421104   3.24802758549   0.48547627719   
21.0   -27.7506481048   -2.89637404611   27.9013880094   -3.03759777986   -6.18479492313   0.653515103015   
22.0   1.24374563288   2.93176045846   3.18466993347   1.16957664244   10.7135660961   -0.36422313537   
23.0   25.4910203939   -38.2490288455   45.9649902463   -0.982944550744   -6.68422874431   -0.239498197686   
24.0   26.8561600963   -2.81074653112   27.002844872   -0.104279646788   1.32971610936   -0.649761173899   
25.0   -27.3588944501   -37.289113357   46.2491846467   -2.20378132764   -3.50814043342   0.0394523595907   
26.0   -56.9477256363   -16.0940527599   59.178222256   -2.8661644311   5.34182936887   0.138743741274   
27.0   28.5026368381   34.9538581326   45.1018015724   0.88671375877   0.571982545596   -0.0970371046137   
28.0   12.7464971401   28.5163605338   31.2354927516   1.15044923844   5.40143556488   0.493148951557   
29.0   7.64681661156   13.5812657518   15.5860381019   1.05799559376   5.69738554043   -0.268731358529   
30.0   -29.3993395957   5.94466410976   29.9943361327   2.94207876248   1.01151543449   -0.274071919195   
31.0   -24.9360906887   8.97747640029   26.5028998669   2.79601989917   3.76419606162   -0.160965611728   
32.0   42.2349550662   -29.3280643514   51.4191286201   -0.606959461032   -0.0464607104029   0.152098366389   
33.0   6.42916473028   -19.8582170184   20.8730194816   -1.25769237256   2.28755354795   0.0431105955835   
34.0   37.2445623249   -10.3040409144   38.6436370175   -0.269907853666   9.20382644584   0.957174642188   
35.0   36.776444722   6.35156188939   37.3208952844   0.171020268731   -0.386566773968   0.216454300921   
36.0   25.6208388033   15.8330076772   30.1182920015   0.55353082063   2.26485790359   0.0685708218976   
37.0   16.2499699835   -69.4171793143   71.2938027351   -1.34084551674   -2.4421405076   -0.656737426291   
38.0   31.9381166613   -30.970400966   44.4883021913   -0.770016472472   0.341954078795   0.307375938821   
39.0   23.9822822464   -61.7365981116   66.2310909478   -1.20027646588   -2.27587630571   0.190014193141   
40.0   49.0337766832   0.59407053591   49.0373752929   0.0121149442594   -1.66214419698   -0.0708761850054   
41.0   51.4635675097   -14.5830672844   53.4898554143   -0.276128013966   0.755132309329   -0.0780425646298   
42.0   -27.4661618933   25.240544585   37.3024816882   2.39839587323   0.732926654467   -0.731157813522   
43.0   62.4563597665   18.0496557983   65.0122061595   0.281331320455   -1.86522275796   -0.253139096905   
44.0   -28.1953798655   48.1703703139   55.8154460874   2.10035639214   2.65749205062   0.421127750724   
45.0   36.8003406391   38.171004689   53.0216056916   0.803678632551   3.21197476577   0.35152408671   
46.0   -1.59427267765   -18.5674090398   18.6357286903   -1.65645027665   4.40762336272   0.149058177491   
47.0   8.86119605866   28.3132193888   29.667476936   1.2674830802   6.29576612192   -0.344575685111   
48.0   3.14242746816   -69.062563191   69.1340182898   -1.52532651848   -0.743334752896   -0.393762078296   
49.0   24.1738950492   -32.5619425671   40.5543746789   -0.932178791961   -2.92279529888   -0.367323739175   
50.0   12.9923808879   -51.3874913281   53.004492509   -1.32315442308   -0.441878461356   -0.0321106785806   
51.0   23.6693735078   -1.95911517058   23.7503131454   -0.0825818048082   3.98751819672   -9.044281732e-05   
52.0   -19.9155255761   -27.638059751   34.0659728435   -2.19520345827   -3.03062153782   0.307955085699   
53.0   -20.3614553963   47.1423428227   51.3516246351   1.97850890223   1.91419310461   0.246202339498   
54.0   -33.4674777756   13.6787197747   36.1549366385   2.75359446971   -3.43777375677   -0.606044825651   
55.0   -16.7961926466   40.082158165   43.4590783449   1.9676114933   3.04495694796   0.00362238943221   
56.0   13.1846335596   -22.116082472   25.74792547   -1.03320814785   3.20374915107   0.486095329789   
57.0   31.5629157448   21.5204996301   38.2014339344   0.59842602654   2.86857727474   0.791270664074   
58.0   65.592025894   8.94791396786   66.1995394641   0.135580800109   0.376703802762   -0.357399146215   
59.0   21.2968678899   -32.2559952955   38.6523713946   -0.987252499991   -4.76530855064   0.384325954073   
60.0   30.9021200509   40.565977643   50.9954857391   0.919802142388   3.0699789113   1.06486647417   
61.0   18.08302014   -7.86774738001   19.7204732758   -0.410386118782   -5.96569649484   0.764101068656   
62.0   10.6438611405   45.9028058186   47.12068932   1.34294481332   0.0518902343171   0.0251045153545   
63.0   50.9489768125   18.7541959566   54.2910499459   0.352705559595   1.36894927293   -0.611863685489   
64.0   21.4207905071   49.5395974815   53.9724187394   1.16267678181   0.582326562852   0.0612550405431   
65.0   31.4234162689   0.000509590942917   31.423416273   1.62169172986e-05   1.25006018056   -0.747079246595   
66.0   42.7860880345   -18.5597230747   46.6381029835   -0.409283304815   7.26380230972   0.0259719486103   
67.0   -39.0009518684   -29.6945122239   49.0187546033   -2.49084856677   -2.8221847867   0.457577493452   
68.0   41.9305649047   -19.0873845282   46.0706036574   -0.427181508103   5.82214301277   -0.666227958124   
69.0   -32.1792917876   20.9239894311   38.3838527726   2.56505470281   2.21183664563   0.17974584831   
70.0   47.6038088074   -48.5076157061   67.9640448653   -0.794801626757   -1.77408321202   0.0136011769684   
71.0   35.6895859879   23.4788571439   42.7200571251   0.581882949157   -0.861593654654   -0.248493482129   
72.0   11.2046558005   -54.2974490344   55.4414762001   -1.36729585725   -3.96946215365   -0.261172529234   
73.0   42.0176056932   -32.7655665523   53.2828447034   -0.662305451527   -8.39365612322   -0.365419131379   
74.0   21.904338996   12.4351876743   25.1879725137   0.516334090811   -0.861322051492   0.296592872346   
75.0   6.81459488817   -63.6516844076   64.0154327598   -1.46414186405   0.652831747295   0.705346035932   
76.0   52.5131749645   36.8761088561   64.1676004633   0.612218260956   -1.14325252653   -0.288122401768   
77.0   0.303785858577   33.1282762786   33.1296691055   1.56162659694   3.02677782048   -0.105562430329   
78.0   3.53650129738   -21.6485679669   21.9355268102   -1.40886705604   -3.26900809387   -0.0696842137072   
79.0   21.6038334139   51.6820811447   56.0157400168   1.1748577337   0.196997904719   0.36788293799   
80.0   36.1346340883   -1.22379771731   36.1553517691   -0.0338547812114   0.714204534346   -0.417497197351   
81.0   23.1856800502   39.4963636686   45.7988919346   1.03996573911   2.21053485904   -0.723970588027   
82.0   18.8296552192   28.8315163682   34.4356247476   0.992249990556   2.28190825476   -0.451929750154   
83.0   43.0239259435   -22.7878611933   48.6861871721   -0.487089629324   -1.08330872429   -0.792304576106   
84.0   31.3923896955   26.8181963204   41.2879859605   0.706979211479   3.97509043843   0.0637018072954   
85.0   30.7352799568   10.3040324911   32.4165161546   0.323475435494   -8.838002039   0.0334121145338   
86.0   -8.03879542187   -16.1419045492   18.0328398848   -2.0328489582   0.154970627605   -0.388448168997   
87.0   15.6755825348   -45.2095657364   47.8500650143   -1.23703623435   -6.45035558214   0.525021738064   
88.0   23.2152135402   14.0982952874   27.1607818321   0.545760301439   1.97793455882   -0.238699493453   
89.0   58.7236089391   36.7711755802   69.2862295148   0.559442831361   1.29115385098   0.199165775286   
90.0   47.642766605   -33.4279314062   58.2001701705   -0.611823827647   0.390650562611   0.100795214779   
91.0   -18.4784647508   -5.36617996694   19.2418696332   -2.85896461439   -10.4130883311   -0.232864332402   
92.0   -18.9661884508   -15.889609776   24.7425949161   -2.44423224088   3.40866568037   0.0536505048475   
93.0   3.61956677627   -61.1964274385   61.3033767005   -1.51171845331   0.25048303807   0.54181323498   
94.0   31.076001947   -3.07252120235   31.2275244544   -0.0985508914818   -0.435844359109   -0.151998159322   
95.0   -37.035457738   32.476300932   49.2578445741   2.42168896413   -1.54133046888   0.0676817982435   
96.0   -26.2473529109   60.3049089946   65.7693361961   1.98131168324   0.788723520282   -0.101618175091   
97.0   43.4863323199   -16.7653314019   46.6061952497   -0.367971257112   1.50015530677   0.368252833598   
98.0   -22.0895332506   11.7839843324   25.0361691553   2.65153312465   4.79028445925   0.493996669981   
99.0   33.4074197597   -22.4334120156   40.2406966846   -0.591348097954   0.337422324511   -0.148773956446   
