0.0   29.7830729797   2.82290673939   29.9165545906   0.0944999415288   2.00841562831   -0.17510666181   
1.0   38.5850114059   1.79447225599   38.6267166074   0.046473490948   1.75045247742   0.612307741818   
2.0   12.0928446013   15.5530459708   19.7011200067   0.909912178594   -0.638763013077   -0.202215211403   
3.0   -25.746268929   4.70671892994   26.1729548743   2.96077760646   3.70951556784   -0.187608282289   
4.0   -17.6632321662   -6.65850790348   18.8765859746   -2.78109601563   -3.74832767005   0.08656510295   
5.0   34.9359421654   6.25428497519   35.4913529685   0.177144990919   -0.560974778276   -0.213263207819   
6.0   18.3892478733   29.9699702826   35.1619617781   1.02044469578   1.04862731652   -0.161581419202   
7.0   40.5948060888   -15.967592853   43.6222684292   -0.374752524546   -1.04399847639   0.0663210401539   
8.0   -5.18495234281   29.6893565186   30.1387063639   1.74369277129   2.13146658048   -0.100017088546   
9.0   21.0058545146   -27.5875670108   34.6744830887   -0.92002342604   -0.478420260075   0.289583214856   
10.0   28.0227441267   -2.97539334921   28.1802617797   -0.105781471965   -2.11833188339   -0.0787594292617   
11.0   -13.5619742944   32.7627646814   35.4587915238   1.9632659373   2.55150215792   -0.167970018659   
12.0   -19.41074674   22.7566061896   29.9105368436   2.27701323234   2.41961751228   0.197737265873   
13.0   38.8754605025   -10.9663786026   40.3926093356   -0.274945704713   -0.545516887739   -0.120883413634   
14.0   27.4589098721   -19.4502983289   33.649752398   -0.616302688883   -0.41716441842   -0.382233606818   
15.0   21.4114619979   26.090119135   33.7512225166   0.88357626455   2.84220262775   -0.0916325871343   
16.0   -21.0331605472   -8.07078389673   22.5284574552   -2.77520155962   4.13201577084   -0.444362579986   
17.0   -3.7623795035   11.7309648655   12.3195387984   1.88115414521   3.38278267066   -0.0680847830409   
18.0   -24.6071784276   25.9414796797   35.755749162   2.32980424499   2.5018262797   0.354580496191   
19.0   16.4266793962   1.85953018585   16.5315954613   0.112721967805   -1.72107516388   -0.241103149424   
20.0   14.9988061763   26.9363763103   30.8307079945   1.06272947584   2.30549255691   -0.0434467018611   
21.0   -6.57660683458   -10.0377945182   12.000378171   -2.15080751909   -3.43593690052   -0.476162585447   
22.0   -3.54290970509   -11.1873061806   11.734906423   -1.8774939918   6.39526169595   0.108419615897   
23.0   -2.47015365911   -23.2869706976   23.4176143825   -1.67647564341   -4.07565139561   -0.282710098607   
24.0   42.3932455942   -10.8884261972   43.7692254565   -0.251409086167   -0.104014463976   0.257855873612   
25.0   4.64552900792   -27.0410779704   27.4372162868   -1.40066185499   -2.72525713945   -0.576807908794   
26.0   -33.4115415924   0.7554175024   33.4200802989   3.11898702734   2.52515993473   -0.605590458184   
27.0   35.5275855463   15.1494057511   38.6227113155   0.403066419512   0.965184441757   0.0629895861752   
28.0   33.4009229782   27.665888557   43.3707625647   0.691758718076   0.648574319657   0.393817698531   
29.0   -5.57978199381   5.50537106396   7.83856349406   2.36290705535   3.53300506788   -0.10858483235   
30.0   -12.5049893311   12.2207729851   17.4849092226   2.3676887295   3.69722420356   0.690993227366   
31.0   2.52312458322   30.5549951323   30.6589935451   1.48840675474   2.57686370168   0.108763030633   
32.0   10.781532322   -16.1771284745   19.440702788   -0.982931537054   0.0730948038636   0.357850363071   
33.0   -7.59188725566   -28.9915719652   29.9691173897   -1.82691079845   -1.74717781973   0.0126201569915   
34.0   8.69624695066   -20.5735843567   22.3360042154   -1.1708839546   6.5893846951   0.615277076135   
35.0   36.085594809   23.7995908397   43.2271983461   0.583046676647   -0.0437290441035   -0.258087368732   
36.0   31.0405688819   -14.101725793   34.0936297108   -0.426423925482   0.296893370592   0.30834289678   
37.0   23.1724040609   -35.6452749348   42.5152435621   -0.994362429227   -1.60106444861   -0.433433703808   
38.0   27.1499944188   -26.2140664461   37.7398923764   -0.767861416545   -1.35604452381   -0.15107702026   
39.0   27.0039508114   -31.4419644243   41.4464773688   -0.861186406821   -1.03901649027   -0.246655625664   
40.0   38.8377261973   15.7329370239   41.9033922681   0.384890186724   1.09635141765   0.730974012008   
41.0   22.321112067   -21.4324542717   30.9448241232   -0.765090432981   -0.711094981145   -0.692240206592   
42.0   -9.83776005718   3.26593905684   10.3657069641   2.82106064155   3.56689804672   0.383134112504   
43.0   34.3289603044   15.4914221745   37.6624703991   0.42390452943   -0.106050979686   -0.48397459229   
44.0   -7.53854880951   17.1248437375   18.710691895   1.98548017034   3.00803179566   -0.390697832599   
45.0   40.9192592037   9.36036439373   41.9762098738   0.224882814311   0.533399650587   0.459429779251   
46.0   26.5955978248   -1.49750885507   26.6377243102   -0.0562472512262   2.08673016113   0.423577449115   
47.0   10.6756693765   21.5621700081   24.0602803827   1.11106749361   1.06165562004   0.166443656378   
48.0   1.8999140457   -33.7408985838   33.7943473176   -1.51454679225   -1.9966642717   0.682993589555   
49.0   19.5937584164   -17.2135428915   26.0810549587   -0.720821140133   0.84700440434   0.425501200184   
50.0   20.5525416578   -29.4804200106   35.9374753231   -0.961979584999   -1.85348022308   0.0618778986494   
51.0   32.677692615   4.59882088643   32.9997083046   0.139814513468   1.11665652457   -0.506815299727   
52.0   12.6296100555   -27.0475398653   29.8509038878   -1.13394377297   -2.1459199231   -0.50680896372   
53.0   13.067665588   35.4648653948   37.7957743854   1.21776466345   1.62143046758   -0.402836755124   
54.0   -12.7486387914   -10.5630580584   16.5561464895   -2.4496759129   -4.4473952178   0.159797078106   
55.0   16.4006571254   28.0320733232   32.4773565572   1.04142891401   2.79056429456   0.178645098747   
56.0   7.09934979558   -24.8489834791   25.8432340752   -1.2925100534   -2.89091341358   0.468585374014   
57.0   38.5564884284   3.61085724056   38.7251996759   0.0933787338783   0.216349722983   0.0523788226144   
58.0   35.3702995008   23.9931270327   42.7402413608   0.596041398498   0.904824102891   0.305023694681   
59.0   22.7839433621   -30.0090339724   37.6782456477   -0.921410241611   -0.334901683414   0.57865531761   
60.0   15.9575398395   30.2971277508   34.2426492503   1.08601647563   0.930714798123   0.260764175838   
61.0   35.5649904196   -11.296572928   37.3159631185   -0.307553273667   -1.64765719931   -0.2675002387   
62.0   22.7121362732   26.7805332244   35.1146421578   0.867415770221   1.10742558751   -0.221068042573   
63.0   39.0092358715   -8.92197051896   40.016522103   -0.224846952728   0.687371281667   0.502330341495   
64.0   -8.93649242568   34.3530590887   35.4963880645   1.82529245255   2.60436722651   0.123940825202   
65.0   11.3190402858   -17.2217730245   20.6084967696   -0.989340102622   0.832581681696   0.382588873149   
66.0   16.7290703349   -6.36714329194   17.8997851376   -0.363674284617   4.82730017496   0.000159559806367   
67.0   -9.67939473759   -31.5143931772   32.9673726556   -1.8687924958   -3.64578261   -0.610300756739   
68.0   8.51641734252   -10.7237433499   13.6940876216   -0.899623697848   5.28698156249   0.462677490654   
69.0   -5.99174326463   22.1067266879   22.9043304247   1.83547454851   2.52559790586   0.00716515526545   
70.0   22.5845092728   -27.8107749198   35.8259579178   -0.888734216765   -0.865033412884   -0.166965074831   
71.0   0.237590728682   29.2623078458   29.2632723702   1.56267716172   0.643162723475   -0.453004504233   
72.0   16.4141930304   -24.2951109786   29.3202685919   -0.976622822635   -1.1665120817   0.260410356978   
73.0   11.3681692186   -18.0456881817   21.3279659915   -1.00863395392   -7.33996862923   0.201532313435   
74.0   15.4631374315   6.30649315194   16.6997148209   0.387247071623   2.64976056203   -0.57580325485   
75.0   -4.95558671434   -36.2472440929   36.5844303497   -1.70667018544   -2.63452302941   -0.169894175549   
76.0   24.8592088483   30.801900898   39.582033342   0.891760850436   1.6210086001   -0.0615418269536   
77.0   14.9407387669   38.5971218752   41.3879631287   1.20146453039   1.08043335646   -0.437080791886   
78.0   15.0939002048   1.39947171723   15.1586392688   0.0924533776449   -1.14043024661   0.476736971559   
79.0   2.28075854143   37.1257282898   37.1957196539   1.50944006829   1.80614645177   0.0551124628414   
80.0   4.92920431246   -18.1127774242   18.7715146212   -1.30509133099   -0.122122268128   0.599357227174   
81.0   21.5782902232   19.5704003433   29.1311376117   0.736640876125   0.357495993794   -0.539894046084   
82.0   34.8698046299   7.57603425845   35.683323416   0.213941339697   0.718925242074   -0.251222493373   
83.0   43.0057262493   4.41650308382   43.2319093924   0.102336942108   0.00610072101378   -0.132746518807   
84.0   37.1304446361   11.6966121345   38.9291748474   0.305173615885   1.6340887275   0.314931673727   
85.0   17.7819388385   12.158807545   21.5414472534   0.599752058169   -5.99350585548   0.151184691645   
86.0   0.264698957597   7.24490344421   7.2497373369   1.53427668589   -1.65759764167   0.240609812548   
87.0   10.5678314594   -10.3320023582   14.7793550091   -0.774114863488   -7.89488672286   0.365477187212   
88.0   22.927709493   -20.4232322396   30.7048575589   -0.727690155511   0.728697594631   0.330635915838   
89.0   39.700597674   8.38404168699   40.5762197683   0.208123760669   0.988278097487   0.773131559306   
90.0   41.7751590609   -0.162560657374   41.7754753477   -0.00389130383981   -0.778076878177   -0.284946823547   
91.0   4.25585729189   -4.26544906856   6.02547732925   -0.786523785715   -6.09900341395   0.112119465343   
92.0   8.68397540808   -16.2157433713   18.3946123082   -1.07913234861   5.22266326465   0.109496180634   
93.0   -2.30249809182   -28.1951988453   28.2890568133   -1.65227829048   -1.85662554627   -0.497168738474   
94.0   11.176389918   17.5801052636   20.8319896477   1.00451055807   -1.99895430913   0.173621102582   
95.0   -29.3297829473   19.2532142483   35.0845040813   2.56070418449   2.42630817619   0.0897400343833   
96.0   -13.1623415892   38.0493807286   40.2616766906   1.90383882583   2.11487601777   0.226687008215   
97.0   29.6143071407   -5.45043361672   30.1116989563   -0.182010447931   -2.00495298548   -0.212428274883   
98.0   -7.31037912643   32.1871935608   33.0069246113   1.79412839814   3.03236542653   -0.0227637796644   
99.0   5.51990311034   -40.4717181275   40.8464110852   -1.43524356804   -1.58941097009   -0.142854462316   
