0.0   31.3910065155   -6.14585034562   31.9869780774   -0.193338247932   1.14639628015   0.503727141598   
1.0   31.6980153235   -4.05388852556   31.9561916947   -0.127200424456   0.192740434709   0.17888383978   
2.0   3.16328680305   19.6079170555   19.8614398938   1.41084743807   -0.323574191076   -0.521912093255   
3.0   -20.0352609846   12.0305382508   23.3697568093   2.60082891751   4.05859521139   0.580616507547   
4.0   -10.8506687835   -13.1433083221   17.0435784594   -2.26093307125   -2.99311552849   0.214022645431   
5.0   27.0516469946   12.0821172429   29.6271693246   0.420049137179   -1.07035995413   -0.278134373401   
6.0   10.458507293   26.1372324305   28.1520033732   1.19017074635   0.0306942118713   -0.0422622202408   
7.0   32.3445983314   -11.9589132862   34.4846146594   -0.354146352703   0.137175079142   -0.0321779930569   
8.0   2.9468493427   24.5073829499   24.6839166281   1.45112753161   2.4250736301   0.549654173826   
9.0   13.6549869146   -21.6484189867   25.5951697057   -1.00806471105   -0.292595807215   -0.0595690691485   
10.0   27.8267238238   6.43870082695   28.5619226787   0.227383892926   -1.36480874698   -0.57456502637   
11.0   -7.00832168928   25.7852722679   26.7207192798   1.83618093162   1.90462230629   0.154540108346   
12.0   -12.7269386117   18.6246990094   22.5578008595   2.17025104268   3.79518261368   0.719967340336   
13.0   31.6993435951   -4.98087605251   32.0882768408   -0.155854367002   -0.0197438252204   -0.038465183647   
14.0   19.9217681318   -14.331475137   24.5411496287   -0.623619688435   -0.613546014706   0.47443592499   
15.0   20.2154159804   19.1136777491   27.8207785721   0.757392174249   1.2434555685   -0.0286328861739   
16.0   -14.4527967918   -1.45738086489   14.5260901171   -3.04109506977   4.81031985243   0.215290895772   
17.0   5.78227401201   11.4509072592   12.8280150377   1.10318693354   3.09861366478   0.195228647028   
18.0   -16.0348976497   23.9468127619   28.8195729338   2.16083017527   4.07722332992   0.641691985311   
19.0   20.8696600966   9.79215386089   23.0527436498   0.438709725219   -1.82907286609   -0.0223204005553   
20.0   15.6644927227   17.837496669   23.7392632505   0.850169370351   1.77938771578   0.232076524099   
21.0   1.17043165449   -14.9533312341   14.9990674795   -1.4926832865   -3.94970377545   -0.744898281524   
22.0   -10.9734414241   -7.05983222832   13.048281411   -2.56990208837   5.47338294389   -0.200555363063   
23.0   5.901591142   -22.6667855366   23.4224666628   -1.31608833045   -2.49158507226   -0.0485722013297   
24.0   32.8826554509   -9.09149964325   34.1163361934   -0.269744545542   0.000816376411107   -0.47806289714   
25.0   10.428830904   -19.4308516915   22.0526304889   -1.0782098593   -2.55288519062   -0.186851764162   
26.0   -24.5715218632   3.54148142618   24.8254260259   2.99844890111   3.20529685948   -0.170527254231   
27.0   27.0509260919   11.8546517179   29.5344776453   0.413026855746   -0.0892695346965   -0.405266499278   
28.0   24.0221908221   25.1123677722   34.7519304071   0.807582103584   0.693738060171   0.116124712627   
29.0   -0.755427491487   12.7254481373   12.7478508381   1.63009026853   4.55260388093   0.0837805178626   
30.0   -3.55986909662   10.4947216417   11.0820508175   1.89782264176   3.45160508594   -0.278905621966   
31.0   11.5834104627   26.9389878843   29.3237866958   1.16470936901   2.36286594576   0.250761273278   
32.0   1.37468423   -15.9870076071   16.0460016503   -1.48501973003   -0.104139369171   0.104660476326   
33.0   -3.15932080654   -20.4453934877   20.6880502423   -1.7241085647   -2.60115271151   0.192157396965   
34.0   2.16801300567   -14.765045407   14.923365782   -1.42500398619   5.48508933692   0.641024354337   
35.0   28.8944167325   19.6302868782   34.9318691346   0.596752528798   0.426686456223   -0.322360087938   
36.0   27.4277012154   -8.35306650816   28.6714581779   -0.295624530166   -3.10799654032   -0.643815963954   
37.0   21.7529917405   -25.9602758848   33.8692865835   -0.8733491766   -1.30210084754   0.281618699271   
38.0   27.2204779586   -16.5372428337   31.8501934191   -0.545937496969   -1.05930606443   -0.42243175425   
39.0   23.2172488981   -22.5404027947   32.3590853478   -0.770607265709   -1.11387342673   0.0736031628406   
40.0   29.695959037   14.6625756273   33.1185915636   0.458640422198   0.813929916992   -0.0311458303011   
41.0   12.7253912979   -21.7556034266   25.2040049226   -1.04153530875   -0.506227365433   0.258470118237   
42.0   -1.89596400367   8.17935822465   8.39622417937   1.79857230197   4.2763044065   -0.695537733792   
43.0   30.2946253158   9.41516436848   31.7239600792   0.301323168685   1.27112682835   -0.174909418962   
44.0   1.40598999196   14.1000691838   14.1699950192   1.47140974859   2.46861139914   -0.377069772687   
45.0   33.6295766754   4.16692896628   33.886748507   0.123278343677   0.83491190504   -0.0722537061537   
46.0   28.272722322   -10.420168783   30.1318227952   -0.353111921738   0.942999242159   0.882640428673   
47.0   9.30014137207   12.3332960816   15.4467738307   0.924696908846   2.02025701818   -0.646421033363   
48.0   7.11035212351   -26.0378066444   26.9911926778   -1.30421786197   -1.24140062485   -1.39105627243   
49.0   12.0606701854   -13.5653233272   18.1515223134   -0.844046722078   -1.18447535547   0.221944985483   
50.0   25.3092398777   -22.2307589386   33.6862622767   -0.720732853666   -1.51213337334   -0.324962264365   
51.0   28.4498140355   -3.47851732641   28.6616817624   -0.121664662559   0.359549307802   -0.433374475022   
52.0   13.6245399758   -17.7519133995   22.3776343454   -0.916190869625   -1.5905251096   -0.274745319888   
53.0   17.7361001822   27.7358810032   32.9218520848   1.00186340701   1.61000163789   0.0339359572552   
54.0   -6.9857953976   -17.2555645226   18.61601043   -1.95547076344   -3.23696291763   -0.237669408166   
55.0   21.5262135106   20.5512697683   29.7612593348   0.7622321075   1.07144437228   -0.310747758512   
56.0   15.0304870963   -19.8596165105   24.9062223208   -0.922934054208   -2.98686315909   -0.389988845926   
57.0   30.5950259712   -0.490645854432   30.5989599093   -0.0160354104683   -0.6684591763   -0.279465587676   
58.0   30.332152076   15.6746354258   34.1428417871   0.476970542234   1.41018357111   -0.0294477500232   
59.0   16.2746481402   -22.8548321918   28.0572187966   -0.952003701945   -1.65909960225   -0.219373553048   
60.0   8.99544232562   23.5714787974   25.2295976054   1.20623098725   1.0858185269   0.0737016090481   
61.0   32.7624077531   -3.80318027652   32.9824126163   -0.11556641272   -0.784702214573   0.387855527963   
62.0   23.9420601802   17.2148821629   29.4885471591   0.623379045262   1.60975810761   0.233074170753   
63.0   29.8638483893   -7.47032147098   30.784007918   -0.245116046592   0.57443834704   0.292154290562   
64.0   -0.290922081619   29.6488893068   29.6503165714   1.58060825406   2.66869377379   0.988771126218   
65.0   2.0765246565   -18.8146883241   18.9289315964   -1.46087399468   0.0910215106835   0.213450038344   
66.0   20.256485962   2.08349370328   20.3633535927   0.102495206045   2.83319490538   0.347335993987   
67.0   -0.733565413544   -29.4924817849   29.5016033471   -1.59566416254   -2.43119027391   -0.323553648399   
68.0   10.5196409364   -2.1023054191   10.7276527491   -0.197247227763   3.66888254574   -0.350881587738   
69.0   -0.252136788508   14.4345017321   14.4367036825   1.58826219808   3.09977709543   -0.220562976323   
70.0   14.4465409148   -22.3500902818   26.6125737201   -0.996973617853   -0.581420970202   -0.376094364783   
71.0   -6.60104578034   24.3200492982   25.199972287   1.8358349565   -0.156741109635   0.0153351514839   
72.0   20.5490291423   -17.2133893413   26.8060323679   -0.697294573024   -2.94702521636   -0.419983387677   
73.0   5.87031549783   -10.0091633906   11.6036182213   -1.04036681367   -7.46407224609   -0.00169199673273   
74.0   22.3273788458   0.687787633827   22.3379698709   0.0307949360612   2.31616091659   0.197537268491   
75.0   -3.09912095503   -27.4780216319   27.6522372241   -1.68310715983   -2.05874343311   0.0137968791923   
76.0   21.0569081864   23.4627977024   31.526120256   0.839386649756   1.49017264573   -0.269789809149   
77.0   15.3782690248   28.9948734469   32.8206313833   1.08314198764   0.977778354821   0.0613545074302   
78.0   14.9661526069   11.0642258393   18.6118998836   0.636607029743   -1.38798043648   0.0501822890945   
79.0   2.9347653108   27.660683636   27.8159354803   1.46509297684   1.12293755368   -0.158437976434   
80.0   2.86074957354   -10.5512196092   10.9321600502   -1.30603180136   -2.01347271681   0.324160496309   
81.0   14.0172777643   13.4255758322   19.4095379221   0.763840264395   0.63516405239   -0.190034379863   
82.0   28.154586527   0.411749300088   28.1575971985   0.0146235480555   0.767677694397   0.208996586857   
83.0   33.5619779437   4.49622752005   33.8618136757   0.13317495751   0.24028268261   0.0446037309478   
84.0   32.6942400454   3.21753014457   32.8521815467   0.0980968743185   0.973994332126   0.746466876305   
85.0   9.84444291088   7.32437106224   12.2702676288   0.63965693731   -5.55187204529   0.200968194432   
86.0   -0.156114490785   16.811139247   16.8118641   1.58008243175   -1.76042239269   -0.0314323556032   
87.0   9.63147280046   -1.25854909179   9.71335236273   -0.129934276258   -6.51486065963   -0.27090544283   
88.0   14.3891853242   -25.0589614445   28.8963700656   -1.04955358258   0.562034170371   -0.0446566662031   
89.0   31.573707064   4.06196845201   31.8339216162   0.127947555418   0.929998034843   -0.0231914981726   
90.0   33.1195337562   4.09278443143   33.3714608705   0.122952803938   -0.391384833649   0.281963653605   
91.0   -4.26646431352   -8.72244572131   9.70998337279   -2.02571521875   -5.59786962839   -0.497428258003   
92.0   5.76209331606   -7.17322998252   9.20092102809   -0.894060180539   5.31089676146   0.155518471816   
93.0   1.55426541002   -19.7560920497   19.817136878   -1.49228532334   -1.31513210232   -0.165034136533   
94.0   11.6579988305   25.6881453521   28.2097456274   1.14476362286   0.131485529609   0.164618224451   
95.0   -21.234680291   14.5508886793   25.7417949727   2.54084040394   2.2551572279   -0.741253809663   
96.0   -13.5590286282   28.4005576739   31.4712397838   2.01621829927   1.50059888583   -0.13241058788   
97.0   28.8618174149   3.35567859061   29.0562400062   0.11574736588   -0.789910636704   -0.938646097665   
98.0   1.70664112756   29.4248930166   29.4743439788   1.51286132352   2.11286457789   0.174918192153   
99.0   3.66374031102   -30.8983401374   31.1147941711   -1.45277337729   -1.1940657623   -0.351661908647   
