0.0   30.7819569581   1.09906024889   30.8015715119   0.035689529773   2.22594447917   0.0750880728964   
1.0   38.344423135   -0.0972901224291   38.3445465604   -0.00253726371919   0.996752734743   0.14591713614   
2.0   10.3837940378   16.5720623245   19.5564932518   1.01105855212   -0.369803474322   0.139678321228   
3.0   -24.1753414913   5.93027654263   24.8920733586   2.90103984144   3.71261371531   0.296865725615   
4.0   -16.0725769472   -7.86777509299   17.8949605934   -2.68636779193   -3.27981307401   0.127207138916   
5.0   33.1490502956   7.1270440297   33.9065523477   0.211776108584   -0.941212718612   -0.316618964283   
6.0   17.5376625   28.1675412126   33.1810184281   1.01391061036   1.17096577635   0.745301844228   
7.0   39.6476628685   -14.2073306987   42.1163319452   -0.344084970634   -0.894870653131   -0.395537743179   
8.0   -4.03953868625   28.0528870036   28.3422360098   1.71381051123   2.39104494887   -0.312806385002   
9.0   19.3988321186   -26.4324891067   32.7870579336   -0.937678396841   0.00082804435503   0.914515353795   
10.0   28.9951235525   -1.22946138878   29.0211778729   -0.0423769652128   -1.69967699864   -0.539489501722   
11.0   -11.8188617255   31.7966327452   33.922136525   1.92667218594   2.37729047476   -0.00498318775874   
12.0   -18.0541959135   21.3003105246   27.9223426404   2.2738968563   1.68352830131   -0.493311552919   
13.0   37.1094114919   -10.0355317418   38.4424286254   -0.264113417528   -1.07563425242   0.216767250164   
14.0   25.5452783849   -19.0102049413   31.8425680446   -0.639763867666   -0.550853899038   0.08031538507   
15.0   23.3454745081   25.5889156306   34.6381838895   0.831211982795   2.04185402059   0.439719903643   
16.0   -20.3492327964   -6.24376102859   21.2855779152   -2.84388137622   4.40659946709   0.674616582726   
17.0   -1.83877053861   12.2741911562   12.4111581101   1.71949837532   3.53187241261   0.331732798387   
18.0   -23.2598925793   24.5060684889   33.787127661   2.3301112028   2.50847075501   -0.0849556371054   
19.0   16.4856937342   3.84413786311   16.927950077   0.229086730627   -1.75307835378   0.611638032539   
20.0   16.3711259476   25.4821235378   30.2878256861   0.999743218023   1.79958123724   -0.206697368213   
21.0   -4.63609771431   -10.1470886426   11.1560212413   -1.99936472718   -3.40816251102   0.533332319738   
22.0   -5.53662903213   -11.3028048473   12.5860104265   -2.02628745277   6.56373503451   0.220991990997   
23.0   -1.08031126643   -24.6972699712   24.7208862395   -1.61451059337   -3.58310516064   -0.144895449414   
24.0   40.4634139078   -10.4305751283   41.7861790857   -0.252285566349   -0.393707554184   -0.279300754175   
25.0   6.10616521746   -25.7989196396   26.5116862578   -1.33839006239   -1.83833775894   0.397551382589   
26.0   -31.5956543796   0.166447317703   31.5960928025   3.13632465768   3.2182250913   -0.333946353102   
27.0   34.3384311169   13.5425624586   36.9124484356   0.375656515097   0.936381944729   0.209368271498   
28.0   31.6362525284   26.8098278346   41.4682932197   0.703006010208   -0.163368966354   -0.23777361981   
29.0   -3.77782695796   6.36628857649   7.40281073401   2.10635703731   3.41939886094   -0.107148878157   
30.0   -10.6645692632   12.613304246   16.5175204426   2.27267304977   3.2933854632   0.230224871207   
31.0   4.14950669519   29.3960889732   29.6875134145   1.43056437432   2.63917276403   -0.0175218942804   
32.0   8.82447220764   -15.9692353443   18.2452127207   -1.06596525053   -0.25180706076   0.134378436654   
33.0   -7.22854047487   -27.0248946021   27.9749303065   -1.83215519574   -2.18749925655   -0.215323132181   
34.0   6.79014632812   -20.5708411898   21.6625389651   -1.25197122967   5.28119990424   0.344718244471   
35.0   34.1094376784   23.6305854658   41.4952805533   0.605868810234   -0.50901341797   -0.647047175842   
36.0   29.0843844777   -14.3828274259   32.4463733753   -0.459254493048   -0.684668684443   -0.133978393931   
37.0   22.8103354809   -33.725909334   40.7154560966   -0.976123532976   -1.25978684538   0.52698061576   
38.0   26.5791660844   -24.3032095373   36.0152476537   -0.740698196773   -1.47526011821   0.0866086619275   
39.0   25.7947163084   -29.8680455119   39.4647631709   -0.858446666262   -1.34552616081   -0.179309881809   
40.0   37.4468924789   14.4860887623   40.1511708914   0.369113412651   0.126680695867   0.199916970034   
41.0   20.5636421372   -20.7609368422   29.2212230495   -0.790172397301   0.078393377134   0.126322108713   
42.0   -7.92773636333   3.72069682637   8.75743048617   2.70278354471   3.13238213647   -0.542745612192   
43.0   32.4051456333   15.228283073   35.8049447545   0.439306912487   -0.00159424994505   -0.29804852942   
44.0   -5.58033276538   17.2459923163   18.1263444948   1.88373676524   2.61801475581   0.00834603997414   
45.0   39.0609102764   8.77799830208   40.0350841864   0.221053536793   -0.0527410009919   0.00309367477024   
46.0   27.181170314   -3.36307943169   27.3884341082   -0.123102643396   1.48705945502   0.137041111723   
47.0   9.56288882689   19.9086646844   22.0862801809   1.12300165393   1.3829371434   0.400161408659   
48.0   3.20821727699   -32.3845371153   32.5430622755   -1.47205218414   -2.87652832332   -0.435879809748   
49.0   18.0190527411   -18.371975437   25.7335528667   -0.7950959282   -0.0162356807624   0.752558156343   
50.0   21.1692599419   -27.5788861809   34.7668308804   -0.916132730816   -2.39673383085   0.0245976331171   
51.0   32.2916542869   2.70156919938   32.4044659379   0.0834671561277   1.01473234361   -0.483987806276   
52.0   13.2418100719   -25.2107473224   28.4767855372   -1.08715755874   -1.34131858203   -0.157133605241   
53.0   13.5563663614   33.5672150676   36.2012844568   1.18696908151   2.6606366567   0.297687540588   
54.0   -12.3817327749   -12.5226241225   17.6103214458   -2.35053725339   -4.19783512341   0.264126835246   
55.0   18.202648822   27.1829581135   32.7146700417   0.980741825503   2.22604367634   -0.422030773774   
56.0   9.04444620041   -24.8171072006   26.4138376023   -1.22131218079   -2.58158500271   0.114922352597   
57.0   36.5932140189   3.23295423807   36.7357496907   0.0881196676621   0.596087402649   0.100825329646   
58.0   33.927027304   22.6423328071   40.7887045226   0.588498598083   0.837913503285   -0.00325481471339   
59.0   21.2285671264   -28.8886758205   35.8497929269   -0.937068143859   -0.8478316998   -0.363724513839   
60.0   14.5764266786   28.8741334011   32.3448263928   1.10329500528   0.579317201623   -0.0885817281591   
61.0   35.4522889207   -9.31764198659   36.6562851624   -0.257009562514   -2.08142075141   -0.20109804649   
62.0   22.0252316436   24.9151942047   33.2547399811   0.846887154486   1.59254028599   -0.151135291715   
63.0   37.2533905272   -9.74046489065   38.5057367422   -0.255739984379   0.126929596971   0.408651838858   
64.0   -7.28808389429   33.2272670832   34.0171639716   1.78671744845   2.45405114975   -0.159393882576   
65.0   9.74562164626   -18.3964033075   20.8183763998   -1.08362755231   0.221504749367   0.0243609578203   
66.0   16.4999119057   -4.38031506866   17.071445545   -0.259489564266   4.68514461947   0.249141362849   
67.0   -7.80945311583   -31.8915797428   32.8338303653   -1.81094574916   -2.62358463811   0.481115572058   
68.0   7.86124288372   -8.89058550924   11.8676724919   -0.846767587556   4.76088078184   0.10912198744   
69.0   -4.36350576822   20.9453519352   21.3950449937   1.77618671845   2.44779543909   0.831367867157   
70.0   21.1698094175   -26.4069189139   33.8450320918   -0.895033892992   -0.644023681115   -0.253923116918   
71.0   -1.01962083295   27.7731163007   27.7918264188   1.60749235714   1.11524362202   -0.20595315942   
72.0   15.877454179   -22.386058803   27.4450210409   -0.953885029191   -1.63330014149   0.232505476054   
73.0   10.5690734432   -16.2233358697   19.362384672   -0.993385949338   -7.37705745516   -0.0194114482433   
74.0   17.341083073   5.91812405572   18.3231371355   0.328883317427   3.22913414364   0.528749803746   
75.0   -3.30193713978   -35.1351971449   35.2900108711   -1.66449916136   -2.22451521697   -0.315661665114   
76.0   25.0209216541   28.8093992625   38.157935037   0.855660446569   1.80313876052   0.25605328148   
77.0   14.4165356783   36.7163790574   39.4452657748   1.19664572379   1.75425266241   -0.134238689681   
78.0   14.7230509509   3.30720986072   15.0899259894   0.220960363231   -1.78393387567   0.0507167328218   
79.0   2.69320540498   35.1694944158   35.2724636624   1.49436760861   1.76835502754   0.0514128262144   
80.0   3.18582262348   -17.3304622391   17.6208509218   -1.38899810208   -0.893167024678   0.0584204022675   
81.0   20.0178619368   18.4387688371   27.2158592139   0.744359557498   0.813944406553   0.563230197482   
82.0   33.5521129961   6.0924887572   34.1007728029   0.179625702314   1.09991609211   0.130488146385   
83.0   41.0153686606   4.27200086004   41.2372460006   0.103781887693   -0.202551444763   0.108144619406   
84.0   36.9447028497   9.73010887248   38.2045296702   0.257521629102   0.82628576016   -0.0867241598144   
85.0   15.8331784305   11.7351100535   19.7079259989   0.637827268968   -5.9487179249   0.118576730634   
86.0   0.67298407538   9.18801665322   9.21263032936   1.49768104518   -1.9297363766   -0.296292059605   
87.0   11.0040139788   -8.41428197818   13.852381198   -0.652814963124   -7.81601454612   0.0229491848792   
88.0   21.2598531072   -21.47676309   30.2197403524   -0.790473626537   0.277828181207   0.0471087132908   
89.0   38.1735239522   7.33547114741   38.8719316202   0.189847040849   0.0184218274239   0.178263264427   
90.0   40.1820388923   1.01273561712   40.194799203   0.0251983544907   -0.458452016819   0.267505889276   
91.0   2.27536625563   -4.52059146795   5.06093260352   -1.10448527583   -5.58715801517   0.160596140888   
92.0   7.80542389422   -14.4223750884   16.3990714786   -1.07473259927   4.43419675645   -0.145900094985   
93.0   -2.23031477056   -26.2580198624   26.3525693447   -1.65553136466   -1.537886209   0.597534478558   
94.0   12.1576956044   19.3141671166   22.8220641883   1.00898883189   -2.09162044738   0.0782797536178   
95.0   -27.881782679   17.876534419   33.1204512076   2.57146076377   2.77207137785   0.0306566685203   
96.0   -12.3326201632   36.2437243297   38.2844756184   1.89877604671   1.40293619521   -0.0388002348874   
97.0   30.2548686129   -3.56768969684   30.4644954752   -0.117379111258   -1.89210522764   0.10617077899   
98.0   -5.32007412729   31.9918276398   32.4311613183   1.73558315245   3.16289928126   0.293971841487   
99.0   5.41459623101   -38.4795992191   38.8586851091   -1.43100074247   -1.07444942534   0.226550992124   
