0.0   5.69284917176   -1.5200473731   5.89228951333   -0.260922857151   -0.466104435702   -0.294019505532   
1.0   5.92461390605   0.247638991996   5.92978709619   0.0417740177088   -0.20504945811   -0.24553824457   
2.0   2.84468348968   3.35359391304   4.39759210137   0.867319547175   2.35719925532   0.778735500657   
3.0   1.82458230651   5.18125189128   5.49312950459   1.2322066608   0.704206150816   -0.115000309485   
4.0   4.19733666765   -2.72795943905   5.00593625635   -0.576323400076   -1.39874509246   -0.12790139835   
5.0   5.89943671204   0.736554891329   5.94523898824   0.124209004931   0.0103954974393   -0.273097639988   
6.0   4.89009985548   3.03727458716   5.75657133321   0.555794857371   0.97679282727   0.691421338363   
7.0   5.13169823843   -2.58963580792   5.74809015482   -0.467348927033   -0.830917127909   -0.353901978635   
8.0   5.63981889676   -0.925334283947   5.71522534335   -0.162622720082   0.347171311885   0.151787000954   
9.0   5.45311450805   -2.26545168195   5.90497495008   -0.393746988762   -0.635523130895   -0.270060364482   
10.0   5.24130413035   -1.87149571181   5.56540790833   -0.342956488475   0.433868502888   0.574584333701   
11.0   5.22564055256   1.87866956312   5.55308189314   0.345121651015   0.570542244598   0.149207150803   
12.0   5.80444296312   1.11974061489   5.91146150768   0.190569967726   0.181501744682   -0.110349951623   
13.0   5.55343733204   1.72903989396   5.81637732234   0.301833092867   -0.0019869525157   -0.684944920123   
14.0   0.831543751892   -4.46026139089   4.53711325475   -1.38647850593   -1.82982053742   0.492525625314   
15.0   3.46261056636   3.27039684429   4.76289486063   0.756857940782   1.46274119673   0.313529757925   
16.0   1.7369578426   5.49974366139   5.76751271243   1.26488493588   1.35440363175   -0.101928953887   
17.0   5.86433176465   0.971272853324   5.94422055458   0.164133815431   0.188923130298   0.296232435559   
18.0   3.13204102635   4.60960879201   5.57298611214   0.973989576013   1.4444846454   0.0246373688139   
19.0   3.56022245762   4.34825866211   5.61983428051   0.88471476792   1.18085224068   0.31459795722   
20.0   5.80280952559   0.519917724277   5.82605465391   0.0893589790217   0.0661996818338   -0.0850247698354   
21.0   5.40802496186   -2.37002682012   5.90455426906   -0.413033553127   -0.700059611821   -0.256128278032   
22.0   1.07064540437   5.39226485634   5.49752688605   1.37479338436   2.01960680648   0.316702416633   
23.0   5.78212506025   1.41977319401   5.95388328193   0.240781558207   0.245858320533   0.0339590324463   
24.0   5.63684281551   -0.476910912177   5.6569816108   -0.0844050210452   -0.528467230681   0.0617695349758   
25.0   5.82935735513   1.05377450873   5.92383726051   0.178838935331   0.18784336394   -0.032100365134   
26.0   1.74238437835   5.09477013095   5.38447639136   1.2412709025   1.44464765507   0.179166157935   
27.0   3.55680424312   3.31458267675   4.86182216302   0.750162000088   1.55476232835   0.321560932701   
28.0   5.56232217492   1.79352739634   5.84432789113   0.311916719419   0.605555073805   0.181981476915   
29.0   5.70901414884   -0.293950813618   5.71657674071   -0.0514434635221   0.338002100619   0.297681209585   
30.0   5.33786112185   2.246874874   5.79147719114   0.398419707408   0.440752804227   0.223939468484   
31.0   4.7453219161   3.37941048148   5.82567552219   0.618837989565   0.946494733722   0.259063928937   
32.0   5.75901121177   -0.596275141351   5.78979742145   -0.103170147922   0.212355146376   0.238151962839   
33.0   5.71304104213   0.197508594063   5.71645411018   0.0345577709237   0.558456516205   0.236797030074   
34.0   4.60541888069   3.26698257125   5.6465084953   0.616992195926   1.11243409371   0.112390246005   
35.0   5.67331777962   1.61827087809   5.8996046701   0.27786334903   0.626565934711   0.247834854249   
36.0   5.70831558871   -1.2265092478   5.83859501895   -0.211645784635   -0.475576057469   0.0994927417101   
37.0   3.8041181337   -4.01479110453   5.53081028315   -0.8123356818   -1.20637683683   0.140632349397   
38.0   5.85252136923   0.217054529412   5.85654497515   0.0370703634063   0.152469028837   0.362433420377   
39.0   4.18472186597   -3.30070760288   5.3297812127   -0.667844655347   -0.0269492862694   0.464630066765   
40.0   5.72593863348   -0.0950404095444   5.72672733015   -0.0165966995387   0.171779317337   0.395511041259   
41.0   5.07798538409   2.84198842004   5.81917809839   0.510235919893   0.238096169944   -0.112058824102   
42.0   5.59027827383   -0.492064003221   5.61189256509   -0.0877951071011   0.354875679444   -0.081092798522   
43.0   5.33501577976   -1.40948805367   5.51806577921   -0.258294026098   0.358227034746   0.250415327365   
44.0   5.24567772604   -2.50202942426   5.81182295372   -0.44505422202   -0.671607545744   -0.0952752760617   
45.0   5.74268263172   -0.260404982904   5.74858370068   -0.045314487395   0.14409482954   0.34328385865   
46.0   5.91640446828   0.263348988529   5.92226261847   0.0444822988373   0.00700040622437   0.0611440129813   
47.0   5.83975248534   0.454650773105   5.85742404266   0.0776977288765   0.42568496242   0.677815056642   
48.0   4.96129361482   -3.2193578708   5.91427928261   -0.575597920629   -0.638226116714   0.0861996515488   
49.0   5.39168157659   0.309622209289   5.40056442752   0.0573629073028   -0.507493416755   -1.45131369172   
50.0   5.05714063185   -2.75020418095   5.75658704505   -0.498090683426   -0.713403272092   0.237700970072   
51.0   5.60199882642   -1.78182588914   5.87854525801   -0.307950934912   -0.440535066043   0.136111197755   
52.0   5.58242576313   2.11859452135   5.97092288903   0.362720039767   0.538275287788   0.239735031059   
53.0   5.02486588386   3.08312125777   5.89532983309   0.550339803242   0.714597797046   0.284793087533   
54.0   4.57609090993   -2.81437363072   5.37227204721   -0.551388287806   -0.48501479871   0.801348940158   
55.0   5.24209236203   -1.37183379089   5.41862162195   -0.255955866349   0.689228900245   0.911613796416   
56.0   5.76859931874   -0.801125033066   5.82396251866   -0.137994234826   -0.0277303134149   -0.298906833782   
57.0   5.2260497691   -2.54049920075   5.81082888908   -0.452483919223   -0.721707102397   -0.123258367989   
58.0   5.72442718582   1.03388592379   5.81704278041   0.178683246022   0.109762453556   -0.240783433701   
59.0   5.75900223848   1.16808012605   5.87626734958   0.200112175124   0.237702068038   -0.0498709990918   
60.0   5.75916437513   1.22383626925   5.88776269169   0.209387692173   0.436321102492   0.416863379212   
61.0   5.47845036959   -1.45315822426   5.6678997236   -0.259279186205   -0.58566196126   0.156830370313   
62.0   5.54449860311   -2.0006147013   5.89439767431   -0.346289085581   -0.548618975029   -0.0300620095121   
63.0   3.99969191622   -3.90806551496   5.59200424659   -0.773811781048   -1.0434534324   0.435453152473   
64.0   3.61118247694   4.74976469363   5.96664927129   0.920744230475   1.11643145734   0.305679991111   
65.0   5.70028966944   0.114448809014   5.70143848913   0.0200750208675   0.0939262103043   -0.0953573114553   
66.0   5.90779067774   -0.26436767139   5.91370281276   -0.0447191572189   -0.0170640690865   0.218216624837   
67.0   2.40326864055   -3.39343951664   4.15826068348   -0.9545813564   -2.02948929908   -0.0899257789122   
68.0   5.30083643753   -2.30838827547   5.7816540339   -0.410710541445   -0.369139651536   0.246963686093   
69.0   5.17967857456   -2.27694690049   5.65805243201   -0.41416526491   0.0678858853426   0.333741644734   
70.0   4.8669683882   -2.94825133073   5.69030466679   -0.544649529238   -0.893617285559   -0.109967703095   
71.0   1.59823344484   4.47448340732   4.75135263968   1.22773202063   1.95063453354   -0.21659546646   
72.0   5.81048198342   0.684849254131   5.85070246898   0.117323160992   -0.101767704511   -0.467933290747   
73.0   -0.780015610036   -4.46624403791   4.53384606687   -1.74369935077   -2.68255454305   -0.188974819022   
74.0   4.79661189414   -2.80812363883   5.5581511345   -0.529644071051   -0.161878227095   0.887742168646   
75.0   5.41695193995   -1.14096880671   5.53580871577   -0.207594839942   -1.02964626348   -0.709603943898   
76.0   5.66523827485   0.730199481274   5.71210258953   0.128184498337   0.594249333455   0.147622505734   
77.0   4.2346714435   2.2705567914   4.8049839102   0.492172923696   1.42282519033   0.432576767631   
78.0   1.8923703182   5.51789705669   5.83337409648   1.24041466465   1.3781450152   0.0328924656362   
79.0   4.94769015267   3.21997618034   5.90320967345   0.576940163706   0.597234630775   -0.0966833499095   
80.0   5.58892411269   1.91783832134   5.90882192693   0.330559225729   0.652684443419   0.247604999278   
81.0   3.87802167496   -3.94114411141   5.52916530937   -0.793470772037   -0.941745076139   -0.0351373691   
82.0   5.06421783037   -2.35814700763   5.58633686265   -0.435791002874   -0.841800503395   0.160858986683   
83.0   5.78651671591   -0.185170089129   5.78947870412   -0.0319893523579   -0.0765730077431   -0.544552612776   
84.0   5.15942193643   2.60649435864   5.78043662363   0.467791908609   0.838066137438   0.517004271272   
85.0   5.00880540654   -1.2578228863   5.16432473939   -0.246034694842   -0.896890076387   -0.313589595229   
86.0   1.56263738481   4.17080299176   4.45392334829   1.21232286041   2.22250585706   0.170635751968   
87.0   2.36655848093   -5.36946467274   5.86785735302   -1.15566643241   -1.1644554922   0.145619825968   
88.0   3.22757350136   -4.45463545549   5.50100061334   -0.943787960254   -1.50943459316   -0.58699665558   
89.0   5.73557911245   0.984944767523   5.81953468502   0.170066639626   -0.169794685056   -0.570701741493   
90.0   4.79536576832   3.34708289169   5.84794807909   0.609370864719   0.52989760542   0.180836686146   
91.0   1.13034496836   -4.86751741849   4.99703968033   -1.34261853794   -2.04510103691   -0.56045791102   
92.0   5.76232134777   0.467680143838   5.78126906759   0.0809842508928   0.506813213526   0.230395692929   
93.0   5.73199903223   -0.472624843996   5.75145087336   -0.0822676562677   0.214972630127   0.834021722462   
94.0   2.72624782621   4.19596426344   5.00385284656   0.99461027179   1.51460449932   -0.0554250229974   
95.0   2.98996553256   3.67413817501   4.73700171152   0.887705089213   1.71849923983   0.212671475944   
96.0   3.32559425507   4.46357681164   5.56624605123   0.930469837385   1.45566089927   0.229837733218   
97.0   4.54781231542   -2.69262445787   5.2851512114   -0.534568412241   -1.18497606918   0.0212703371252   
98.0   4.61040265557   2.8856815999   5.43902297683   0.55925101004   0.746784753902   -0.232184712252   
99.0   5.5034908348   -2.05768109212   5.87558191549   -0.357794120376   -0.695755423242   -0.268673728371   
