0.0   21.0377732617   -10.3989691836   23.4675619503   -0.459077138531   -0.497773098991   -0.00316351243436   
1.0   21.2128456609   -1.54567275892   21.269083791   -0.0727363968416   -1.29096702389   -0.175318496317   
2.0   -6.35535965123   17.305566329   18.4356508501   1.92274964588   1.41050528197   0.287432584305   
3.0   -9.03123795098   10.3068788156   13.7038319402   2.29032481822   2.99272969188   -0.130533453315   
4.0   -0.519342240953   -17.7517318546   17.7593271326   -1.60004384765   -3.3533576993   -0.687445881568   
5.0   18.1650286305   11.9558026025   21.7464820377   0.582102034633   1.35119027017   0.269095712533   
6.0   3.76125890967   18.234216831   18.6181022671   1.36737467748   0.847892459085   -0.134826937411   
7.0   21.7012683015   -8.74346817173   23.3964373691   -0.383004951686   0.710008346376   0.775355659904   
8.0   7.74622885881   14.3876971845   16.3404373199   1.0769084476   1.99159499406   0.337252828026   
9.0   10.6761652998   -12.9658329298   16.7956342266   -0.881944531106   -1.24558833414   0.672426569203   
10.0   17.7940790484   9.64086989165   20.2379747369   0.496527479871   0.612002692276   -0.579992393443   
11.0   -4.4322727519   14.3532521403   15.022013472   1.87030610294   1.74185133576   0.363547565765   
12.0   -3.90646365281   12.4896496907   13.0863213956   1.8739326918   2.31135745761   0.126336085359   
13.0   21.281262838   -5.47185825425   21.9734699293   -0.25166941159   -0.280285618455   0.198277613956   
14.0   9.88721374169   -13.7365206084   16.9248041052   -0.946921010568   -0.0797696814468   -0.355528107423   
15.0   10.2636515136   17.516866576   20.3022943786   1.04078691862   0.21822316025   0.0246729814271   
16.0   -7.26208124645   6.47513350894   9.72960317735   2.41341777812   3.85240566638   -0.182861603921   
17.0   16.9101789862   10.3083659208   19.8044581169   0.547445023747   1.9230372294   0.255272911987   
18.0   -8.59812290271   18.1195837527   20.0560971483   2.01385376519   2.39434906147   -0.263295904248   
19.0   15.3077902875   18.1153467929   23.71696087   0.869201813577   0.784045011856   0.0971083275641   
20.0   18.0287711967   6.59832935539   19.1982952666   0.350847181174   2.14750542727   0.24167145042   
21.0   12.024706724   -12.7928988767   17.5571020806   -0.816341799373   -2.09240989059   0.102034134945   
22.0   -11.0599426827   2.10889211598   11.2592077031   2.9531760307   4.36064528484   -0.623509823068   
23.0   9.2104915724   -12.7781732713   15.7516623617   -0.946247412943   -1.63699677154   0.00928088908137   
24.0   21.3749866116   -9.68905005118   23.4684414383   -0.425585837518   -0.873053978509   -0.0335281540964   
25.0   17.0070231441   -9.78881294317   19.6229379823   -0.522266105734   -1.74979470133   0.273284212035   
26.0   -13.8722828098   5.15981177997   14.8008070036   2.78549760835   2.85604913581   -0.425300276142   
27.0   15.3273011674   10.5983235868   18.6346618946   0.604976159809   -0.783881662322   -0.380904753261   
28.0   15.8270496652   16.703167595   23.0106781476   0.812324088376   0.360021757937   -0.357770195516   
29.0   9.00605665237   13.1054025047   15.9015920975   0.968711476183   2.49673188987   -0.1882942061   
30.0   7.97622965095   12.2563838247   14.6232412243   0.993871814268   3.35215387955   0.386922184769   
31.0   15.3293964167   17.885945012   23.5562608126   0.86221561709   1.01149679653   -0.248548581379   
32.0   3.1069014566   -7.96484865909   8.54936552168   -1.19887372683   -2.89380438899   -0.254659744428   
33.0   5.94422996436   -13.3180844836   14.5844178554   -1.15100048467   -1.78637415846   0.233177174451   
34.0   0.78514553576   -3.48016654187   3.56763404394   -1.34890541059   4.26089653767   0.240714635282   
35.0   18.7626396309   14.0530924501   23.4419720444   0.642856546148   0.967383070174   0.00136828742225   
36.0   23.7582498597   -4.77682166051   24.2337050732   -0.198414094802   -0.260635815145   -0.362107029403   
37.0   14.6611896723   -17.9204307767   23.1536675676   -0.885099606527   -0.285517900818   0.528953985431   
38.0   18.0335083998   -10.2102781066   20.723349252   -0.515183338682   -1.14775364312   -0.170774470842   
39.0   16.6930453812   -13.2199922938   21.293800984   -0.669810701713   -1.22927557808   0.268244926293   
40.0   21.9517295124   6.91665286423   23.0156146003   0.305237825496   0.153530582455   -0.726461180523   
41.0   14.9819906089   -11.8304001424   19.0897462041   -0.668392734443   -1.69148609021   -0.578613654212   
42.0   4.72104718543   15.475360057   16.1794640029   1.27469590709   2.75088849353   0.191824321275   
43.0   22.9150330667   1.54846554354   22.9672916554   0.067471649229   0.701478628313   0.406340434984   
44.0   11.472129422   10.3768776768   15.4689800502   0.735311872327   1.62935961032   0.131943465931   
45.0   23.2179769384   0.660495198102   23.2273697826   0.0284399073402   0.713094843207   0.181130594532   
46.0   18.1521781757   -8.22524853822   19.9287803449   -0.425451593671   -0.938255455262   1.01487869087   
47.0   18.7866270287   7.63887916015   20.2802818013   0.386193859616   1.65273167687   -0.392206217544   
48.0   1.33082634001   -20.1550787661   20.1989677661   -1.50486270672   -2.33288459206   -0.444742832886   
49.0   15.2760443049   -4.46661253595   15.9156576098   -0.284463615314   -2.06973917402   0.4532265435   
50.0   17.5436958066   -14.3090523031   22.6391307335   -0.684195189428   -0.257693554528   0.202364683624   
51.0   21.3568554165   -10.7930135397   23.9291540709   -0.467930626963   -0.38089944164   0.320186302079   
52.0   16.6920239258   -7.64944883598   18.3613106894   -0.429709693252   -1.4246301988   0.0717000323933   
53.0   16.3513953344   16.0050229802   22.8807537021   0.774693668208   1.53909693742   0.540317497179   
54.0   4.5910293941   -18.1134537921   18.686218429   -1.32256419614   -2.52280440563   -0.0996260107568   
55.0   15.9284222705   10.4982170546   19.0768759852   0.582736813018   1.87638045692   0.0950024554056   
56.0   18.2141455849   -9.84006422465   20.7022212174   -0.495321364883   -1.75040243739   -0.742556205574   
57.0   20.3438636554   4.19979537083   20.7728445233   0.203580513846   0.131662892852   0.297523193444   
58.0   22.7914628337   7.19264698015   23.8994759081   0.305693055459   0.0728655861975   -0.192009274059   
59.0   14.8191281621   -12.5076441836   19.3919499409   -0.701012248234   -1.62364574393   0.161862615513   
60.0   13.0244262367   13.9169653776   19.0608920073   0.818514968962   2.07751291203   -0.126578351591   
61.0   23.4605802586   -0.997678993403   23.4817842049   -0.0425001521646   0.462791692421   0.315663889393   
62.0   20.6176649729   7.07109559475   21.7965249947   0.330392046519   0.707998744296   -0.206548133302   
63.0   20.2643417902   -4.93668417927   20.8569987984   -0.238959655831   0.503217509992   -0.113948064958   
64.0   5.8291919407   20.2833602441   21.1043640386   1.2909500656   2.46121213148   0.369719405077   
65.0   -0.195501005286   -9.40585820447   9.4078897318   -1.59157836019   -1.89374134242   0.263775304456   
66.0   20.3006791923   -2.73114055778   20.4835715737   -0.133731475191   -0.480233515486   0.388490199725   
67.0   4.0633675754   -19.1938688723   19.6192649796   -1.36217522069   -2.51812427921   0.328874610749   
68.0   19.7864121562   -0.832813574795   19.8039310357   -0.0420653472131   2.15929472443   0.809024507056   
69.0   9.83642768058   12.6529815026   16.0266418947   0.909988592531   2.02859217398   -0.500851124731   
70.0   3.40745517406   -20.4177922008   20.7001688186   -1.40543370337   -0.916289926634   0.418528815521   
71.0   -11.0403699492   17.6544717574   20.8223471695   2.12965323437   1.98717435503   -0.444199185707   
72.0   20.8644158309   -8.90390452038   22.6848708102   -0.403352589708   -1.18554923051   -0.130799340905   
73.0   -2.56256303249   -2.31990330139   3.45668636461   -2.40585386541   -6.95871124251   -0.0758464404337   
74.0   21.7499587459   -8.17158049628   23.2343588949   -0.359389102534   0.0380651118972   0.0667263240346   
75.0   2.07814264225   -17.1690704683   17.2943822552   -1.45034238522   -1.72984603498   -0.292941934292   
76.0   19.617882229   12.6078084724   23.319908611   0.571204476217   0.621830772539   -0.23406961382   
77.0   10.285077565   19.3097517604   21.8780559823   1.0813817163   1.15394671504   0.396474929072   
78.0   8.71388792946   19.7912638124   21.6246610641   1.15604683799   1.22295687918   -0.167823741482   
79.0   6.82574522923   17.5905579609   18.8684532305   1.20064731003   2.47880630429   0.133315439889   
80.0   9.82941707779   -1.22302416648   9.90521217344   -0.123788695155   -2.6277339582   0.5663599167   
81.0   12.3094883848   2.72526255916   12.6075596493   0.217880775421   1.99531883586   0.219826858339   
82.0   19.8347103549   -7.67701741903   21.2685761469   -0.369292661549   0.494359240253   0.0358738118512   
83.0   22.9811853013   2.22758440615   23.0888936534   0.0966289146122   -0.152556286199   -0.347252500244   
84.0   21.6352104665   2.88448088457   21.8266479768   0.132541820845   -0.286690837404   -0.155603614457   
85.0   1.78926686002   -0.416160711165   1.8370263019   -0.2285242839   -5.32501487253   0.017993920412   
86.0   -4.5403162796   17.9805858252   18.5449707073   1.81813795974   0.825085083868   -0.0853878489607   
87.0   -1.50282065403   -3.14151002695   3.48246395066   -2.01699496213   -5.95605198504   0.00503681903257   
88.0   4.33265018361   -22.0921181466   22.5129638613   -1.37713674678   -0.817480031213   0.665488231625   
89.0   22.7969527151   -0.356579817249   22.7997412762   -0.0156402807825   0.703767028523   0.442431902855   
90.0   22.2207710182   6.80522647719   23.2394873448   0.297185576496   0.081952109351   -0.0179425006882   
91.0   -7.25192007305   -18.354410728   19.7351143376   -1.947075796   -3.50890409681   -0.5358083641   
92.0   3.21341205188   3.32319317623   4.62272970242   0.80219140705   5.11302509238   -0.0546751310482   
93.0   8.06558496392   -12.573077727   14.9377355827   -1.00042223035   -2.59809887537   0.00657983361786   
94.0   0.895589051469   21.491988675   21.5106405519   1.52914958949   0.83862199213   0.130950291624   
95.0   -9.91628976925   13.7876446413   16.9832843568   2.19430262254   3.04956955557   -0.270106563381   
96.0   -8.05131628176   18.2228347606   19.9222338251   1.98683172555   2.23968974532   -0.336744071499   
97.0   18.2622780334   0.441600384013   18.2676164255   0.0241763016818   0.638187342653   -0.453706377904   
98.0   3.79053307831   18.065730684   18.4591106548   1.36397751874   2.82268436426   0.15128659086   
99.0   0.934482075192   -19.4806203823   19.503020977   -1.52286323922   -1.73629332826   0.0654518724628   
