0.0   46.6145600016   14.8178993599   48.9130590495   0.307779913828   0.248994223606   0.441523288716   
1.0   50.0010505199   17.2025621049   52.8775301624   0.331358996097   0.361243541322   -0.0730777499363   
2.0   3.00029851423   29.7455201545   29.8964506328   1.47027075897   2.24924223084   0.266736643123   
3.0   -44.9577719597   16.9187934064   48.0358910598   2.78165967925   2.86289167198   -0.0274233015753   
4.0   -33.977688528   -1.28860963612   34.002115118   -3.10368565008   -5.56402481025   -0.322735021078   
5.0   52.4509228685   10.3924668364   53.4705776732   0.195603543001   -0.0158055702923   0.0147351549886   
6.0   12.2699126048   51.9265303985   53.3564927122   1.33875871456   2.17755670395   -0.18732192964   
7.0   53.1482781838   -2.18703067506   53.193256876   -0.0411264028985   1.93935024697   0.375924204052   
8.0   -17.5846923738   48.0299355486   51.1477869969   1.92175864791   1.95212989746   0.298325278388   
9.0   39.4580196461   -36.1604153925   53.5211262564   -0.741817305318   0.455696299356   0.138423675779   
10.0   33.7999965219   -20.8151828241   39.6952339819   -0.551980774827   -1.92148132403   -0.243953072957   
11.0   -25.0471347176   32.6959728067   41.1872018391   2.22449796772   4.66711952473   -0.0186369117138   
12.0   -9.19729647108   29.6089605003   31.0045287705   1.87197250343   0.175364780236   0.341060016566   
13.0   62.0560890908   -9.02500682749   62.7089223435   -0.144420536418   0.121271021912   0.239568486069   
14.0   49.0844600473   -24.8580757211   55.0200703988   -0.468782139349   -0.497797652163   0.0742608898032   
15.0   26.2465809241   45.902498073   52.8764819135   1.05137793214   0.526197248468   0.00208066823491   
16.0   -34.6059991013   -23.0670760506   41.589243457   -2.55366187329   4.68626310927   -0.480562894602   
17.0   -25.908571471   6.62985783843   26.7433934014   2.89107407864   3.93827478133   -0.0969182441198   
18.0   -46.5511513616   27.6031406385   54.1197105147   2.6063630041   2.90429981278   0.503226886975   
19.0   22.128599523   -15.2303292425   26.8633178458   -0.60280628337   -0.0609787780356   -0.259915162385   
20.0   -3.05926465179   18.7494274941   18.9973717015   1.73253679833   4.05936638302   -0.539996920911   
21.0   -30.0564010759   -6.91601416623   30.8418303216   -2.91542814556   -3.76278638385   -0.782421505595   
22.0   9.15289168273   6.22657242873   11.0700329885   0.597371331436   8.44413967851   0.176385828362   
23.0   14.0902268666   -29.5981108335   32.7808275988   -1.12649036066   -7.27604644054   0.0866004689313   
24.0   38.9807406234   -2.85405263993   39.0850835488   -0.073086580757   3.01891022983   -0.414925629718   
25.0   -15.853089262   -33.7203494401   37.2610038178   -2.01026712134   -3.41851477068   0.221917420896   
26.0   -56.3465431149   -2.46699097463   56.400522741   -3.09783812457   3.80389003794   0.394887817976   
27.0   19.143092843   27.7232998091   33.6903451437   0.966470927879   1.73163446213   0.0651518757191   
28.0   19.7058540596   38.8908542734   43.598385639   1.10180599636   3.57786535457   -0.0784864837807   
29.0   -0.0673485731015   6.92921223525   6.92953952521   1.58051553443   7.58994071579   0.0503010927344   
30.0   -23.8128941202   -6.35454794017   24.6461803512   -2.88081608359   2.53961618019   -0.545612562564   
31.0   -15.5691990788   18.0682183446   23.8507960895   2.28203788407   3.4980015052   0.123271633916   
32.0   28.2766039636   -29.6654782292   40.9830078238   -0.809363618315   -0.306233723503   -0.07160059243   
33.0   8.32171242116   -33.4919945783   34.5103549453   -1.32725940376   1.5079114605   0.251744124851   
34.0   27.2371505994   -16.546840662   31.8694259231   -0.545923249324   6.9494429501   -0.382630457624   
35.0   35.430379251   16.7789705651   39.2026227068   0.442285684286   -3.77902400958   -0.223460933645   
36.0   35.968913664   5.86668448422   36.4442140401   0.161680601364   1.64508372905   0.0294407737129   
37.0   13.8706185357   -55.8453665144   57.5421499397   -1.327347227   -1.67844349353   -0.0262499205569   
38.0   17.7147722363   -32.6860036866   37.1777889658   -1.07414052652   0.497718319967   0.294831549625   
39.0   33.8010250967   -50.6900704509   60.9261236245   -0.982689320497   -2.41557378662   -0.604853781165   
40.0   50.4826097307   15.1330879904   52.7020325732   0.291244246502   -1.32249999984   -0.131196399986   
41.0   39.9665623211   -22.9873058482   46.1057733253   -0.521957107756   -0.761241753984   -0.0578762373085   
42.0   -25.8333205138   12.4310770748   28.6686610432   2.69309522604   3.14692781036   0.2189995553   
43.0   53.5220461594   27.0973147024   59.9906150091   0.468661553794   -0.131775079264   0.160908869166   
44.0   -19.8265663965   37.199478902   42.1532201102   2.06047827771   2.58483269813   0.234043958289   
45.0   46.7057760352   29.0800935499   55.0189181638   0.556888234336   2.46643954267   0.250793426986   
46.0   5.31168011957   -5.51268216582   7.65529949473   -0.80396544176   3.75309889071   0.00575954445238   
47.0   -3.03077050314   31.4195652892   31.5654027823   1.6669600515   4.47434593311   0.383811747763   
48.0   -2.14107468642   -56.9975364661   57.0377363157   -1.60834301031   -1.51897971417   -0.155392892682   
49.0   32.1665877174   -22.2904782336   39.1350838157   -0.605992201643   -1.73870298722   -0.194152595324   
50.0   1.40884891901   -44.1691104532   44.1915735577   -1.53891043621   -2.22967602212   -0.0438399352023   
51.0   23.0611345497   11.291201068   25.6769770081   0.455309473062   4.67567292886   0.0258200344835   
52.0   -6.19921643796   -30.6909559298   31.3107818543   -1.7701030564   -4.1987512523   -0.0538296973078   
53.0   -7.55304175722   43.0385642099   43.696297887   1.74452199443   2.9754213631   -0.279489602498   
54.0   -22.4821292102   6.95717823185   23.5339852718   2.8414854573   -3.64893970758   0.177999295358   
55.0   -2.28840361206   37.7114757188   37.7808442466   1.63140389787   2.22994874482   -0.675365820807   
56.0   23.2369923497   -31.5715423347   39.2010216557   -0.936308664346   1.24875991745   0.587200382101   
57.0   40.8390036696   15.891340953   43.82190021   0.371093466626   3.25239814968   -0.232870371711   
58.0   54.9622649283   15.6068577044   57.1351430684   0.276673199025   -0.848832687261   0.0900675773269   
59.0   13.6096988822   -42.5301421532   44.6546402431   -1.26109224345   -3.46141320362   0.0210502946155   
60.0   25.2445566913   34.032174311   42.3730637419   0.932573577704   -0.814617037721   0.462575019005   
61.0   16.1498150071   -17.7388745461   23.9892516541   -0.832254399484   -3.66747697984   -0.197269536597   
62.0   6.62991377746   39.2221856216   39.7785821973   1.40334442122   3.4828060714   0.0449011010454   
63.0   56.8177831518   6.8640912909   57.2309027671   0.120226221779   0.858980827992   0.233495559991   
64.0   7.85205683331   44.4829637043   45.1706636705   1.39607786387   0.406153272487   0.227989662378   
65.0   24.4551395241   -9.09155652656   26.0904244737   -0.355931191423   -0.438697177647   0.552867696364   
66.0   31.0657631942   -23.920141156   39.2078409984   -0.656168684428   6.63913089571   0.446442624553   
67.0   -26.8884783165   -25.2476319107   36.884050527   -2.38765646467   -2.63292678085   0.283124549945   
68.0   30.3734702605   -11.2817788731   32.401022055   -0.355641792351   6.28205360151   -0.255638532952   
69.0   -23.0162170502   12.447270124   26.1664055774   2.64583685079   3.87662672286   0.102374701638   
70.0   42.4717145247   -36.5275350639   56.0188124875   -0.71029618936   -1.20867328057   -0.319473291438   
71.0   22.7559294359   30.4514637932   38.0147862237   0.929034929497   -0.757442422637   -0.138812321408   
72.0   21.6902976976   -47.7723961212   52.4659017398   -1.1445926949   -1.22027061195   -0.240201862039   
73.0   33.5556126903   -23.8259853762   41.1540608223   -0.617435618417   -6.90302691292   0.202947538922   
74.0   14.7650434479   20.9596998411   25.6381654072   0.9570905702   0.27038556115   0.393591401952   
75.0   -4.54540741626   -57.7634432987   57.9420064401   -1.64932454386   -1.65241281766   -0.342370501518   
76.0   42.1306707   43.0542659907   60.2383867117   0.796239975793   0.58535098365   -0.470545607001   
77.0   10.9290300876   36.5673162434   38.1655907317   1.28037262835   5.38235995168   -0.0882606824835   
78.0   15.8061063355   -21.0038551532   26.286782397   -0.92567569704   -1.7715970745   0.0703580840244   
79.0   7.1023164003   53.7344851969   54.2018246707   1.4393837838   -0.240476734989   0.0437988652584   
80.0   27.5420935833   -12.3375847522   30.1791801821   -0.421150980149   0.492856468036   0.128771547059   
81.0   33.9506832986   31.9093406905   46.592434147   0.754412913852   2.03835465706   0.310864672977   
82.0   26.8051329394   18.195033125   32.397135403   0.596348196481   1.74546249032   0.0821277405988   
83.0   36.6859630226   -12.3467386342   38.7079040739   -0.32464465977   -1.80800456699   0.117483784649   
84.0   44.129088337   29.1235231511   52.8730180545   0.58334656445   2.49742838279   0.983450472488   
85.0   35.0152577958   21.3959074877   41.0347795867   0.548501459341   -6.69253574672   0.0289216064858   
86.0   -14.7783564709   -9.63199018227   17.6401546153   -2.56397886287   -1.66359649162   0.140084218064   
87.0   10.4913079352   -32.791541647   34.4289521446   -1.26114830507   -7.06791853642   0.0300589005749   
88.0   23.2969178767   1.35884740153   23.3365132103   0.0582613364435   1.71597538414   1.03562873974   
89.0   47.4676402919   28.5176362316   55.3753776612   0.540993254877   0.44350146485   0.0849756249648   
90.0   43.3434863634   -24.0888483509   49.5876035416   -0.50725951831   -2.39269958482   -0.401968409723   
91.0   -10.0872335184   -16.2423626961   19.1197967041   -2.12654633516   -9.85650544177   -0.303996118046   
92.0   -5.20441479403   -14.3605900814   15.274569743   -1.91848335557   3.31395382787   -0.308238333992   
93.0   -4.45156799884   -50.4113305926   50.6074965768   -1.65887277774   -1.68793238977   0.0317406230978   
94.0   18.3281235147   -4.82203780714   18.9518379104   -0.257264900524   -1.03605939215   -0.169744339268   
95.0   -44.5314610332   33.7092734336   55.8512859044   2.4936414602   1.52331386074   -0.583671386166   
96.0   -19.4836986932   55.9820589834   59.2756732799   1.90571924384   3.07559640855   -0.473832923198   
97.0   34.9405767694   -27.0271205216   44.1736250343   -0.658382717872   -0.477723028257   -0.359446379665   
98.0   -27.774006403   22.9343890608   36.0191842394   2.45134644049   5.1431472678   0.846838744596   
99.0   22.3528942188   -29.6365409752   37.1211050608   -0.924590801952   0.701333941188   -0.395449993952   
