0.0   18.2939035876   -9.27464278761   20.51062913   -0.469215984617   -0.726628819718   0.130790770973   
1.0   20.0625262219   1.21428192649   20.0992397618   0.0604511326154   -1.10066031048   -0.297163976078   
2.0   -7.04320052194   14.4215039281   16.0494999654   2.02510627768   1.305915152   -0.370518660647   
3.0   -6.0424671922   10.1420343915   11.8056033886   2.10811045139   3.0046539817   0.134826313273   
4.0   2.00184363394   -16.7479493629   16.8671629445   -1.45183303591   -2.79234471624   -0.266565598571   
5.0   17.0676730922   9.18480428869   19.3821075893   0.493692373396   1.18059255893   0.389208984256   
6.0   2.92121888877   15.7258168388   15.9948377623   1.38713035464   1.54113097103   -0.452369381189   
7.0   18.9709686415   -9.10379333718   21.0422599623   -0.447422651511   -0.154993402413   0.0699767609649   
8.0   7.82811637791   11.5663594129   13.9663909473   0.975810853201   1.691443372   -0.234688261528   
9.0   11.3012648259   -10.2811854184   15.2781334028   -0.738169010891   -2.36183397844   -0.106841214578   
10.0   15.8457246057   7.48738698035   17.5256369948   0.441421139209   1.27451937104   -0.294185091006   
11.0   -4.41357915577   11.3871074071   12.2125302892   1.94056269585   2.17199512837   0.0893539433329   
12.0   -2.22510251605   10.0316693535   10.2754791238   1.78907031864   1.73830862514   -0.299842307183   
13.0   18.5166717647   -4.33344769388   19.016989829   -0.229892066042   -1.21059758881   -0.723417006384   
14.0   6.95577190874   -14.1624207592   15.778368883   -1.11425949873   0.333175196013   -0.223432096941   
15.0   7.30737548323   17.0563686125   18.5557928071   1.1660282163   0.940150869784   -0.629543999173   
16.0   -5.01392208922   8.41084044204   9.79191767011   2.10836255314   3.79769406635   -0.322003793587   
17.0   17.2020310649   7.38577052641   18.7205629997   0.405553212007   1.9629316871   0.387026588256   
18.0   -6.19141011104   16.3589899799   17.4914296822   1.93260695192   2.86160364208   0.266490309891   
19.0   13.0882554318   16.1005310454   20.7492055316   0.888233876217   0.96628161638   0.302357012224   
20.0   19.037055501   3.82471708112   19.4174648937   0.198269510838   1.09615234293   0.159688699549   
21.0   13.564530567   -10.2249419867   16.9866396952   -0.645928621852   -2.15550166087   -0.0693250929066   
22.0   -10.4677616469   4.86750483303   11.544116995   2.70633532106   4.57794643613   0.540762545132   
23.0   9.31870395002   -9.78376733025   13.511489425   -0.809739073161   -1.75651499527   -0.448934631537   
24.0   19.4031826054   -7.42848268697   20.7765697421   -0.365633879737   -0.869815472121   -0.147264817483   
25.0   17.7458195696   -6.91302292017   19.0447892635   -0.371472219503   -1.54252528834   -0.6099488928   
26.0   -10.9333326589   5.16406411052   12.091539239   2.7003308016   3.63796109829   -0.258235768679   
27.0   12.73894868   11.9755658696   17.4841354195   0.754519945094   -0.330941058184   -0.571753802554   
28.0   13.7472873249   14.7725951096   20.1796302014   0.821333318823   1.48016475544   0.683482327273   
29.0   11.2487615709   11.2256286037   15.8918021139   0.78436886032   2.29594898417   0.0330726565968   
30.0   10.6629487525   11.6004769825   15.7565714012   0.827483988552   2.06555724716   -0.0275015801172   
31.0   13.8066688329   15.3589530726   20.6523980145   0.838571074102   0.504642632275   -0.24510245042   
32.0   5.93993529235   -7.39768677879   9.48728627978   -0.894262256963   -3.36949336732   0.140511581748   
33.0   7.33269021331   -10.7684122836   13.0279334076   -0.972974153603   -2.44196351617   0.585510270639   
34.0   2.24608656484   -0.888196650873   2.41532568143   -0.376570781254   4.89649617444   -0.327460130037   
35.0   17.1506357829   11.5275984696   20.664700197   0.591781068783   0.924667491951   0.138956056501   
36.0   20.8354942234   -4.89462245505   21.4026902167   -0.230733787542   -0.103014868503   0.183604230777   
37.0   13.2246373375   -15.933543663   20.7067343241   -0.878036068614   -1.25146944234   -0.289648291616   
38.0   16.5772923736   -7.59574802481   18.2346376574   -0.429653715286   -1.04644712436   0.0737190266105   
39.0   15.7992207782   -10.4063004032   18.9184160352   -0.582438390594   -1.66991281018   -0.0278222760013   
40.0   19.6793421446   5.23049479082   20.3625780048   0.259780067489   0.728626435619   0.292838772518   
41.0   14.275478046   -9.01771154931   16.8851530946   -0.563397387222   -1.14998414134   -0.171680662213   
42.0   7.1353552526   13.7884014941   15.5252475131   1.09325508509   1.72453638098   -0.204137563596   
43.0   20.2066774211   0.455915680491   20.2118200939   0.0225587972714   -0.420040852747   -0.32381502458   
44.0   11.4401320189   7.38143128597   13.6147768413   0.573009405218   1.67929098996   -0.234124416739   
45.0   20.6598705293   -0.842213302284   20.6770300946   -0.0407431026588   0.130870780927   0.193791549084   
46.0   18.0511390587   -5.49780152569   18.8698024084   -0.295642445211   -1.80323551474   -0.436162229371   
47.0   19.452657757   4.76072484732   20.0267419937   0.240016227911   1.10943193521   0.222062257767   
48.0   2.7854212317   -17.589656551   17.8088345778   -1.4137447947   -1.95663179505   -0.165172976555   
49.0   16.9880419672   -2.10053939912   17.1174132289   -0.123023688928   -1.83669010476   -0.148007527949   
50.0   14.7322106353   -13.2933586137   19.8431704482   -0.734102512727   -0.450679163657   0.0461512947104   
51.0   18.8873468653   -9.14675359764   20.9855896507   -0.450992245606   -0.690038167794   0.128193401137   
52.0   16.4946970829   -4.66314147513   17.1411761636   -0.27551573983   -1.21696141068   -0.286565279998   
53.0   15.6539477581   13.1724854019   20.4587500126   0.69952697626   1.50337666581   0.0603008633473   
54.0   6.82791956971   -16.1323635585   17.5178092133   -1.17041430919   -2.50146077286   0.0309899102064   
55.0   16.6627821687   7.59215767955   18.310902977   0.427530644855   1.3120114171   0.367956298156   
56.0   17.1270866269   -7.32918002096   18.6293847484   -0.404349065147   -0.673205712354   0.0642229855013   
57.0   17.5701597129   4.8388018059   18.2242836691   0.268736982161   -0.627449086202   -0.788432004786   
58.0   19.9736760772   6.33994903916   20.9557316707   0.307356515492   0.477068607024   -0.10027471399   
59.0   14.8326699441   -9.56436634316   17.6489433456   -0.572723411792   -1.0520293902   -0.321361726903   
60.0   14.4065793952   11.2842012716   18.2998013161   0.664454420291   2.37107251434   0.379812867025   
61.0   20.5793273679   -1.66487530961   20.6465620555   -0.080724571092   0.08886408049   0.0648631901707   
62.0   18.6938618152   4.79597040529   19.2992694601   0.25113682426   0.0902073355871   0.0341886235051   
63.0   17.6300275638   -6.3311382253   18.7323565823   -0.344768423637   -0.0573607807032   0.0251422679604   
64.0   7.90259269219   18.1849137298   19.8278102326   1.16084897653   2.20178830792   0.304401164329   
65.0   1.20961294852   -6.77938401118   6.88645126725   -1.39422918401   -2.31503154432   0.543009929123   
66.0   18.1979212788   -0.684052339987   18.2107733629   -0.0375718973042   -1.09016893569   -0.784320470139   
67.0   6.68599148144   -17.7991365764   19.0134622033   -1.21146842957   -1.66743897943   -0.244114552472   
68.0   19.6595069122   -3.52658589207   19.9733076901   -0.177495462327   1.13528985377   0.48669735221   
69.0   11.4190733236   10.2346732023   15.3343982969   0.730755375478   1.98758051967   -0.0470891217865   
70.0   2.80191727219   -17.6806534962   17.9012918097   -1.41362969203   -1.92711200735   -0.0737959120477   
71.0   -9.21326823743   15.3405633325   17.8946135743   2.11164375562   2.35327202316   0.479621971773   
72.0   19.2309437349   -6.46248855594   20.2877538252   -0.324190283836   -0.927446312223   -0.395692467895   
73.0   -5.15860142404   -0.990162091734   5.25276970941   -2.95195520462   -5.79121152047   0.634287784915   
74.0   18.7725468639   -8.38700295472   20.560893325   -0.420164264556   -0.0381661427008   0.550445477485   
75.0   1.92442497767   -14.2067215758   14.3364692106   -1.43615707135   -1.22819363586   -0.0678400785185   
76.0   17.318528256   10.7138530501   20.3646278663   0.5540093601   0.205368682502   -0.240178296066   
77.0   8.49331309773   16.9573004242   18.9654002081   1.10645720143   0.941178128017   0.263452086709   
78.0   8.33231324813   16.8769264582   18.8217451566   1.11219308701   1.39533835985   -0.295693452589   
79.0   9.10439163866   15.6486205136   18.1043992192   1.0438655268   2.37778304055   0.206698879801   
80.0   12.6604528808   -1.05855706931   12.7046294797   -0.0834172865879   -3.7680748014   -0.643101805003   
81.0   13.488027781   0.00870932124844   13.4880305929   0.000645707451038   2.12473893073   0.232875592716   
82.0   17.1733336702   -9.06084337531   19.4170613642   -0.485491806432   0.400824039152   -0.171602259879   
83.0   20.0669108095   1.85838208587   20.1527788013   0.0923458765061   0.465427501726   0.380796697186   
84.0   18.6860119035   3.35099538406   18.9841041643   0.177445593468   0.0294469311242   0.0432524861092   
85.0   0.383131314327   -3.01237152656   3.03663824287   -1.44428960102   -4.77104611675   -0.63473293429   
86.0   -6.59789495744   15.8130027053   17.1342718674   1.96608005331   1.3566119337   -0.0861360446909   
87.0   -3.939091886   -4.62059187914   6.07176368117   -2.27674465661   -4.7791569523   0.0134833654526   
88.0   3.58578556918   -19.3668585726   19.69601658   -1.38771894399   -1.60418683958   0.081939027765   
89.0   20.1031425486   -1.00110203326   20.1280536965   -0.0497571822873   -0.401596485152   0.0788212688313   
90.0   19.2361138088   6.50551243368   20.3063971815   0.326117551434   -0.25434326793   -0.515820175934   
91.0   -4.33316827238   -18.5181670827   19.0183821441   -1.80065617075   -2.7471302584   -0.263394877884   
92.0   2.27265925468   6.13595012592   6.54330681198   1.21607847388   4.18217132404   0.368120749511   
93.0   10.6736318288   -11.0941043727   15.3949851656   -0.804712080844   -2.35399833522   0.00477957199167   
94.0   -0.988922893446   19.2082948394   19.233734924   1.62223506908   1.59796441615   -0.258929933852   
95.0   -6.96577378888   14.1137459885   15.7391178376   2.02926690039   3.24165644648   0.350354415811   
96.0   -5.62781658846   16.6189575429   17.5459986711   1.89731378577   2.43912991567   0.0501740915919   
97.0   16.2378129893   -1.69099962941   16.3256255752   -0.103765581304   0.795592350297   0.459337933986   
98.0   6.46410618943   16.7451378161   17.9494932884   1.20239176412   2.24195422522   0.247056695828   
99.0   1.68745879821   -16.5876246854   16.6732363355   -1.46941511361   -2.01964593392   -0.0438711915373   
