0.0   8.39462140892   -2.4606773859   8.74783412031   -0.285138018952   0.01149748625   0.297680004208   
1.0   8.84644473349   0.594376478854   8.8663897851   0.0670873467548   -0.0974044041432   -0.475480791797   
2.0   0.983452604696   5.6871141212   5.77152025494   1.39956327533   2.24420323304   -0.12285774069   
3.0   3.74368904117   7.44579179542   8.33396802836   1.10491713156   1.04429104101   0.173359356451   
4.0   5.43238955895   -5.4356484802   7.68486374118   -0.785698026274   -0.992036894534   0.309466104597   
5.0   8.88705574496   0.89977591504   8.93248881954   0.100901836609   0.151321742787   0.114835113886   
6.0   7.50047944678   4.45017024265   8.72130764967   0.535491854853   0.683288307891   0.205716549104   
7.0   6.89181858269   -4.93323641066   8.47549319274   -0.621258442694   -0.843753830768   0.379001228231   
8.0   8.5949551548   -0.555017583845   8.61285658951   -0.0644852755181   0.179751967693   -0.0567506524352   
9.0   8.03397680787   -3.63225089081   8.81691725509   -0.424608213553   -0.30146235267   0.0484339053673   
10.0   8.14577683386   -1.23714324283   8.23918707339   -0.150723588461   0.241873549361   0.203471515256   
11.0   4.88367086787   4.79270153342   6.84253090122   0.77599725872   1.91181707094   0.168580279411   
12.0   6.95129991678   3.83940355467   7.94113280261   0.504629444346   1.34007834084   0.088414305037   
13.0   8.47499635696   1.94112404794   8.69445373902   0.225157649553   -0.131213837253   -0.506419251929   
14.0   0.444396745591   -7.41200646327   7.42531671237   -1.51091167975   -1.62574193081   0.250360465795   
15.0   4.97113114339   5.65327487409   7.52805829194   0.849515508055   0.509697389874   -0.70180180904   
16.0   2.82843904123   8.17690594193   8.65227474096   1.23777356395   1.06317072871   0.130339587913   
17.0   8.48137859496   2.36562079934   8.80510900769   0.27200635703   0.308000555519   -0.372617598092   
18.0   2.34074234283   7.41534603509   7.77601643103   1.26503344969   1.95160508232   -0.116207995537   
19.0   5.15608943812   6.88218849572   8.59940560647   0.927811712669   0.944263679964   -0.1445896213   
20.0   8.30436433343   -0.83715829462   8.34645439648   -0.100470011051   -0.526888047449   0.348187485032   
21.0   8.15880701038   -3.3961885476   8.83743336515   -0.394444930763   -0.546224202375   -0.0919957428583   
22.0   -1.16971244714   7.2815055853   7.37485937478   1.73007707644   2.71081154152   0.528040124417   
23.0   8.7367758668   1.85388635538   8.93130153815   0.20909204103   0.0259300294804   -0.126470637295   
24.0   8.49464297048   -1.35303449175   8.60172433479   -0.157954046204   -0.328887068646   -0.148115854286   
25.0   8.61972986134   0.786684417912   8.65555401207   0.0910134167161   0.246059844212   0.187511241808   
26.0   0.63067687158   7.85134844695   7.87663797263   1.49064122593   1.84898031566   -0.0188377454404   
27.0   3.82248076843   6.26642538389   7.34026200601   1.02306081588   1.68805374324   0.244908337681   
28.0   7.83709914348   3.73207194467   8.68035045288   0.444431688384   0.599634517739   -0.106062503666   
29.0   8.21796205366   0.967729646616   8.27474476853   0.117218034288   0.976658452808   0.700407228678   
30.0   7.83097659071   3.76966241092   8.69106144591   0.448639599507   0.874489954795   0.49446948095   
31.0   7.13918765754   5.12490802305   8.78821271103   0.622609542169   0.449455141026   -0.157220431142   
32.0   8.72337677807   -0.440484793874   8.73449078458   -0.0504519070671   -0.0545861858762   -0.312731031562   
33.0   8.51520058731   0.0273784514597   8.5152446014   0.00321523337416   -0.489312572191   -0.404528973077   
34.0   4.37972136677   6.17072514185   7.56702108011   0.953551365135   1.84759295422   0.0606920843253   
35.0   8.27274315353   2.96745405338   8.78886015608   0.344406512325   0.209058524444   -0.273371602267   
36.0   8.64163270171   -1.70321662414   8.80788071105   -0.194600071188   -0.100927475945   -0.0691297019086   
37.0   5.09608393304   -6.71476192918   8.42959662251   -0.92159977958   -1.09932337536   -0.0420030207999   
38.0   8.77458223514   0.896427319491   8.82025370045   0.101808610253   0.228463803349   -0.001430012993   
39.0   7.14061549133   -3.77092874352   8.07516521093   -0.485870763793   -0.238669660393   -0.0762976081728   
40.0   8.61610062863   -0.614240104895   8.63796740843   -0.0711693980707   -0.469940072645   -0.454960850578   
41.0   7.94189802871   2.07060437764   8.20738367491   0.255041492217   -0.464793557656   -0.362831021085   
42.0   7.39983182274   1.78836637508   7.61286840136   0.237129686844   1.14651937112   0.162968260512   
43.0   8.17465779073   -0.625547908715   8.19855720122   -0.0763739817528   0.132250754779   -0.00662328456261   
44.0   7.85172155171   -3.63349084177   8.65169272587   -0.433417287426   0.0234503001949   0.793894400964   
45.0   8.65849267954   0.231405160093   8.66158437179   0.0267194414914   0.230694362558   -0.104186117735   
46.0   8.89905571853   0.0863060899201   8.8994742217   0.00969803840777   -0.129285303163   -0.196924457537   
47.0   8.32972420035   1.97302520299   8.56020640554   0.232579197878   0.812019444852   0.220123050827   
48.0   6.37378264719   -5.54159674691   8.44596943748   -0.715670063494   -1.53639506946   -0.470727202395   
49.0   7.96969682544   1.52854479975   8.11495635812   0.189493445335   0.591013332582   -0.135279289485   
50.0   6.28368321114   -5.44327648123   8.31347902801   -0.713855969294   -1.23006493618   0.0569643748518   
51.0   7.91514235133   -3.66392962444   8.72203294735   -0.433530697334   -0.562130592081   0.098051799024   
52.0   8.24923071777   2.26346074935   8.5541254374   0.267793862028   -0.631563063971   -1.02300497859   
53.0   7.44396743455   4.8124401054   8.86409786356   0.573902789498   0.434559531688   -0.256099908879   
54.0   6.24916860014   -5.29025824685   8.18773109667   -0.702490038682   -1.00011744615   0.0714065405419   
55.0   8.06633418662   -0.385494879901   8.07554044709   -0.0477542573915   0.368615308484   -0.0386696927257   
56.0   8.47897986235   0.145957208142   8.48023602341   0.0172123057604   0.191226635278   -0.559148465192   
57.0   7.65613010414   -0.900888706653   7.70895120191   -0.117130326041   0.457939930576   -0.439429617386   
58.0   8.52509603447   1.37668246358   8.63553802623   0.160103696743   0.505590803011   0.315460327562   
59.0   8.17439957609   0.74638269497   8.20840395917   0.0910548593994   -0.920243983243   -0.731703992747   
60.0   8.7277556158   1.53854005876   8.86232608301   0.174488616333   0.15628795439   -0.0372348756046   
61.0   8.21741658171   -2.57944639838   8.61275095422   -0.304159730518   -0.211398613339   0.147505305899   
62.0   7.87517922954   -0.343694762892   7.8826755602   -0.0436151090582   0.950309108904   0.259501564022   
63.0   6.54002628782   -5.50379685844   8.54773207958   -0.699571280181   -0.554210260658   0.0148732013223   
64.0   5.96682151701   6.58798937748   8.88845110543   0.834834331889   0.671381099055   0.122497887046   
65.0   8.64475403582   0.109678625532   8.64544977087   0.0126866236726   -0.165262356992   -0.0582190290995   
66.0   7.730343751   1.87904935857   7.95544096833   0.238449989236   1.26588858773   0.341053141649   
67.0   1.92146258163   -6.29888585498   6.58543707484   -1.27471479092   -1.46328920981   0.413453588954   
68.0   7.62532574963   -4.16198575548   8.687215792   -0.499621307579   -0.852596123792   -0.215078870078   
69.0   7.69814449981   -0.76095105843   7.73566256071   -0.0985285554322   0.806881522987   0.487743799648   
70.0   4.31925584629   -5.77176700408   7.20897117591   -0.92835716244   -2.13965673624   -0.702170740382   
71.0   0.0667749153782   6.87706504866   6.87738922651   1.5610868335   2.57615769468   0.548872866344   
72.0   8.44518334257   -0.342644997987   8.45213152313   -0.0405505900854   -0.784731279985   -0.404043358455   
73.0   -3.27802942233   -5.97309770113   6.81346997065   -2.07271691704   -2.87276776492   -0.2477163955   
74.0   7.03163118015   -4.71771281849   8.46762370984   -0.590946425885   -0.808640407927   0.0759273535744   
75.0   5.44983337329   -3.91030595284   6.70754623103   -0.622380748422   -1.98525767094   -0.334915426038   
76.0   8.07206791799   2.48042243501   8.444570796   0.298126473406   0.514709794031   -0.05162540126   
77.0   4.85591158097   5.17340721732   7.09535196579   0.817044344665   1.42175361894   -0.0760329807506   
78.0   3.87327515387   7.40293945712   8.3549849206   1.08875537413   0.19499337387   -0.653801253888   
79.0   7.40158790511   4.91874430937   8.88693136566   0.586537573935   0.570946862217   -0.172766133095   
80.0   8.38873071966   2.69377164779   8.81063044155   0.310716681462   -0.0639713742618   -0.390419542396   
81.0   5.63667309207   -6.31629612932   8.46567660262   -0.842195104017   -0.68963962196   0.34399362509   
82.0   6.44503097056   -4.84023138608   8.06016526396   -0.644142103948   -0.594913384576   0.674143766654   
83.0   8.27583664742   -1.85899668936   8.48205994472   -0.22096172587   -0.589467265023   -0.012394714204   
84.0   7.05594059394   4.88050619533   8.57937284351   0.605125319301   0.789742037791   -0.312508900636   
85.0   7.33037881492   -2.95071903497   7.90197420861   -0.382688048748   -1.00604246411   -0.412609988372   
86.0   -1.13746146852   5.44068522135   5.5583157764   1.77689365704   2.65939227639   -0.185865184147   
87.0   2.7735737016   -7.91418225714   8.38611899972   -1.23371521156   -2.19708738412   -1.18205449813   
88.0   4.69749639849   -7.028027263   8.45338036665   -0.981598324352   -0.981092679852   -0.0741822267845   
89.0   8.64092239688   1.33674720997   8.74370819345   0.153482931359   0.284361363586   0.0165999828796   
90.0   7.68168057859   3.18492254993   8.3157650376   0.393039743852   -0.278159724115   -0.0674266645824   
91.0   0.0657008934149   -7.66984779768   7.67012919363   -1.5622304089   -1.9266047624   0.0578872763005   
92.0   7.94214024948   2.51928539198   8.33213001751   0.307165376006   0.787018900336   -0.0282225471442   
93.0   8.70992857626   -0.58521349712   8.7295664635   -0.0670884085328   0.102379610919   0.282645712787   
94.0   2.67468458362   7.16704281045   7.64986537586   1.21361150486   1.39887634068   -0.325262067807   
95.0   1.99706604964   6.47100853944   6.77216540879   1.2714524999   2.03103707979   0.0325936278544   
96.0   2.96523040873   7.41506577108   7.98597469106   1.1903824837   1.50897165398   -0.235855818107   
97.0   5.76753414841   -5.11930308434   7.71179059768   -0.725925737006   -0.47236155856   0.901133888317   
98.0   6.19037641148   5.39530542096   8.21158210707   0.716880280226   1.20575165173   0.369377067311   
99.0   6.44643386081   -4.6933759541   7.97397563129   -0.62930952395   -1.44801612414   0.0666319880353   
