0.0   2.85108439335   -0.630647792808   2.91999980421   -0.217690579948   0.069254274131   0.293092265714   
1.0   2.94784381185   0.356736225873   2.96935074956   0.120430368945   0.13506094998   -0.152771466738   
2.0   2.74100662698   1.07366387883   2.94378522549   0.37333445419   0.632007632317   0.306910725717   
3.0   0.317138655867   2.8051747234   2.82304483773   1.45821946575   1.89486472617   0.461046598622   
4.0   2.94166628033   -0.172969533861   2.94674718367   -0.0587322241884   -0.309818989943   -0.455764854198   
5.0   2.94798499975   0.315745133936   2.9648457883   0.10669864763   -0.0189313194183   -0.341845756257   
6.0   2.39658249497   1.70170021263   2.93928414224   0.617441023123   0.337048475839   -0.468383241536   
7.0   2.62065472241   -1.07510576335   2.83261073508   -0.389305409388   -0.477830553807   0.26780292391   
8.0   2.79915389696   -1.06628331575   2.99536686372   -0.363959917774   -0.433679420718   -0.0731175101524   
9.0   2.87597179692   -0.76945142117   2.97712432831   -0.261422085967   -0.400463609578   -0.117020846939   
10.0   2.49621960889   -1.6210278755   2.9763809751   -0.575948483098   -0.703417841651   -0.0844400427049   
11.0   2.82883642765   0.163443848504   2.83355420382   0.0577136016362   0.0636350811576   -0.401676600191   
12.0   2.8737477887   0.506351177217   2.91801608422   0.174408696442   0.405067663413   0.14213373424   
13.0   2.91961791712   0.586474016366   2.97793897752   0.198235370729   0.273736203599   -0.0198647787829   
14.0   2.17088762488   -1.84666406814   2.85007390438   -0.704870903514   -1.10155602003   -0.41001002957   
15.0   2.45765177539   0.490891812829   2.50619772185   0.19714572234   1.03340862998   1.36094673147   
16.0   1.52094166033   2.53600345047   2.95712310108   1.03056832916   1.03446408995   -0.201524969473   
17.0   2.92013782488   0.638620289241   2.98915385856   0.215305455084   0.326155077638   0.125680894941   
18.0   2.29537278516   1.80066758056   2.91738580899   0.665203882354   0.961579797601   0.312269983259   
19.0   1.84203474647   1.93795984991   2.67372032701   0.81076976571   1.2350993448   0.214234711987   
20.0   2.85403918505   0.0313871463579   2.85421176908   0.0109970042645   -0.25237861882   -0.0934613798442   
21.0   2.8489997122   -0.842564248125   2.97097860516   -0.287544316255   -0.320922029191   -0.21837545675   
22.0   1.48598823895   2.5113704054   2.91807168511   1.03649906231   1.10736672935   -0.172686342672   
23.0   2.84848910804   0.799759743685   2.95863242838   0.273719150148   0.462625286582   0.404856694696   
24.0   2.98308740991   0.301690952325   2.99830417501   0.100791095904   0.106811239378   0.0498844965992   
25.0   2.99284710052   0.170549558913   2.99770260686   0.0569241593036   0.101545902064   0.0385748740889   
26.0   1.59782193164   2.18950412398   2.7105282205   0.940372351481   1.56458874762   0.808730940353   
27.0   2.67905873802   0.523468188641   2.72972062056   0.192961444886   0.708282751433   0.497413842482   
28.0   2.82881271037   0.788683239497   2.93669927004   0.271898961097   -0.00706000154665   -0.342985573914   
29.0   2.80984944227   -0.9574043741   2.96848059178   -0.328394112162   -0.209980674976   0.0331462228485   
30.0   2.45920320653   1.67380852056   2.97477988673   0.597607620187   0.550117270707   -0.225032458368   
31.0   2.49446227903   1.48432272473   2.90268083204   0.536769756177   0.381687535425   -0.517758424996   
32.0   2.82601088684   -0.487212624206   2.86770181046   -0.170724685012   -0.345455430249   0.064971490534   
33.0   2.91849556263   -0.581606483177   2.97588347392   -0.196706019388   -0.0276672213597   0.200780492471   
34.0   2.85244662771   0.890939504944   2.98834820016   0.30274111699   0.37696509373   0.02471665658   
35.0   2.96642907649   0.410089728637   2.99464105552   0.137372856236   0.109390747093   -0.111093549118   
36.0   2.98340240967   -0.305580394522   2.9990113897   -0.102070853764   -0.137369055512   -0.0455762072007   
37.0   2.70476138744   -1.25185541621   2.98041543179   -0.433475242965   -0.518589320141   -0.00893634003389   
38.0   2.88730943595   0.22410819516   2.89599382977   0.0774630379244   -0.173966907976   -0.141381682225   
39.0   1.89094319137   -1.89080930426   2.67410283611   -0.785362759939   -1.4074467818   -0.702567658295   
40.0   2.84678677539   0.350632483783   2.86829881344   0.122550584077   -0.251654669376   -0.392190949256   
41.0   2.35099447445   1.68487448752   2.89239987857   0.62182291482   0.85147582334   0.0864491786517   
42.0   2.8792168786   -0.763361955924   2.97869288611   -0.259165633835   -0.394594054456   -0.116206143756   
43.0   2.49664743138   -1.44798722354   2.88615928115   -0.525563326874   -0.56308352969   0.280003893233   
44.0   2.79615430024   -0.774449484826   2.90142221596   -0.270196324573   -0.631308876985   -0.488081582419   
45.0   2.82088167085   0.100165738795   2.8226594864   0.035493751174   -0.00907769520454   -0.491421819796   
46.0   2.91797078925   0.322827694962   2.93577438635   0.110186213514   -0.0631012797854   -0.0570218581748   
47.0   2.97907610711   0.0999012387813   2.98075069562   0.0335217404582   0.170629248244   0.133711447114   
48.0   2.52023092589   -1.5030292896   2.93439277623   -0.537757572945   -0.636675098868   0.0920503422601   
49.0   2.93311284703   0.0505063010584   2.93354765768   0.017217649907   -0.0902154125789   -0.403509512527   
50.0   2.76189692826   -0.996039133098   2.93601236322   -0.346118392648   -0.636496659975   -0.472966745314   
51.0   2.96658268177   -0.35933069412   2.98826560994   -0.120538926454   -0.0511373381231   0.194362170033   
52.0   2.84729655515   0.9217031341   2.99276366263   0.313066211309   0.35371602819   -0.0164221315288   
53.0   2.55894152652   1.41314680504   2.92321152651   0.504560436346   0.807958664837   0.546634754719   
54.0   2.71712529249   -0.668052343623   2.79804642365   -0.241085326092   -0.393830662696   0.195597795902   
55.0   2.73044990977   -1.14263342873   2.95989321804   -0.396333577095   -0.536780037849   -0.0521910581734   
56.0   2.80555935525   -1.04926216425   2.9953487919   -0.357888343165   -0.282703189154   0.133126042455   
57.0   2.92458219607   -0.62727784271   2.99109654032   -0.21128347969   -0.317811319219   -0.139581417998   
58.0   2.82639468341   0.843679450398   2.94962742078   0.290080287257   0.0490805880954   -0.276595325469   
59.0   2.84464414317   0.82966719715   2.96316519272   0.283787410012   0.32223357919   -0.131263863201   
60.0   2.85317654599   0.765316222217   2.95403543015   0.262064203575   0.505329964793   0.319965265259   
61.0   2.9747367539   0.134084323013   2.97775710236   0.0450438604811   -0.0793874436159   -0.290036040975   
62.0   2.87337894479   -0.669223619666   2.95028249723   -0.228825445496   -0.398419594024   -0.0873648069895   
63.0   2.65687184326   -1.38423627226   2.99584346203   -0.480307911994   -0.48291473496   -0.0683557470126   
64.0   1.8867487038   2.32387203314   2.99335963387   0.888842067867   0.858920085923   -0.122200010527   
65.0   2.83502306849   -0.628234670139   2.90379658373   -0.21807376075   0.0366297468953   0.165471386512   
66.0   2.94229208705   0.102272802407   2.94406902969   0.0347455791641   -0.127740874696   -0.0547051714406   
67.0   2.66430875412   -0.723787067484   2.76087103218   -0.265258728187   -0.766310365297   -0.513672761367   
68.0   2.72042189381   -0.814400697713   2.83970839643   -0.29087466282   -0.756248061561   -0.63838813836   
69.0   2.28360609064   -1.72348858317   2.86099102996   -0.646516576208   -0.757708909813   0.191335746783   
70.0   2.92407018062   -0.669070258556   2.99964021711   -0.224942354633   -0.236816963132   -0.00187420536512   
71.0   2.35316500193   1.73430006543   2.92321436834   0.635133869468   0.954841081408   0.442266314083   
72.0   2.98046705787   -0.00441364472347   2.98047032586   -0.001480855655   0.127520007405   0.27766970738   
73.0   1.18971727256   -2.45838816465   2.73113521392   -1.12007744998   -1.68422648199   -0.64111514553   
74.0   2.59164121207   -1.0858926521   2.80994075097   -0.396775990799   -0.796627189887   -0.334941745253   
75.0   2.97707613636   0.250613893413   2.9876060057   0.0839832091857   0.188859904315   0.0929034609692   
76.0   2.94970447855   -0.433849892609   2.98143962543   -0.146035427479   0.0115616733983   0.236534573023   
77.0   2.88164522467   -0.308470378518   2.89810855133   -0.106640525793   0.263644877524   0.519382509742   
78.0   1.24798047761   2.58836657951   2.87351645592   1.12153056552   1.53205725488   0.55598815229   
79.0   2.5345711575   1.44210570259   2.91611381977   0.517293971222   0.582403423779   -0.185962885435   
80.0   2.88775684507   0.759684853277   2.98601082928   0.257242372643   0.15076767299   -0.233913385103   
81.0   2.38882240505   -1.38643539197   2.76200571668   -0.525871425865   -0.88600856731   -0.174179760446   
82.0   2.88389710604   -0.552243674742   2.93629623753   -0.189201717634   -0.113096401291   0.359454632379   
83.0   2.90214685653   -0.661421205909   2.97656419189   -0.224080169642   -0.235373049244   -0.169928507867   
84.0   2.54547891001   1.45979668449   2.93436010765   0.520695773403   0.225036003668   -0.411894811963   
85.0   2.78095809358   0.713411130449   2.87100737709   0.251119071968   0.0082644245333   -0.0770169545981   
86.0   2.45132835713   1.50569733014   2.87682727401   0.550822388903   0.801930879309   0.104584143136   
87.0   1.3785905463   -2.54244755371   2.89215342914   -1.07393837288   -1.30098758585   -0.0804191857848   
88.0   2.26605265047   -1.70435222732   2.83545607081   -0.644858983034   -1.11385428526   -0.628946800774   
89.0   2.83763698662   0.634445777796   2.90769756213   0.219964771528   0.397961052523   0.00755844502426   
90.0   2.44873894187   1.66058495334   2.95869308863   0.595902872379   0.631063533249   -0.148170699546   
91.0   1.6277245903   -1.98967553948   2.57066063382   -0.885124549763   -1.24488038499   0.00882400440959   
92.0   2.9262275065   -0.312589140714   2.94287604066   -0.106419684919   0.160763169893   0.335780885893   
93.0   2.9890698067   0.20191348165   2.99588173388   0.0674481416279   0.106730121505   0.113366860625   
94.0   2.45598074934   1.22056445224   2.74255702278   0.461225798487   0.727949097493   -0.0401602802978   
95.0   2.80271810054   0.724133243534   2.89475347923   0.252838981275   0.521969947568   0.179612855552   
96.0   2.50440896211   1.59933976848   2.97152350563   0.568326235448   0.725299800165   0.135414806378   
97.0   2.94958924043   -0.330725265383   2.9680727566   -0.111659494884   -0.276573140581   -0.139947208793   
98.0   2.73436481422   0.564926047405   2.7921125293   0.203735785852   0.578110610271   0.890762240867   
99.0   2.91880442013   -0.581235672532   2.97611393431   -0.196563544029   -0.37163224082   -0.293904684245   
