0.0   16.0304756757   -7.34657657089   17.6337272776   -0.429724914765   -0.107773732824   -0.115765881205   
1.0   17.9805212774   3.18074273222   18.2596897492   0.175087992146   -0.176358889077   -0.146855779498   
2.0   -6.72123616345   11.5837679636   13.3924865428   2.09655133401   1.9113728887   -0.322806080003   
3.0   -3.09752341092   9.60327838978   10.0904711046   1.88280936764   2.70556860986   -0.677996193067   
4.0   4.14062745853   -14.9043246676   15.4687972883   -1.29981601088   -1.68161189675   0.0762506564134   
5.0   15.2456665655   6.87468630263   16.7239845966   0.423624749682   1.23116907619   -0.00997203651199   
6.0   4.10140774513   13.2137699932   13.8356518793   1.26983587775   2.47062546775   0.149833340315   
7.0   16.010300387   -8.79180632509   18.2654202509   -0.50217838205   -0.256365068924   0.16837825049   
8.0   8.66481016241   8.70644483429   12.2833674863   0.787794915513   1.51722622181   -0.529415850287   
9.0   13.4898364757   -8.26907665489   15.8225572164   -0.549913122568   -2.04176666827   -0.113470787496   
10.0   15.2979330397   4.56368616063   15.964146913   0.289915205051   0.639929598686   -0.0771153084225   
11.0   -2.41443636717   9.35987511388   9.66626945199   1.82324890172   1.86741667129   -0.874641420573   
12.0   -0.650704802926   7.86328307183   7.89016079736   1.65336051025   2.7152404762   -0.37298587044   
13.0   16.2806327997   -2.91703484473   16.5398940941   -0.17729088553   -0.280922008209   0.362357637974   
14.0   4.16665289897   -14.9184787049   15.4894158459   -1.29844171412   0.281247450683   0.522627547608   
15.0   6.93209652968   14.2722158098   15.8666350061   1.11864941367   1.72785287459   0.330435097779   
16.0   -3.14795340351   10.7075052016   11.1606576094   1.856734918   3.80867692691   0.359617529576   
17.0   17.1455415745   4.56554319003   17.7429924337   0.260242906781   0.247174171441   -0.381076191119   
18.0   -3.69974088045   14.8262913561   15.2809357684   1.81534124858   1.9117808122   -0.695020477816   
19.0   10.7562103591   14.4442289842   18.009214648   0.930713980249   0.311741371359   -0.495066495181   
20.0   17.4586347479   1.28102210553   17.505568968   0.0732434454134   0.86203030982   0.320664633299   
21.0   14.6755617819   -7.5231562535   16.4915127757   -0.473701723531   -1.73597031731   -0.0241959921532   
22.0   -9.00476999115   7.3493625342   11.6232100666   2.45707346896   3.92829405742   0.238978990808   
23.0   9.22313311128   -6.83560606301   11.4800563865   -0.637804675968   -1.94864043543   0.0330171844116   
24.0   17.2971008223   -5.2997733257   18.0908068964   -0.297314877873   -0.84769562394   -0.306675485821   
25.0   16.4396033995   -4.37908274693   17.0128459006   -0.26032912573   -0.708262567231   -0.0744055977706   
26.0   -8.4302403594   6.77090071836   10.8126800126   2.46492288396   3.10533133913   -0.577326338188   
27.0   9.9528813864   11.5675214883   15.2599934887   0.860286192441   0.0478885766717   -0.282071805051   
28.0   12.5175740359   12.1637210678   17.4541046737   0.771062257392   1.30356958365   0.421929699607   
29.0   13.1197844883   8.88541105742   15.845481207   0.595295716231   1.82059533914   0.391443410576   
30.0   12.1632583869   9.0036173089   15.1330756699   0.637219384426   2.60471887398   0.245983432349   
31.0   11.6907610175   13.3330611114   17.7325805163   0.850933645575   1.31261345915   0.556483739661   
32.0   8.8195637788   -7.75120826129   11.7416325423   -0.7210149876   -2.68686033032   -0.405587641687   
33.0   9.78857544381   -9.29383599813   13.4978367444   -0.759477506551   -1.89495064104   -0.160435178046   
34.0   1.12815924314   1.86225625405   2.17732442085   1.02612130093   5.23633531907   0.383384214359   
35.0   15.181126111   9.27104496537   17.7881664246   0.548246723347   0.742681122523   -0.451739638245   
36.0   18.0459184829   -3.95984985017   18.4752695441   -0.216008349659   -0.213739869751   0.113015547956   
37.0   11.7950235736   -13.3245558838   17.7951221013   -0.846213122898   -0.995803171211   -0.0119381610119   
38.0   15.502845231   -4.83952992116   16.2406668617   -0.302584594862   -1.26443066385   0.00546171046023   
39.0   15.7920603118   -7.42960067612   17.4524535552   -0.439741116471   -0.757552438648   -0.0886392315157   
40.0   17.0582533366   3.89336068476   17.4969215669   0.224395333936   0.73079582408   -0.255729538125   
41.0   12.7439813906   -6.45001364238   14.2832677518   -0.468533474354   -1.14316658497   0.149612227976   
42.0   7.85075461755   10.8862792318   13.4218263876   0.946009400324   1.97722767673   0.0946641754177   
43.0   17.4239256816   0.474414966508   17.4303831202   0.0272210632127   0.292875821413   -0.044347683162   
44.0   12.1639936064   4.48532363174   12.9646005931   0.353269207223   1.58236392518   -0.163394319556   
45.0   17.6904662959   -1.10915156338   17.7252028185   -0.0626157391366   -0.140238414496   -0.179537172812   
46.0   17.9826105966   -2.55004714632   18.162517015   -0.140867059629   -0.626201183017   -0.266312781407   
47.0   17.6483862951   2.40391404934   17.8113542881   0.135378400846   0.737360661527   0.451439880518   
48.0   3.86383552238   -14.8119122404   15.3075788145   -1.31562288592   -2.03233131627   0.520651088428   
49.0   17.0404485548   0.802063258427   17.0593139493   0.0470334886305   -0.502192086563   -0.217881748387   
50.0   12.2421048001   -11.677803101   16.918635146   -0.761811239521   -0.73556224965   -0.39366522602   
51.0   16.5322052282   -7.34519979065   18.0904883757   -0.418100724499   -0.855854955652   -0.289691849961   
52.0   15.2549954289   -1.96794925161   15.3814079263   -0.128295033896   -1.46372055646   0.239404192222   
53.0   15.6262371682   10.1969508842   18.658968229   0.578167987041   0.808810786333   0.33198023495   
54.0   9.18499910623   -14.284748128   16.9828807233   -0.999362423138   -1.82284107457   -0.0754774116896   
55.0   15.499577064   4.86836276639   16.2461640146   0.304338660929   1.16553911586   -0.327337081589   
56.0   14.9749359907   -5.25680296428   15.8708123715   -0.337601107378   -0.869321626578   -0.01119943432   
57.0   14.8048695769   5.01733009102   15.6319469175   0.326749723829   0.297716584185   -0.117698180065   
58.0   17.4553372371   4.72455288122   18.0834232928   0.264331761134   0.710038990188   -0.0640681137955   
59.0   12.8654152727   -7.34163009286   14.812779704   -0.518557872509   -1.35976508965   0.134216711179   
60.0   15.2132985537   8.72704238464   17.5386921311   0.520815846603   1.11343410413   -0.160210702637   
61.0   17.5931986876   -1.63912155788   17.6693904689   -0.0928997317936   -0.230419223417   0.0299405344988   
62.0   15.8974143035   4.0526821224   16.4058530385   0.249610554167   0.537392170082   0.121850875244   
63.0   14.6444998832   -6.32837946636   15.9533621378   -0.407897264648   0.639798211541   -0.126105808889   
64.0   8.88868117992   15.4331705543   17.809868233   1.04825098811   1.62777697439   -0.00757044534789   
65.0   3.80862466666   -5.48932613846   6.6811917579   -0.964227557281   -2.90347525616   0.402443814492   
66.0   15.8590336161   0.888650311022   15.8839115652   0.0559757930848   -0.68540407858   0.200072330578   
67.0   6.43963362529   -14.8340356903   16.1715025922   -1.16123307712   -1.44863393835   -0.0905469737619   
68.0   17.4567901138   -5.2159596364   18.2193785845   -0.290348716636   -0.200749108759   0.028276498991   
69.0   12.1602237767   7.43214079606   14.2515879506   0.548602864779   1.69436637122   0.10899915488   
70.0   3.16247777173   -14.8194235481   15.1531046309   -1.36054915109   -1.72017818435   -0.65229572146   
71.0   -7.47044898971   13.0037875869   14.9968696638   2.09224163861   2.45392562664   0.100317310312   
72.0   16.7748893508   -5.04832543771   17.5180621776   -0.292323889067   -0.0857602424058   0.221966485636   
73.0   -8.02617764333   -1.40682861801   8.14853939812   -2.968075296   -6.01935287177   -0.489164295836   
74.0   15.9442286382   -7.7206693875   17.7151675877   -0.450951978299   -0.528879239265   0.12645369482   
75.0   0.8833432263   -11.395903056   11.4300875638   -1.49343691068   -1.35279609439   0.642661436117   
76.0   14.7301814238   9.37174576176   17.4587474752   0.566632278725   0.821211906223   -0.0796924983213   
77.0   6.66974740204   14.6319061957   16.0803672012   1.14309991612   1.23355732982   -0.0286647925915   
78.0   8.29276016546   13.8996127489   16.185459701   1.03286724862   1.66610516616   -0.625478917231   
79.0   10.8478813187   13.2419967223   17.1180316128   0.884455519834   2.025772938   0.392477587315   
80.0   15.3504823881   -1.15339759075   15.3937531339   -0.0749966238575   -1.49612533254   -0.274686921038   
81.0   14.4140795654   -2.78707662596   14.6810587437   -0.19100087563   1.209792211   0.594554461406   
82.0   14.438972472   -9.7620245101   17.4293157806   -0.594497138425   0.024688232335   0.134639767463   
83.0   17.2020918262   1.10182809594   17.2373428449   0.0639646037209   0.199475654598   -0.0766391041443   
84.0   15.9305828832   2.68073752531   16.1545604917   0.166714273923   0.197385144258   -0.204627139026   
85.0   1.59944494531   -5.53249206009   5.759053093   -1.28936903759   -3.79307098593   0.121141616413   
86.0   -7.21442955967   12.8829639752   14.7654581594   2.08128286024   1.7760428527   -0.471933596146   
87.0   -4.10499629632   -7.61496440333   8.65093506257   -2.0652090122   -4.23736230329   -0.215552445506   
88.0   4.08784564097   -16.4386629878   16.9393070346   -1.32706733803   -2.19617080328   -0.0553775853573   
89.0   17.3730412625   0.237068590833   17.3746586794   0.0136449268883   -0.348521143333   -0.0271446073898   
90.0   16.3162136294   6.66499187788   17.6250090477   0.387802891341   -0.00992988988496   -0.163718995055   
91.0   -1.80700260114   -16.9382997962   17.0344139432   -1.67707581943   -2.26723071193   -0.099704736322   
92.0   4.5014171887   7.96067582726   9.14522368963   1.05616369315   3.55239707278   0.0952845985858   
93.0   12.4087433618   -8.73296358075   15.1737129511   -0.613255042686   -1.60609743175   -0.280376857842   
94.0   -0.651057632191   16.2497174207   16.2627547572   1.61084069044   1.88474344421   -0.096064377908   
95.0   -4.00426745499   13.8977045583   14.4630684794   1.85132276126   2.90080603053   0.312896886072   
96.0   -3.68417619176   14.3965150941   14.8604441746   1.82132721554   2.52695075707   0.478892957788   
97.0   13.7518959255   -2.19584472242   13.9261041067   -0.158339120057   -0.10332881661   -0.335028250119   
98.0   8.2914881426   14.442692047   16.6535320333   1.04964187936   1.98746410231   0.148140729869   
99.0   2.9605676257   -13.8721260559   14.1845282606   -1.36053233107   -1.75126771537   0.166208284131   
