0.0   22.9167923734   -9.84330799786   24.9413328639   -0.405696107771   0.489218778089   0.403388695792   
1.0   22.6717235084   -2.86952598313   22.8525978   -0.12589906214   -0.91032739485   -0.346827089201   
2.0   -5.78062069061   19.2211513917   20.0715778251   1.86293434489   1.27208075562   -0.0144567855419   
3.0   -10.7225782562   11.3696153976   15.6282385043   2.32691481614   2.5306772774   -0.0998358925176   
4.0   -2.31463464926   -16.9501670231   17.1074748479   -1.70651217207   -3.37715820012   0.36871707075   
5.0   19.0173435815   13.6816097685   23.4274583076   0.623646249214   0.836974489307   -0.550189275271   
6.0   4.81977629644   19.9293630999   20.5038961448   1.333509483   1.05140399306   0.0776085800067   
7.0   23.6064252241   -8.83273380138   25.2047713393   -0.358039741442   -0.352563675422   -0.611486358946   
8.0   7.11877497228   16.2348826284   17.7270519564   1.15755826972   1.67608082382   -0.444336159556   
9.0   10.397817986   -14.8572600296   18.1342988411   -0.960172642044   -2.01499986201   -0.596179415149   
10.0   19.7430861584   9.45105319467   21.8886239299   0.446464432208   -0.301823330289   -0.40947605447   
11.0   -4.66786828374   16.310796452   16.9655850242   1.8495290237   1.85908551086   0.337025371636   
12.0   -4.85328038209   14.2498645834   15.0536696892   1.89905850864   2.02830152603   -0.0719989714213   
13.0   22.5194442873   -7.04073565052   23.594434291   -0.303022787293   -0.939858287908   -0.0743839014627   
14.0   11.8058349185   -13.4252397246   17.8777739047   -0.849493197903   0.398658690587   0.475636371488   
15.0   12.1113242418   16.9969750612   20.8705854283   0.951692049332   -0.559108611653   -0.569648045597   
16.0   -8.93995932521   5.48078023628   10.4862683894   2.59162154995   3.45337147395   -0.446401160483   
17.0   15.6123116454   11.6732313909   19.4938094281   0.642023619999   2.67413884651   0.686200929926   
18.0   -9.93163441003   19.5435787649   21.9223363945   2.04096562901   2.10135397307   -0.444077526295   
19.0   17.0516622863   18.243851722   24.9719304896   0.819162690862   -0.433247735442   -1.01360842938   
20.0   16.9523081774   8.28390519403   18.8680639654   0.454534060337   2.13521873383   -0.00783968152479   
21.0   10.6426887531   -14.1957574345   17.742219507   -0.927481409938   -2.52426412985   -0.351105973589   
22.0   -10.6777130908   0.156516537772   10.6788601581   3.12693545799   5.0085295241   0.205618310561   
23.0   10.1629266127   -14.5167827438   17.7206675542   -0.960015871109   -1.20240893397   -0.265552297345   
24.0   23.2608571153   -10.354998393   25.4616076762   -0.418828701882   -0.340601806189   -0.00229117735591   
25.0   15.8289604994   -11.3856110239   19.4984134965   -0.623555215887   -2.08118997608   0.25046266561   
26.0   -15.8641556628   5.2501425027   16.7103390508   2.82199430137   3.17426796421   0.155987806706   
27.0   17.2863111677   10.1964774181   20.0694968926   0.532929134364   -0.188182661095   0.028275939418   
28.0   17.2009318765   18.1550471594   25.00955407   0.812377582465   0.779470703596   -0.067045385036   
29.0   7.13647783387   13.771810104   15.5110305722   1.09269920024   2.67581146273   -0.246747308672   
30.0   6.02914612556   11.9948955637   13.4249068   1.10503683113   3.08656680426   -0.377048983636   
31.0   15.909166545   19.7999649198   25.3996100557   0.893928109675   1.26674484682   -0.0198596070385   
32.0   1.36257816555   -8.87658888003   8.98055952613   -1.41848276994   -2.48148342137   0.356949766008   
33.0   4.67277990174   -14.8432167762   15.5613610033   -1.26580916801   -2.14566518313   0.240130754046   
34.0   1.07189305559   -5.45941817533   5.56365001917   -1.37692406845   4.84706086047   -0.0184076309618   
35.0   19.8991931957   15.6888788212   25.340063309   0.667638638496   0.873374864815   -0.180380344351   
36.0   25.7390688744   -5.05314459982   26.2304010047   -0.193856500061   -0.139249927971   -0.00129011765708   
37.0   16.6594280761   -17.9968095015   24.5239005066   -0.823968944399   -0.0208141018805   0.034780658049   
38.0   18.9220753032   -12.0020171484   22.4074395996   -0.56524940273   -1.10493588333   0.0109574382611   
39.0   17.4982311229   -15.0507278098   23.0805654184   -0.710344887475   -1.16101006171   -0.0091319443123   
40.0   23.8700926288   7.46794229842   25.0110272536   0.303210712092   0.343048586678   0.126428609754   
41.0   13.911395316   -13.5166127715   19.3965393937   -0.771005748017   -2.18777925823   -0.10257636633   
42.0   2.78485667989   15.6448777863   15.890803242   1.39463705565   3.29231766329   0.476109042277   
43.0   24.8254376918   2.10758881262   24.9147403597   0.0846932577418   0.187439717803   -0.19456259133   
44.0   10.8304502973   12.2450076459   16.3474421819   0.846622925835   2.05910191902   0.314888749546   
45.0   25.1200478678   1.25664945114   25.151460648   0.0499840900722   0.221894055147   -0.163664362666   
46.0   19.2754987944   -9.87166250584   21.656282562   -0.473308616087   -1.05502834874   -0.165936607838   
47.0   18.1091214659   9.39342948054   20.4004117035   0.478505376491   2.28627074801   0.693942769816   
48.0   0.459396246395   -21.9535281706   21.9583342731   -1.54987353   -2.06135016362   -0.0786926069962   
49.0   13.5551726495   -5.48514345097   14.6229102519   -0.384511274738   -2.62446215381   -0.0345780275126   
50.0   19.0474507577   -15.627192333   24.6376646739   -0.687077607604   -0.7021944286   0.0350433168231   
51.0   23.0632734176   -11.2855774277   25.6764257367   -0.455076135352   0.196710222961   0.955450696806   
52.0   15.4059491691   -9.16778954948   17.9273990033   -0.536794829731   -2.37454630409   -0.20196948484   
53.0   16.3290978945   17.9933941317   24.2981824511   0.833850171672   1.6893171728   0.214614787161   
54.0   2.60773178643   -18.3332349977   18.5177690489   -1.42950345926   -3.09878164857   -0.135109486514   
55.0   16.1114049327   12.4554003918   20.3645370148   0.658109245182   1.29215635149   -0.37083620535   
56.0   18.5194567421   -11.7730482055   21.9448158359   -0.566265550397   -1.20627643725   0.415731885549   
57.0   22.2667290972   4.71498033415   22.760453955   0.20866770683   0.165226041278   -0.193102752278   
58.0   24.45267525   8.30491672254   25.8245032605   0.327408812259   0.561580754368   -0.0568348256415   
59.0   16.1328014254   -13.9868222451   21.3517792782   -0.714269819509   -0.697175875685   0.294826435483   
60.0   12.8431431556   15.9080339927   20.4453386283   0.891597637143   1.6352177062   -0.0527528179336   
61.0   25.0362046054   0.137179170274   25.0365804208   0.00547917704238   0.866078995417   0.483770320764   
62.0   21.1116160658   9.00114601511   22.9504022295   0.403021910854   1.40827837694   0.176061584085   
63.0   22.0195384889   -5.22493864033   22.6309535606   -0.23297766576   -0.637640889067   -0.949729566655   
64.0   4.26216417186   21.5260492038   21.9439476337   1.37532429401   2.4650352341   -0.0121705766435   
65.0   -0.955153149228   -11.2332029107   11.2737378527   -1.65562174742   -1.8195762015   0.290397870801   
66.0   22.0946847985   -3.51264069518   22.3721644236   -0.157661787501   -0.202688992676   0.416280489837   
67.0   3.31309213855   -21.0474149529   21.306577757   -1.41466657097   -1.93635038604   0.0381296759751   
68.0   18.349221329   0.52546694848   18.3567436899   0.0286291918485   2.23422085454   -0.300388096525   
69.0   8.90026860598   14.4203532909   16.9458363705   1.01782433942   2.05880007008   0.0017745020413   
70.0   5.13661962426   -21.2473660869   21.8594470835   -1.33359425209   -0.159736483981   0.57516737903   
71.0   -11.6766850162   19.412572242   22.6537620279   2.11231890133   2.28100871132   0.725892780713   
72.0   21.5933844188   -10.6473110446   24.0757031702   -0.458097978301   -0.841057678637   0.66740456073   
73.0   -0.777127327513   -3.19055752466   3.283836811   -1.80971508562   -6.85354603572   -0.233295901124   
74.0   23.7348953557   -8.10512437525   25.0806359306   -0.329069540558   0.151651768648   0.236368093001   
75.0   2.07801618424   -19.1686668525   19.2809735274   -1.4628111029   -1.55076913933   0.0401808584647   
76.0   21.1075057591   13.9023147316   25.2745159056   0.582427293914   0.552479655333   -0.325901894245   
77.0   10.0898261288   21.2692833683   23.5411768251   1.1278500046   1.8457350174   0.351249226778   
78.0   10.6633041498   19.8752252015   22.5550577964   1.07836724087   -0.178261963265   -0.442610755089   
79.0   5.08467659331   18.5663608577   19.2500309495   1.30348561338   2.69500103913   0.128496762849   
80.0   8.3361765173   -2.53499595032   8.71309608553   -0.295210125631   -2.30985882139   0.221729023946   
81.0   11.7092679815   4.62215680746   12.5885380492   0.37596666853   1.77518206136   -0.204137678232   
82.0   21.2738291451   -6.29505741869   22.1856610088   -0.287696773234   0.695940226861   -0.138398769984   
83.0   24.6272734172   1.09304313044   24.6515179908   0.0443543316472   -0.631796683774   -0.0566645166928   
84.0   23.5609766133   2.3544073214   23.6783203122   0.0995976191123   -0.21747474217   0.102253962558   
85.0   2.29823352224   1.4894667256   2.73868370744   0.575032739935   -4.80713634194   0.332493213672   
86.0   -4.5898382114   19.8179849182   20.3425450971   1.79838345537   2.00291766114   0.810351332882   
87.0   0.157552713057   -2.03943632497   2.04551298725   -1.49369639388   -5.61255466646   0.169299238619   
88.0   5.97966660967   -23.1574365505   23.9170081815   -1.3180981697   -0.770609793469   -0.392950722118   
89.0   24.4798023898   0.440239267572   24.4837606519   0.01798183701   0.0685137791188   -0.747410023949   
90.0   24.2037313447   6.72613902335   25.1209386203   0.271057325372   -0.164293601962   -0.248862402511   
91.0   -8.6969080159   -17.0092911819   19.1037220339   -2.04344569277   -4.05211121856   -0.32179774476   
92.0   4.07585711434   1.58030091085   4.37149427374   0.369877598477   4.93598640402   -0.471820201888   
93.0   6.13844419645   -13.0764087643   14.4455170667   -1.13190331112   -2.79546031383   0.18131823265   
94.0   2.73514139232   22.195116808   22.3630098278   1.44818283078   0.189798404444   -0.350587806266   
95.0   -11.8208353568   13.4816879879   17.9300881074   2.29064871642   3.56819765102   0.534640847442   
96.0   -9.21957537103   19.8153039159   21.8551330196   2.00628049364   2.04557958439   -0.316297296184   
97.0   20.2004605654   0.914673402243   20.2211580897   0.0452489219318   0.309547321467   0.14029488565   
98.0   3.4281382792   19.9785166416   20.2705021955   1.40086004053   1.5268985547   -0.462275319992   
99.0   1.2763999039   -21.4445415244   21.4824942198   -1.5113454974   -1.47929927379   -0.161749614989   
