0.0   -1.12171089449   1.97790682461   2.27384052599   2.08668855691   80.6673380006   1.40204765844   
1.0   2.55713614926   0.11271182842   2.55961896424   0.0440488554765   115.178318478   5.78845303359   
2.0   1.88178545275   -4.26255330032   4.65945030323   -1.15505932755   121.660293835   3.87225235992   
3.0   -2.60185204681   -9.3016105907   9.65865382206   -1.84354591871   129.217160983   5.52162796253   
4.0   3.59939502646   -7.95789844322   8.73405931907   -1.1460274476   99.2831929037   0.650935116114   
5.0   3.571318325   -1.66967837006   3.94235214535   -0.437331251324   98.0507907079   5.20309079316   
6.0   -2.02513445165   -1.68738428481   2.63598848098   -2.44692075428   111.129947778   4.2710787944   
7.0   -1.72002270026   -0.176151123239   1.72901917503   -3.03953636583   119.859413536   2.52910396585   
8.0   -1.94501236324   0.291637801163   1.96675511954   2.992760055   109.323164852   3.98997447038   
9.0   4.42337108237   -7.8250744955   8.98877091668   -1.05629630889   115.532449364   3.88868675044   
10.0   -5.31233674283   2.58312572985   5.90706866436   2.68900512538   96.8899603285   5.5600613178   
11.0   -0.510790142357   -6.47389473368   6.49401413552   -1.64953318924   99.6365264802   2.37234714594   
12.0   -6.74409773878   11.3314154156   13.1865017966   2.1076554338   103.169584802   2.20798517772   
13.0   3.71023627249   1.30036671238   3.93151456622   0.337103117281   117.645189596   1.33272252307   
14.0   0.466207356998   -7.63343792915   7.64766133651   -1.50979773193   103.488745649   5.63789047666   
15.0   -5.42273942879   5.18471991308   7.50249448448   2.37862960611   107.137699936   4.64885749983   
16.0   9.73798148609   4.35365784357   10.6668936454   0.420423092655   107.998109213   3.40106547208   
17.0   0.817838797832   -0.230083950645   0.849587502017   -0.274243128148   103.3788998   0.407329192413   
18.0   1.77049269714   3.04485105677   3.52218147581   1.04411249103   117.249811823   4.56079461385   
19.0   -4.92844580531   -1.67077010811   5.2039456963   -2.81474588839   126.372504854   5.07928270256   
20.0   -11.3603748127   1.05499886735   11.4092567021   3.04899169255   111.706893071   3.37276796167   
21.0   -1.57655634123   0.444248737632   1.63795202554   2.86693018869   106.616881057   4.18432355464   
22.0   -2.48671523207   -3.12546048931   3.99402753066   -2.24286794867   114.202700518   3.92138457551   
23.0   -0.565139150521   -3.37919776649   3.42612898247   -1.73650339929   119.933546214   3.54148974756   
24.0   -4.85606797634   -2.96376963985   5.68905323133   -2.59361731846   110.657267779   5.80408227357   
25.0   -3.48656430026   -0.157279993532   3.49010997193   -3.09651290604   107.414128916   1.68277512858   
26.0   -2.76997111868   0.275953333609   2.78368285562   3.0422971033   115.942505772   2.04141039646   
27.0   -0.789671620661   1.59472761907   1.7795329296   2.03057768532   106.031499185   4.57543192379   
28.0   -2.47372076519   0.626234491271   2.55175705391   2.89364689993   101.239287025   3.88098007953   
29.0   6.11619943888   -0.35327809192   6.12639379949   -0.057696939894   113.36213271   5.25557755229   
30.0   -2.17911302066   -4.225034237   4.75388765756   -2.04697404771   101.502078692   1.33967236384   
31.0   -0.433058988405   -2.05311858236   2.09829359258   -1.77867659539   105.258848923   5.2794505766   
32.0   -4.31009835881   6.58023036205   7.86615404631   2.15068350757   135.343619894   3.60497274032   
33.0   6.67029924103   6.78763742748   9.51655997784   0.794116826308   133.189367284   4.91334476281   
34.0   -7.72629631195   0.502290591252   7.74260618514   3.07667348168   110.81830128   2.4391969961   
35.0   5.0087028017   4.25259494996   6.57051501514   0.703937157888   109.772949007   3.58113661515   
36.0   -3.55766062708   3.66109210997   5.10495294544   2.34186730522   92.2035330766   3.63259750824   
37.0   3.57968324766   2.10338838247   4.15191219092   0.531245001553   102.98258345   0.849798703891   
38.0   -4.95998364286   -1.54493253621   5.19502206722   -2.83963788993   121.094482899   4.89507403393   
39.0   -7.84631497832   2.01601516941   8.10117126731   2.89009499937   106.252871958   2.39786342214   
40.0   3.20416767998   0.904682159884   3.3294354374   0.275182309446   109.635903607   3.19781926968   
41.0   1.44974077328   -1.47186893035   2.06594928734   -0.792971979277   89.4090970107   5.62729105847   
42.0   11.1724812832   -3.06852034165   11.5862053801   -0.268040652859   107.151359434   5.47425641297   
43.0   -0.0455102407887   6.99814112822   6.99828910753   1.57729942503   107.40106698   0.836527398677   
44.0   3.17688852156   -6.05160417808   6.83480312859   -1.08737570941   107.004888233   3.81782586793   
45.0   -3.05470894239   8.3838368951   8.92300217451   1.92020358195   121.770948912   2.91077971249   
46.0   -0.535081760788   -12.122176447   12.1339801509   -1.61490842583   111.371754348   2.13643542764   
47.0   -8.1157964361   2.0583000498   8.37273855362   2.89321311394   110.246584568   2.02818788267   
48.0   3.87979118997   0.637773865937   3.93186154154   0.162926451747   106.750231169   3.17485078644   
49.0   3.82557129067   -2.33454864806   4.48164178512   -0.54792100892   113.128490092   2.32581598269   
50.0   -4.55808352924   3.75423776335   5.90511868156   2.45260003939   115.31034529   5.28817749588   
51.0   -0.642154766462   5.9884207019   6.02275229833   1.67762086239   110.649728429   1.34673261336   
52.0   7.74627361956   -0.123153454836   7.74725252993   -0.0158970734043   112.020398956   5.13377154065   
53.0   -4.10204865388   -5.04017406899   6.49847349803   -2.25393781278   98.0961967417   2.83000781912   
54.0   4.13515660591   -1.43167222236   4.37598051957   -0.333303008583   119.806959071   4.25297683303   
55.0   0.10956713301   4.79961832248   4.80086877535   1.54797198981   107.754058744   0.188037732224   
56.0   -2.85908916553   -4.02358580476   4.93595315869   -2.18858930517   123.144904799   4.61172488108   
57.0   -1.51795691236   -1.40724461614   2.06991077041   -2.39402418403   110.923922002   5.96413440168   
58.0   5.27247866649   4.58873778518   6.98967422343   0.716172593455   99.9603764582   5.73689860345   
59.0   0.133857876002   -1.79445359863   1.7994392595   -1.49633888789   123.559449558   4.86558714569   
60.0   -2.52006696541   1.67693075254   3.02701738663   2.55444597981   116.41631331   2.43522819887   
61.0   -3.6418040652   -2.41414080881   4.36930345639   -2.55620439628   109.496379185   0.240881883632   
62.0   1.31433056468   8.80568352571   8.90323127792   1.4226308137   131.868204547   5.9641685863   
63.0   4.81201195872   3.66214621866   6.04704671867   0.650531011457   120.881425274   5.19341196074   
64.0   2.99430758506   2.78239094546   4.08749034095   0.748729874148   114.901446327   3.00843400064   
65.0   2.32426251921   -6.5403035879   6.94102062237   -1.22934084744   136.568303502   0.891545871063   
66.0   0.828528367434   -1.38035616862   1.60992000046   -1.03020922559   101.931342855   5.97969033   
67.0   -7.40512153713   -6.33380372179   9.7443775874   -2.43401384947   111.122999273   5.06771592426   
68.0   3.44616367542   -0.71758499071   3.5200812912   -0.205293662401   110.440750124   1.92156909118   
69.0   3.71391040467   2.66043963657   4.56848657148   0.621611470303   105.192896227   3.32066855135   
70.0   -1.76816599852   -4.23116151508   4.58575389277   -1.96663055018   97.821955187   0.356784666602   
71.0   1.10695105658   5.61273228727   5.72084822122   1.37607389623   106.528763532   5.7078959922   
72.0   4.65330144909   8.76164799859   9.92066983763   1.08258023971   94.7220259253   3.07101488301   
73.0   -6.73976601509   -4.96463654385   8.37090568282   -2.50671083524   116.914897606   0.916021435955   
74.0   3.45158868494   -0.153982754089   3.45502172766   -0.044582577933   110.482027916   2.95710622611   
75.0   -0.677691139386   1.65554849465   1.7888840372   1.95933302084   125.964838408   4.54863661898   
76.0   -3.24044312206   3.11764128502   4.49668308972   2.37550637134   107.053764308   0.897250501321   
77.0   -6.37068889147   3.81752806576   7.42692382382   2.60173719356   96.8933196459   1.86880269131   
78.0   4.69692220733   -3.83692786347   6.06490673063   -0.684962753263   115.926703207   5.48962789869   
79.0   3.34039990276   -2.61584801002   4.24275056088   -0.66434722518   123.049517683   3.53358468453   
80.0   -4.15683896039   -3.39168609614   5.36496455882   -2.45721400142   116.654356084   0.682371677546   
81.0   1.1797709901   -7.02108389069   7.11951392928   -1.404318927   131.877811385   0.510646752476   
82.0   -4.73758914433   3.40536385072   5.83448831143   2.51836247505   104.368303014   4.61429574425   
83.0   -8.70059806422   -4.6641059349   9.8718939848   -2.64950923923   134.144550279   4.93584326723   
84.0   2.59333839873   4.75458999121   5.41585912251   1.07146165279   103.763008659   1.47204412558   
85.0   -1.40439541195   3.64368779055   3.90496955021   1.9386817152   107.297992082   1.15300890681   
86.0   -6.68739256979   -0.514697754957   6.70717027974   -3.06477870159   96.7838337571   0.162517667774   
87.0   0.703313723685   7.00048173829   7.03572276046   1.47066583921   116.182706499   2.28063352443   
88.0   -5.58328803204   0.252272338705   5.58898439626   3.09643989199   113.902056574   5.15549871949   
89.0   -0.210926690874   -1.54569322715   1.56001846828   -1.70641952882   128.709488856   4.98969844929   
90.0   -1.34183120701   0.169436837196   1.35248653594   3.01598459824   124.930461338   4.90313296035   
91.0   -3.2548882867   6.80552353981   7.54383512611   2.01691056731   116.132091943   2.65937768437   
92.0   -7.23655436709   1.62562702292   7.41689843031   2.92061991081   116.529314295   4.11733984663   
93.0   -0.756640414764   3.1456943495   3.23541305829   1.80684435105   115.322822542   5.94289424292   
94.0   -1.18983282839   12.7148011725   12.7703512488   1.66410316235   114.583545278   0.383177644526   
95.0   -5.73723863023   -6.32934931916   8.54263249263   -2.30716355197   90.1667415801   3.12681441937   
96.0   -0.164653663203   2.43420760244   2.43976996469   1.63833503313   113.830193142   6.18623746824   
97.0   -6.43739197744   -10.2333945509   12.0897634181   -2.13230796251   105.593133034   1.37812675999   
98.0   -1.61857906766   -0.425212197045   1.67350040657   -2.88469059277   117.546993683   4.58176617129   
99.0   -6.13762074543   -2.01313325521   6.45934160097   -2.82465068846   118.49835674   0.128130088195   
