0.0   -0.612573807189   0.790413392312   1.0   2.23010910479   2.23010910479   2.23010910479   
1.0   0.449074886823   -0.893494121987   1.0   -1.10506664557   5.17811866161   5.17811866161   
2.0   -0.280419667977   -0.959877497294   1.0   -1.85502761803   4.42815768915   4.42815768915   
3.0   -0.384841849929   -0.922982529923   1.0   -1.96583279646   4.31735251072   4.31735251072   
4.0   -0.952038363635   0.305978682537   1.0   2.83062640744   2.83062640744   2.83062640744   
5.0   -0.111746356841   0.99373676179   1.0   1.68277656771   1.68277656771   1.68277656771   
6.0   -0.290563426401   0.956855733765   1.0   1.86561194303   1.86561194303   1.86561194303   
7.0   -0.501463123162   -0.865179019688   1.0   -2.09608539707   4.18709991011   4.18709991011   
8.0   -0.56003921556   -0.828466098905   1.0   -2.16522946118   4.117955846   4.117955846   
9.0   0.990170443365   -0.13986598259   1.0   -0.140326065596   6.14285924158   6.14285924158   
10.0   0.70782589865   -0.706386931646   1.0   -0.784380659896   5.49880464728   5.49880464728   
11.0   0.998868721656   -0.0475528852711   1.0   -0.0475708252392   6.23561448194   6.23561448194   
12.0   0.12982544666   0.991536864367   1.0   1.44060339234   1.44060339234   1.44060339234   
13.0   -0.653424628484   -0.756991581783   1.0   -2.28289597803   4.00028932915   4.00028932915   
14.0   -0.912017584998   0.410151099785   1.0   2.71897292118   2.71897292118   2.71897292118   
15.0   -0.101112561327   0.994874992118   1.0   1.67208197723   1.67208197723   1.67208197723   
16.0   -0.031278744522   -0.999510700363   1.0   -1.60208017387   4.6811051333   4.6811051333   
17.0   0.241497035635   -0.970401556975   1.0   -1.3268880741   4.95629723308   4.95629723308   
18.0   -0.206601588637   0.978425154814   1.0   1.77889665659   1.77889665659   1.77889665659   
19.0   0.760070292869   -0.649840865057   1.0   -0.707375049264   5.57581025792   5.57581025792   
20.0   -0.93988515716   0.341490689992   1.0   2.79309017793   2.79309017793   2.79309017793   
21.0   0.890054619911   0.455853894986   1.0   0.473331352386   0.473331352386   0.473331352386   
22.0   0.865347460576   0.501172397958   1.0   0.524953074031   0.524953074031   0.524953074031   
23.0   0.496948386961   0.867780099274   1.0   1.05071768063   1.05071768063   1.05071768063   
24.0   0.773109460801   -0.63427262405   1.0   -0.687067311789   5.59611799539   5.59611799539   
25.0   -0.852361885125   -0.522952403939   1.0   -2.59128157714   3.69190373004   3.69190373004   
26.0   -0.431943522082   -0.901900656243   1.0   -2.01744291269   4.26574239449   4.26574239449   
27.0   0.816047254259   0.577985189098   1.0   0.616257537556   0.616257537556   0.616257537556   
28.0   0.644133294436   0.764913262402   1.0   0.870906661818   0.870906661818   0.870906661818   
29.0   0.774304601953   0.632813071447   1.0   0.685180871429   0.685180871429   0.685180871429   
30.0   0.705837520676   0.708373767447   1.0   0.787191561649   0.787191561649   0.787191561649   
31.0   -0.94532508042   0.326129563714   1.0   2.80938627693   2.80938627693   2.80938627693   
32.0   0.29185025292   0.956464024347   1.0   1.27463558639   1.27463558639   1.27463558639   
33.0   -0.999985339644   -0.00541484041682   1.0   -3.13617778671   3.14700752047   3.14700752047   
34.0   -0.729777611402   0.683684604109   1.0   2.38879294141   2.38879294141   2.38879294141   
35.0   0.534417931183   -0.845220370572   1.0   -1.00697738895   5.27620791823   5.27620791823   
36.0   0.20991095221   0.977720508194   1.0   1.35931244487   1.35931244487   1.35931244487   
37.0   0.283914530765   -0.958849591553   1.0   -1.28292214237   5.00026316481   5.00026316481   
38.0   -0.948584158741   0.316525028686   1.0   2.81952874046   2.81952874046   2.81952874046   
39.0   -0.160610842592   0.987017809992   1.0   1.7321058256   1.7321058256   1.7321058256   
40.0   0.99866999806   -0.0515580738179   1.0   -0.0515809434311   6.23160436375   6.23160436375   
41.0   0.576521733711   0.817081813871   1.0   0.956330999081   0.956330999081   0.956330999081   
42.0   -0.188648773347   -0.982044622364   1.0   -1.76058235897   4.52260294821   4.52260294821   
43.0   -0.782634746227   -0.622481207747   1.0   -2.46968360557   3.81350170161   3.81350170161   
44.0   -0.971592557596   -0.236659886806   1.0   -2.90266602137   3.38051928581   3.38051928581   
45.0   -0.825273305191   0.564733540477   1.0   2.54148230997   2.54148230997   2.54148230997   
46.0   -0.972961837665   -0.230965933522   1.0   -2.90852231115   3.37466299603   3.37466299603   
47.0   -0.816537275543   -0.577292714009   1.0   -2.52618343357   3.7570018736   3.7570018736   
48.0   -0.995282046807   0.0970239522159   1.0   3.04441582801   3.04441582801   3.04441582801   
49.0   0.926169068714   -0.377108546915   1.0   -0.38667235508   5.8965129521   5.8965129521   
50.0   -0.76513890773   -0.64386524357   1.0   -2.44205336995   3.84113193723   3.84113193723   
51.0   -0.981700313096   -0.190432390281   1.0   -2.94999007547   3.33319523171   3.33319523171   
52.0   -0.669600579425   0.742721390586   1.0   2.30446720397   2.30446720397   2.30446720397   
53.0   -0.84702188765   -0.531558013618   1.0   -2.58115374579   3.70203156139   3.70203156139   
54.0   0.926022878217   0.377467388021   1.0   0.387059832308   0.387059832308   0.387059832308   
55.0   -0.240343425094   0.97068791999   1.0   1.81351595792   1.81351595792   1.81351595792   
56.0   0.999998729561   0.00159401236208   1.0   0.00159401303711   0.00159401303711   0.00159401303711   
57.0   -0.769321788775   0.638861475843   1.0   2.44857520528   2.44857520528   2.44857520528   
58.0   0.993221245001   0.116239229516   1.0   0.116502596193   0.116502596193   0.116502596193   
59.0   0.274366263916   0.961625266528   1.0   1.29286571245   1.29286571245   1.29286571245   
60.0   -0.312042373593   0.950068185491   1.0   1.88813831516   1.88813831516   1.88813831516   
61.0   -0.999999676082   0.000804881988627   1.0   3.14078777151   3.14078777151   3.14078777151   
62.0   0.84604895883   -0.533105204685   1.0   -0.562266581622   5.72091872556   5.72091872556   
63.0   0.128047228227   0.991768071347   1.0   1.44239657898   1.44239657898   1.44239657898   
64.0   0.517454714871   -0.855710592466   1.0   -1.02692252997   5.25626277721   5.25626277721   
65.0   -0.461346048181   -0.887220279202   1.0   -2.0503080801   4.23287722708   4.23287722708   
66.0   -0.338151014384   0.941091861335   1.0   1.91574780522   1.91574780522   1.91574780522   
67.0   0.0525144938208   0.998620161993   1.0   1.5182576658   1.5182576658   1.5182576658   
68.0   -0.374637986467   -0.927171170333   1.0   -1.95480262096   4.32838268622   4.32838268622   
69.0   0.949198640143   0.314677519934   1.0   0.320116895624   0.320116895624   0.320116895624   
70.0   0.0162182570311   0.99986847542   1.0   1.55457735869   1.55457735869   1.55457735869   
71.0   -0.998402457118   -0.0565025098654   1.0   -3.08506003609   3.19812527109   3.19812527109   
72.0   0.562480644122   0.826810452878   1.0   0.973413320632   0.973413320632   0.973413320632   
73.0   0.152270144043   -0.98833891112   1.0   -1.41793152954   4.86525377764   4.86525377764   
74.0   0.989889689226   0.141839356897   1.0   0.142319311783   0.142319311783   0.142319311783   
75.0   -0.868078731568   0.496426546227   1.0   2.6221152553   2.6221152553   2.6221152553   
76.0   -0.189115020084   0.98195494254   1.0   1.76105715208   1.76105715208   1.76105715208   
77.0   -0.928031306846   -0.372502206051   1.0   -2.7598888353   3.52329647188   3.52329647188   
78.0   0.499643113443   -0.866231354309   1.0   -1.0476095993   5.23557570788   5.23557570788   
79.0   -0.15322567417   0.988191222778   1.0   1.72462800033   1.72462800033   1.72462800033   
80.0   -0.980225446967   -0.197883989038   1.0   -2.94239390331   3.34079140387   3.34079140387   
81.0   0.719313064367   -0.694686055302   1.0   -0.767983358053   5.51520194913   5.51520194913   
82.0   0.163977548492   0.98646407111   1.0   1.40607488622   1.40607488622   1.40607488622   
83.0   0.965326379979   0.261045934877   1.0   0.26410554831   0.26410554831   0.26410554831   
84.0   -0.955986550906   -0.293410488032   1.0   -2.84380025296   3.43938505422   3.43938505422   
85.0   -0.22020265507   0.975454145873   1.0   1.792818547   1.792818547   1.792818547   
86.0   0.297971483418   -0.954574771859   1.0   -1.268229427   5.01495588018   5.01495588018   
87.0   -0.907277657426   0.420532106189   1.0   2.70756092658   2.70756092658   2.70756092658   
88.0   0.992826077138   -0.119567472809   1.0   -0.119854218424   6.16333108876   6.16333108876   
89.0   0.939161742471   0.343475212321   1.0   0.350614739693   0.350614739693   0.350614739693   
90.0   0.736918080467   -0.675982057957   1.0   -0.742296544566   5.54088876261   5.54088876261   
91.0   -0.300127885177   -0.953898973969   1.0   -1.87562304373   4.40756226345   4.40756226345   
92.0   -0.755346401556   -0.655325730958   1.0   -2.42697887986   3.85620642732   3.85620642732   
93.0   0.0679918586467   0.997685875994   1.0   1.50275197235   1.50275197235   1.50275197235   
94.0   0.172141480855   0.985072236219   1.0   1.39779313592   1.39779313592   1.39779313592   
95.0   0.421119967328   -0.907004946578   1.0   -1.1361165628   5.14706874438   5.14706874438   
96.0   -0.167982943027   0.985789901983   1.0   1.73957950494   1.73957950494   1.73957950494   
97.0   0.359582718151   -0.933113213285   1.0   -1.20297566507   5.0802096421   5.0802096421   
98.0   -0.541763562891   0.840530928595   1.0   2.14333017439   2.14333017439   2.14333017439   
99.0   -0.948303735418   -0.317364184167   1.0   -2.81864396974   3.46454133744   3.46454133744   
