0.0   6.5902039869   2.08067825946   6.91086178478   0.305818325899   257.446952123   3.69867639238   
1.0   2.52730938555   1.00341329928   2.71921514034   0.377941927581   282.980855015   0.889443565537   
2.0   0.235329652287   -4.46561120669   4.47180763166   -1.51814683291   277.029337564   2.27989538007   
3.0   -2.52791687364   -15.4680198364   15.6732256214   -1.73279281106   315.070933983   3.93579460682   
4.0   11.0056742894   -6.92818365353   13.0047912441   -0.561835995834   238.295820057   3.50786334006   
5.0   1.69960237977   -8.42475137362   8.59447985376   -1.37172904533   250.248203449   1.43847471916   
6.0   2.22843881171   1.83136886123   2.88441526889   0.68790313474   278.579891682   2.8549232795   
7.0   4.27735658908   -1.31701130315   4.47552211063   -0.298691471028   285.021396351   0.777933578936   
8.0   -2.83344551774   -4.38894067849   5.22409932728   -2.14406340187   279.645151553   4.51021625741   
9.0   5.82668331707   -13.919865411   15.0901587645   -1.17436953642   267.707332363   0.931423725161   
10.0   -1.43023419552   1.51483939929   2.08334064897   2.32747468466   253.482796709   2.07575219255   
11.0   0.118227251486   -9.51673285453   9.51746720023   -1.55837387345   255.392582786   3.76883547142   
12.0   -4.92113622011   15.3614632017   16.1304721999   1.88082212928   281.527181454   3.05811181131   
13.0   6.5092172004   -0.916469595999   6.57341806691   -0.139876230595   255.414787966   0.874578799964   
14.0   8.51403907663   -17.4322133282   19.4002815165   -1.11646494132   248.515386487   1.62184850082   
15.0   -6.36904528263   -1.94802034754   6.66029436937   -2.84477069544   256.173277338   3.50905616349   
16.0   9.64400880727   10.6802510766   14.3900892608   0.836339538995   271.520645415   5.4246768184   
17.0   7.54967581459   -8.99662725783   11.7446543977   -0.872624890914   254.479213582   2.90492777229   
18.0   2.12002235134   12.2985018268   12.4798895009   1.40009341138   280.654687045   3.63793181583   
19.0   -5.68284544291   -1.89340753052   5.98996864805   -2.8199805671   271.100384005   3.62247286564   
20.0   -8.93668427862   -1.0360060803   8.9965345825   -3.0261804826   258.303444627   4.30164265154   
21.0   5.56982784942   -9.33279361225   10.8684874238   -1.03273177659   270.379061344   0.241696767299   
22.0   -1.59518360622   5.80954724892   6.02457052203   1.83877172463   280.699322904   5.34559401299   
23.0   -4.88907832415   -5.40008523915   7.28450461251   -2.30657069057   277.451826002   6.02086034792   
24.0   2.76182878452   -6.17928664237   6.76840318269   -1.15048213196   255.877081066   3.7714582483   
25.0   -0.503692780524   -8.09423572413   8.10989262413   -1.63294476652   243.826931269   4.29517556668   
26.0   -3.56091825046   -2.86903964728   4.57291234162   -2.46338442217   280.292418939   2.28455912076   
27.0   2.72712591654   3.61870989501   4.53125557312   0.924983539618   281.206399666   4.21805261877   
28.0   0.273186606324   -4.18485477596   4.19376208406   -1.50560898995   275.568629336   2.23363894665   
29.0   19.6029380363   -4.01337758484   20.0095571988   -0.201942805527   299.696866914   3.70642404055   
30.0   1.14595028767   -7.65044304975   7.73579219727   -1.4221129888   244.290192974   2.49306806267   
31.0   0.615941659505   -5.65963635138   5.69305434347   -1.46239235888   260.092988041   1.52481572302   
32.0   -9.67433972697   5.14433466304   10.9570538138   2.65286847295   313.987432606   5.1048001248   
33.0   8.72436099126   8.83881830979   12.4193068977   0.791914961768   314.694746504   5.3091344887   
34.0   -4.02511766883   1.92436180589   4.4614729191   2.69562753038   264.619419677   4.7026839644   
35.0   7.72757820274   3.27358549122   8.39236717784   0.400704355885   272.543372044   3.55524563868   
36.0   -5.35051089831   5.83215346236   7.91466871583   2.31315062752   277.246019186   6.1879900865   
37.0   8.7170041817   2.4442995851   9.05321834297   0.273385073736   265.941930487   2.84620968863   
38.0   -3.12324578563   -1.69125714166   3.55176223257   -2.64529392832   266.269366291   1.04468807856   
39.0   -9.19927464642   -3.04500699918   9.69013527487   -2.82193895359   252.140131932   3.82813973382   
40.0   5.77865074159   0.41809563652   5.79375597989   0.0722259212282   286.400399746   2.39909605741   
41.0   -1.24041672   3.9741450055   4.16322737357   1.87333647448   273.2867926   0.0430818210335   
42.0   17.9264543133   -10.8755498153   20.9674831115   -0.545313878151   272.401866978   3.05962770601   
43.0   -0.307707602476   7.0813815977   7.08806386123   1.61422205517   266.056652934   3.36306129767   
44.0   -2.36471374643   -8.17525061538   8.51038152652   -1.85236433235   244.772710422   1.54489006505   
45.0   -9.17533655856   14.0103083109   16.7474039758   2.15060776118   251.992449851   0.708995860412   
46.0   4.45531037116   -17.3359884123   17.8993375501   -1.31924244797   270.715597447   2.13273306724   
47.0   -5.32885249913   7.85491049473   9.49190643852   2.16688515987   281.393771948   2.35321853381   
48.0   -1.51849403385   -1.38979644446   2.05848446384   -2.400417611   251.696348643   3.3010852077   
49.0   -0.571372497134   1.92898019498   2.01182283592   1.85876732819   279.099546483   4.78180181776   
50.0   -1.47155130207   5.18706836013   5.39176607498   1.84722916536   290.484026183   6.11934920805   
51.0   4.31882570335   2.59945949469   5.04077822568   0.541808301068   251.001281876   2.24369762052   
52.0   5.41323356092   -4.1594502037   6.82672129079   -0.655164369704   274.424746061   0.480725353937   
53.0   -1.80602949971   -6.96041902388   7.19090922914   -1.82466916963   270.099331341   4.457539233   
54.0   11.3786035769   0.927383434428   11.41633301   0.0813226463856   272.992632683   2.35316684696   
55.0   -1.99097275576   0.86149865923   2.16936683252   2.73321614782   241.484353035   0.214331750171   
56.0   0.0105764561476   -0.788274210581   0.788345160759   -1.55737990214   274.196869049   5.7274435077   
57.0   1.18073073537   1.08622652404   1.6043731271   0.743734597484   266.975333769   5.37897105559   
58.0   11.8797454714   8.51339142855   14.6152723574   0.621800587309   241.393034827   5.29832339178   
59.0   2.10235734962   -4.76866279891   5.21153061156   -1.15556132861   295.231530653   1.65592726774   
60.0   2.04587089863   -4.97137531325   5.37588692581   -1.18038983979   301.370706886   6.24439538608   
61.0   -3.51870465842   -8.79049610418   9.46858512296   -1.95154846015   242.326454354   0.354981348068   
62.0   3.7812809829   6.83791869123   7.81378384008   1.06566263258   267.017458587   5.43906360498   
63.0   0.571329975082   8.87770987848   8.89607501244   1.50652939424   255.446451638   1.23150429814   
64.0   5.03647289155   0.736962641715   5.0901054137   0.145294037356   263.136651473   4.11366944461   
65.0   0.812564735018   -5.48891430382   5.54873334044   -1.42382631916   304.824805826   1.48996715644   
66.0   0.116739005299   -9.87799899131   9.87868878281   -1.55897879462   258.487805084   2.21552330803   
67.0   -10.0057477532   -4.70972617033   11.0587751899   -2.70165687948   275.017990346   0.571568259175   
68.0   -2.66025812666   4.99392261915   5.65828917841   2.06025974929   254.856948861   3.8549904093   
69.0   -2.67780080734   4.51748026209   5.25149931754   2.10587843622   279.337247762   4.28195928533   
70.0   0.183007229455   -4.61588962152   4.61951606168   -1.53116985282   257.247133224   4.6177412009   
71.0   6.82516848482   7.3311464197   10.0164181559   0.82112516157   271.409348023   6.23078244034   
72.0   4.98544731487   8.06967212753   9.48547801511   1.01739095397   266.072245409   3.6267046587   
73.0   -1.80885922836   -8.29919585328   8.49403458429   -1.78539612525   272.307605717   4.15867450678   
74.0   13.0625632036   -4.86402529197   13.9387696548   -0.356457454954   280.215195724   1.82722273425   
75.0   -4.40866465439   2.74824417423   5.19511020827   2.58416389981   284.478180972   4.59107885552   
76.0   -9.61931197715   9.07684479578   13.2257428661   2.38520125542   243.631720603   1.76440036549   
77.0   -0.164527139663   -2.39635787422   2.40199921754   -1.63934591773   270.375692935   0.0035824221225   
78.0   -4.22662587905   -3.82531022764   5.70064598612   -2.40599417015   274.510981611   3.11763721256   
79.0   7.96556333018   2.79344828819   8.44118193773   0.337289932404   279.24514111   1.63464393395   
80.0   -10.3227973617   2.85528463729   10.7104059555   2.87173964491   271.766801809   4.6067734649   
81.0   0.440091761938   -7.86490302194   7.87720637685   -1.51489820638   311.031135493   5.24837418849   
82.0   -3.98557137719   8.17909802295   9.09848469097   2.02422222899   257.652104816   3.32210026333   
83.0   -15.5396853178   -1.09739107335   15.5783852483   -3.0710910788   303.497352862   4.38982885655   
84.0   -3.9683640545   2.44246693833   4.65978089762   2.58986515773   257.064498364   2.95145468676   
85.0   0.389753009258   4.31287905472   4.33045415042   1.48067156795   255.701924864   2.2742199868   
86.0   -13.8683158543   3.75148804524   14.3667618895   2.87740755382   254.268652015   0.568184432656   
87.0   -0.953437519638   9.15104625513   9.20058099618   1.67461067014   290.133643447   4.74842160951   
88.0   -8.39298368845   6.84292958539   10.829028604   2.45758251696   248.20147276   4.41964825766   
89.0   -3.41886204389   8.62216695656   9.27525636853   1.94829914893   261.094981235   6.07460225688   
90.0   -6.01555227635   4.3888516655   7.44640101869   2.51128622557   279.434794556   1.58117725481   
91.0   2.13903317227   8.17419068034   8.44942934112   1.31485403572   266.885591035   2.08964770635   
92.0   -12.8731522343   7.04383582124   14.674251992   2.64092280392   284.835417879   2.64359418077   
93.0   0.798510219177   7.46382940091   7.50642177712   1.46421772498   267.90558163   3.7705153703   
94.0   0.399023837076   19.1688141873   19.172966838   1.54998303008   269.349676657   5.70122859241   
95.0   0.335954388494   -14.5297179349   14.5336013643   -1.54767856637   251.778598283   5.11370833917   
96.0   -2.49125705751   7.12090021649   7.54410906734   1.90733877543   269.38588216   0.651564865796   
97.0   2.45904832437   -9.38543778972   9.70223485421   -1.31454947814   244.12531408   4.582198478   
98.0   0.976835740336   -0.38622178955   1.05041674317   -0.376517704695   283.302931286   2.37228124009   
99.0   -14.4226512317   8.30068259788   16.6407391705   2.61935941976   283.684583744   0.308266109318   
