0.0   6.93090860414   5.35986415178   8.76160018515   0.658264491621   271.240629427   3.69968017008   
1.0   3.01961553095   0.204715562531   3.026546946   0.0676916597502   303.516980147   3.25906753493   
2.0   1.46621789261   -5.18230276052   5.3857271385   -1.29507467783   290.259491348   1.06292791735   
3.0   -0.530187117224   -13.6779996706   13.6882713798   -1.60953896713   328.017137908   0.823399001851   
4.0   10.354432885   -4.44565649397   11.2684578373   -0.405547788464   250.873542191   3.57859277682   
5.0   3.15612198135   -10.4950268081   10.9593199453   -1.27867408671   262.827105804   3.74796421065   
6.0   0.388509501772   2.11831543172   2.15364804489   1.38940728101   293.491507356   4.76314680263   
7.0   3.90514526167   -3.67156919132   5.36009140233   -0.754579776479   297.447827714   3.44399813941   
8.0   -3.92918228811   -7.27301810514   8.26651473179   -2.0661161313   289.078986816   1.53676182838   
9.0   7.46199600863   -13.4832937591   15.4104054141   -1.0653271247   284.187156554   2.31762303931   
10.0   -0.740473552852   2.98505273973   3.07552287286   1.81394870818   270.289613262   3.4601973346   
11.0   3.1088553532   -9.61373214362   10.1039015898   -1.25803349967   265.70289243   2.10691677947   
12.0   -6.07705902072   15.7356266948   16.8683310917   1.93934762704   306.150374533   4.18988325427   
13.0   7.35020666085   -2.34070616232   7.71391232097   -0.308300347258   270.749810362   2.14128332187   
14.0   8.94587670512   -15.2604353453   17.6892508872   -1.04057546923   272.17703733   4.3041638321   
15.0   -3.89582794064   -1.73189513021   4.2634418121   -2.72327915024   270.703668301   5.87061541663   
16.0   12.4064514962   9.81336591949   15.818412986   0.669222190854   289.046580569   0.575956942999   
17.0   8.99592023687   -8.9025133614   12.6562761134   -0.780179492892   269.800339383   4.95473852061   
18.0   0.0455745375647   8.85001879418   8.85013613996   1.56564671799   292.463562437   4.81450152706   
19.0   -4.89436251243   -0.397625948327   4.91048783705   -3.06052906428   295.658045776   6.0479750395   
20.0   -9.50972995112   -0.25032449212   9.5130240247   -3.1152757444   274.145352156   2.14989641769   
21.0   6.76069848651   -10.0367894459   12.101412579   -0.978014751349   285.784104504   4.36308049483   
22.0   -1.28198655077   6.35657769298   6.48456393932   1.76980553298   296.555280878   0.962442801159   
23.0   -4.92349319239   -3.89093225876   6.27535967556   -2.47280744878   293.86568275   2.71544267407   
24.0   4.59266833982   -6.48544071186   7.94692039136   -0.954621121483   271.115002729   1.72307458694   
25.0   -0.212157501138   -7.86739664383   7.87025671478   -1.59775646445   258.954571893   3.63733982645   
26.0   -4.0955055922   -4.71300062473   6.24384024014   -2.28620685902   294.093703741   1.5094777427   
27.0   2.2334901136   0.216903504493   2.24399759755   0.0968105711007   293.347427949   1.55639429599   
28.0   2.91221712766   -1.34702065773   3.20865598826   -0.433234179436   289.117631809   4.94229741866   
29.0   16.1003072591   -4.33196151571   16.6729056979   -0.262836241199   312.042270132   1.19717723054   
30.0   0.880584000581   -3.48272495063   3.59232532823   -1.32314332275   259.169987559   5.99746030224   
31.0   1.55143718392   -4.35856316797   4.62644898651   -1.22882935547   278.452969147   2.52874333512   
32.0   -8.98465020708   7.51685069552   11.7143921619   2.44491046303   328.183032389   1.08893765477   
33.0   10.0518648633   6.27267337591   11.8484774765   0.557902066357   331.476430426   0.376449160386   
34.0   -4.66828551461   1.1188737869   4.80049666148   2.90635449751   283.026884446   3.98381410241   
35.0   8.52640222552   3.07888635638   9.06526756951   0.346529295754   281.472912486   3.39478106479   
36.0   -7.3226172241   7.02512264883   10.1475647937   2.37692611452   293.95887535   2.54672912489   
37.0   6.74344616975   3.68459240579   7.68441848426   0.500072058936   274.446282351   1.14598424065   
38.0   -3.82346021772   -3.32486380914   5.0669090564   -2.42583181897   274.737402784   0.894031899454   
39.0   -7.60315469715   -4.59589193855   8.88426609573   -2.59789161525   263.537677072   1.83243505715   
40.0   8.58403048753   0.0396958755458   8.58412227158   0.00462435363462   296.111603735   0.548072601476   
41.0   0.36343693285   2.93429833086   2.9567199899   1.4475657158   293.192522806   5.6825966357   
42.0   18.8415230149   -10.9258719503   21.7802127491   -0.525495964814   285.810262683   3.27800625108   
43.0   -1.7153181765   6.47898073559   6.70220171427   1.82960960483   280.845764968   2.45095429255   
44.0   -3.51686279894   -8.78478679625   9.46260022415   -1.95159197154   268.316142262   4.20778345121   
45.0   -11.3984749777   14.329171817   18.3098442587   2.24277104402   267.359651117   5.98407092212   
46.0   7.0080385298   -17.1834971925   18.5576178374   -1.18355359344   284.419207087   2.03698639505   
47.0   -4.71807897046   7.59082200001   8.93760861793   2.12691123356   297.880004756   2.54367659704   
48.0   0.636149063446   -3.62191451314   3.6773564379   -1.39693081726   275.386091001   6.18967832694   
49.0   -0.594092495347   2.75043942187   2.81386973871   1.78352726693   296.004964834   3.03528844332   
50.0   -4.81996029466   2.87370641522   5.61161347591   2.60396490149   311.067162506   5.85116232131   
51.0   5.31018665941   2.07667124646   5.70181074954   0.372787179288   268.498578327   5.4088969932   
52.0   5.37123733871   -6.42809473777   8.37678891381   -0.874729038482   293.560625033   5.15190658789   
53.0   -2.76156126751   -8.03806245574   8.49921576833   -1.90172297627   282.257973382   2.45314565983   
54.0   13.017336876   0.206429614407   13.018973559   0.0158567236006   282.478387818   0.494451110713   
55.0   -3.43151657098   1.50545624198   3.74722623729   2.72816324276   254.593386856   6.23471640227   
56.0   1.1679374537   -1.87115758076   2.20574445205   -1.01278753976   285.293824483   3.55430704762   
57.0   3.87164810632   -1.13809220815   4.03545696712   -0.285902186788   281.180737428   5.63812519109   
58.0   13.7896837287   7.88133622424   15.8830361712   0.519229038067   252.199348646   1.77270645401   
59.0   1.41610150573   -4.87537124061   5.07686795262   -1.28811441965   311.137474074   1.34331595904   
60.0   1.59898849869   -6.80425569241   6.98961084372   -1.33998598046   317.836699626   4.95369407937   
61.0   -4.88753565406   -9.97368417373   11.1068618775   -2.02644677859   260.055384027   3.56757242176   
62.0   2.14600475971   6.74005761245   7.07345128264   1.26254941971   287.043524466   3.10343322909   
63.0   2.04092438075   7.25886639551   7.54032583353   1.2967095348   270.716441785   1.1919642535   
64.0   4.77402992102   -2.2528515377   5.27889209377   -0.440913719306   281.034838211   3.60441351197   
65.0   0.0940649573923   -3.75897789303   3.76015465326   -1.54577746986   321.699389346   0.949048911059   
66.0   -1.54310843928   -10.3772804175   10.4913837276   -1.71841528392   268.179429728   1.24581331351   
67.0   -8.07793771954   -6.04543176338   10.0896146114   -2.49912401465   295.134411391   5.44681390401   
68.0   -4.53547999742   1.65579321122   4.82827401514   2.79155106236   273.926316736   5.96317432433   
69.0   -4.76422287179   6.95383418417   8.42933149384   2.17146692334   292.228441345   0.722795752455   
70.0   -0.554238180288   -7.6445453777   7.66461049187   -1.64317082422   274.511599639   0.270592398019   
71.0   6.21571426944   7.84556183537   10.0093928084   0.900793574068   282.507016245   2.38668265125   
72.0   3.657740454   6.73595885538   7.66499882128   1.07333011514   280.803703847   1.27562590041   
73.0   -1.43939324172   -11.0151525401   11.1088000426   -1.70073400082   293.356881022   5.94313562211   
74.0   13.5120009998   -2.05910174685   13.6679944038   -0.15122710488   290.977375791   2.94759547578   
75.0   -2.94604397625   0.709453520511   3.03026391718   2.90527658028   302.690195526   1.72125718944   
76.0   -10.3165846554   7.62313731255   12.8274760354   2.50522012702   259.325515625   4.91634015289   
77.0   1.03666110733   -3.7250914752   3.86664877511   -1.29937266361   289.231781314   3.60975409132   
78.0   -4.18028966661   -3.63779486209   5.54151361592   -2.42547317564   291.549340363   3.28630267209   
79.0   7.45957175204   5.05919062126   9.01335789071   0.595954788207   298.496305047   2.17321287433   
80.0   -10.7983182576   2.68117281762   11.1262017271   2.89821895642   290.831352185   4.07862450205   
81.0   0.588858239302   -7.64641806876   7.66905882806   -1.49393703837   327.767294468   3.77752562687   
82.0   -4.21039944174   6.27041023205   7.55284767073   2.16211772555   279.572974246   4.49063704305   
83.0   -17.6168777536   -2.79561408177   17.8373159382   -2.98421540963   317.299720279   4.75234849524   
84.0   -2.3272369994   4.67134171709   5.21895252797   2.03299853549   270.574970092   5.61987641146   
85.0   1.26208682202   4.70200284661   4.86843855008   1.3085626376   270.940092316   4.75618060411   
86.0   -10.0938900007   6.48644278038   11.9983563578   2.57042949723   276.548462245   6.04091682197   
87.0   -0.0274364997332   6.96965361375   6.96970761634   1.57473287221   305.523573986   4.6637074324   
88.0   -11.268016182   5.86178855414   12.7015256458   2.66190431195   264.960350857   4.06299944138   
89.0   -2.85840375412   8.11946036496   8.60790965565   1.90929053072   288.06586108   5.8116088335   
90.0   -5.87565578868   3.57285190537   6.87667082859   2.59525524502   292.86478841   3.75114249756   
91.0   3.07321496123   6.31701603033   7.02490866313   1.11800863497   282.38527838   5.60411975595   
92.0   -14.5433492184   9.27704307709   17.2502908596   2.57377845737   309.137769286   5.45107215599   
93.0   -0.0397159150964   8.47613310451   8.47622615078   1.57548190971   291.251284326   4.28706664887   
94.0   -0.311690705074   20.4078975915   20.4102776855   1.58606818277   286.71386073   4.17975951543   
95.0   2.07677048739   -15.8486923172   15.9841804238   -1.44050135783   275.852166468   6.23278458741   
96.0   -3.85853092868   5.30471853502   6.55959599849   2.19966089302   281.622660703   0.808727478994   
97.0   2.86654597302   -10.6052913883   10.9858677967   -1.30681054671   252.22001421   2.23183570138   
98.0   -0.129707122697   1.84704348902   1.85159217649   1.64090541626   291.710527057   0.525965698335   
99.0   -15.245699654   9.85683243586   18.1545725262   2.56765927069   298.119293934   4.52466747672   
