0.0   0.321322201611   4.7813829772   4.79216768612   1.50369444647   157.03596547   5.38513749493   
1.0   1.87975385562   -2.92949976896   3.48072455878   -1.00030371611   181.724950014   5.17517253108   
2.0   1.21167095152   -2.09059149961   2.41634420416   -1.04552474435   190.754994567   1.39311136683   
3.0   -3.31583675219   -14.7705652269   15.1381759301   -1.79162481156   214.338425735   0.542640810457   
4.0   7.83461540148   -4.79306725886   9.18448105431   -0.549036849094   149.958794369   1.01638504164   
5.0   -1.90274634448   -6.34139011377   6.62070028218   -1.86230076308   161.951873214   1.10733615515   
6.0   -0.884638604563   0.2724308779   0.925637101631   2.84285170546   179.059743765   5.44574460875   
7.0   1.79789817939   -0.404570196669   1.84285509672   -0.221337262879   195.76361346   5.28492862658   
8.0   -6.18185381548   0.294194812857   6.18885023117   3.09403846934   184.987011384   4.96142592508   
9.0   7.25836541678   -12.3668502923   14.3395555954   -1.04004917292   178.107558808   2.39327037209   
10.0   -3.24682644658   3.48701826374   4.7645753584   2.32054026298   152.340708986   1.17400344938   
11.0   -0.15476768771   -11.444307707   11.4453541636   -1.58431905423   178.268925504   4.36065789384   
12.0   -7.24513428462   16.0135042049   17.5762421388   1.99567669864   172.84718436   3.43721237821   
13.0   8.01819604589   -1.00422090918   8.08083705223   -0.12459400111   180.738834196   3.46868425657   
14.0   2.50723834402   -11.6494165316   11.9161717695   -1.3588057191   153.687066367   1.4223433293   
15.0   -8.96880980121   6.16049547159   10.8807744994   2.53972648309   173.388286834   2.95085950694   
16.0   8.03177251708   11.8880504109   14.3469548106   0.976622702683   184.242105753   0.636977480001   
17.0   3.38572490164   -3.25540898167   4.69689479843   -0.765778140622   172.799398849   6.18183114905   
18.0   6.82496924222   8.60915562468   10.9862534891   0.900487417307   185.260089989   0.650255667045   
19.0   -5.57854122954   2.36386393409   6.05871066718   2.74078776498   188.706603909   3.11837745342   
20.0   -8.13611873378   3.61792549477   8.90425813506   2.72317613315   166.086957192   3.86571872186   
21.0   0.488858362305   -7.41441387046   7.43051246826   -1.50495810683   174.685359505   6.16771288361   
22.0   0.737123792214   1.98418569135   2.11668239063   1.2150982029   176.209084441   0.561681728069   
23.0   -4.59898492377   -6.10821738476   7.64597815512   -2.21616214356   187.575396446   5.68629496754   
24.0   -2.1389719002   -9.92210432079   10.1500421153   -1.78312339029   174.597354063   1.91423009992   
25.0   -0.0165365088479   -8.26070509391   8.26072164551   -1.57279815189   167.145609756   0.193643989759   
26.0   -5.41535277149   1.2230602742   5.55174946067   2.91946881555   186.727606273   4.03592040254   
27.0   0.814472706219   1.95629229752   2.11906709249   1.17628795173   183.302697725   4.28806601472   
28.0   -4.24503092862   -5.87067877115   7.24466402388   -2.19685163955   169.839039598   2.21288082591   
29.0   11.1211792968   -1.24666438119   11.1908355824   -0.111632184232   193.764273227   4.79582929665   
30.0   0.703179556552   -5.00552073061   5.05467103512   -1.43122885902   163.062462602   0.0626815485081   
31.0   -2.63072875006   -5.18272330089   5.81217296457   -2.04050212091   174.906959387   4.82865821795   
32.0   -6.6713817781   5.24996855655   8.48937598849   2.4748668104   209.07756636   5.99830180858   
33.0   7.26684381876   7.94170118893   10.7646475493   0.829742639348   203.073885324   5.85237227826   
34.0   -6.21912955953   3.22804944403   7.00698763316   2.66282015046   175.170260129   3.97877512717   
35.0   1.79276810952   6.68713704049   6.92328096301   1.30886367931   184.787450089   5.89299816808   
36.0   -5.01216135867   0.450422563692   5.03235948351   3.05196746942   161.07757872   0.941486073038   
37.0   7.67168669661   -0.424806275635   7.68343914811   -0.0553167653288   170.71669096   1.90903550057   
38.0   -5.72979572125   -2.0014738263   6.06930444818   -2.80553283949   191.395840167   6.2254085734   
39.0   -6.73954684648   2.71607673019   7.26626207208   2.75849772492   166.320485333   0.388702109402   
40.0   5.73961043134   0.975774489018   5.82196390894   0.168397051694   183.7297667   2.92602296518   
41.0   2.83781048722   2.06475577413   3.5094707248   0.629002211447   166.900476388   3.93601450252   
42.0   13.5658523891   -5.93901579606   14.8089250005   -0.412655141776   179.096582321   3.30650371627   
43.0   5.30013255349   8.80215294657   10.2746922864   1.02880443423   177.061636934   0.958321244392   
44.0   0.737268485504   -4.35690124131   4.41884071293   -1.4031657736   164.910949184   4.79128230011   
45.0   -3.25635731577   10.6565105149   11.1429385407   1.86735941475   177.823985001   0.638882650758   
46.0   0.681173819199   -14.6278247693   14.6436762889   -1.52426294963   187.778611988   4.07631364406   
47.0   -5.8928275281   10.2976363625   11.8645156214   2.09056182722   186.171478409   4.92309732592   
48.0   1.82123643315   -0.0596192671579   1.8222120081   -0.0327239140212   171.780060838   0.073597403047   
49.0   5.23106743739   -2.30345160655   5.71576380183   -0.414792231213   179.538793555   1.85625502998   
50.0   -3.23924174712   2.29136305729   3.96774895332   2.52593324422   182.485752174   2.14059245361   
51.0   -3.16975715041   3.71885664161   4.88643582925   2.27665150053   171.946837139   4.71581556492   
52.0   8.79125888709   0.373278482315   8.79918005528   0.0424346962805   181.124085761   5.50722255549   
53.0   -0.805482881911   -4.30432534885   4.37904320392   -1.75579006899   174.429797485   3.42836256755   
54.0   5.77014866724   0.589272667202   5.80016016317   0.101771521376   189.64799435   4.53817689253   
55.0   -1.18178281897   0.131981055606   1.18912977855   3.03037389211   165.818785558   5.73828169524   
56.0   -2.71962825718   -0.333409315085   2.7399889833   -3.01960762766   182.742841799   0.267876349705   
57.0   3.60694132361   -1.55618682581   3.92832574372   -0.407314599575   182.073834689   4.16709841375   
58.0   6.74548911088   3.45498761695   7.57882331093   0.473353810413   158.745732607   2.82904279802   
59.0   -1.45045852532   -5.43154362886   5.62187656622   -1.8317505188   202.12200348   4.22917772444   
60.0   -2.71502999748   2.40317449335   3.62582894421   2.41704990079   193.381650721   3.49142625934   
61.0   -0.891729749246   -3.35528858294   3.47176373339   -1.83055992021   162.935460053   6.23413991813   
62.0   1.39238264214   1.92402962448   2.37499882485   0.944353595193   187.939829182   1.58552122031   
63.0   4.00749913102   6.98615966194   8.05397269099   1.04998919303   184.755567742   2.30531498826   
64.0   5.1003439091   -0.919620878411   5.18258724491   -0.178388990555   178.861593049   5.8159821595   
65.0   -1.51026663095   -4.49816540965   4.74493386141   -1.89472181938   199.100364247   2.2024909478   
66.0   -0.529648589461   -7.65000477941   7.66831798723   -1.63992108439   167.363101076   2.03562057114   
67.0   -12.3929571762   -2.53845623731   12.6502627499   -2.93955667797   172.0240691   4.61701061927   
68.0   -0.989500923731   5.10269710058   5.19775237755   1.7623362934   173.881124115   0.943005537976   
69.0   0.952883777474   1.19933893909   1.53179678293   0.899413456908   179.087355152   0.210797754683   
70.0   -4.38127622105   -6.33190402701   7.69990843662   -2.17609009666   165.459009188   6.13357516987   
71.0   5.30878499741   2.25209395577   5.76672570306   0.401209983999   181.678212281   0.10379160326   
72.0   2.87981686499   5.69658916018   6.38313976314   1.10273169397   175.767667826   3.76016798041   
73.0   -6.34075579264   -11.4869059168   13.12075423   -2.07517266363   192.294276795   4.54949226733   
74.0   13.6514127067   -4.82164342346   14.4778905298   -0.339520434662   180.888851567   0.158656987706   
75.0   -4.63872914149   2.42515788029   5.23442439934   2.65986673073   197.724700403   5.3592882815   
76.0   -8.57065072857   6.66160824783   10.8550945808   2.48087332576   166.017394997   1.56572842083   
77.0   -4.93456770347   -2.27769244765   5.43487270377   -2.70915152223   171.420677353   3.27132302916   
78.0   -5.29359414676   -1.14192700328   5.41536113952   -2.92912969331   196.348670811   5.33834455714   
79.0   5.17622112733   -2.60239741647   5.79359452087   -0.465853244887   197.947667991   5.86025051477   
80.0   -7.43559616109   -1.13696678676   7.52201992453   -2.98985930565   190.669646305   0.332235885603   
81.0   2.07871525311   -7.41580990033   7.70164226521   -1.2975014867   208.976621143   2.23305245781   
82.0   -2.16368277608   5.54915160622   5.95605630467   1.94257632505   166.303081125   2.52749533585   
83.0   -12.1393120044   -1.59121846163   12.2431561344   -3.01125595221   198.076261367   0.613686459673   
84.0   -2.58983103907   5.99685874317   6.5321925566   1.97846695978   163.660299665   3.01857841714   
85.0   -1.79411689568   5.23766910278   5.53642782538   1.90081084785   181.662276218   1.12754032216   
86.0   -12.9838076814   0.0279318964082   12.9838377261   3.13944136993   172.318502865   3.59281039519   
87.0   0.141601198726   10.8684626992   10.869385095   1.5577684321   188.32219297   0.570095194465   
88.0   -7.91408972296   6.32960975265   10.1339417683   2.46697977842   168.118861188   2.05175746971   
89.0   -1.74594858713   1.84670780742   2.54139060259   2.32815595726   178.451556455   2.60153345224   
90.0   -1.81225095363   -1.00422987503   2.07189072125   -2.6355810856   191.949568844   2.42150255549   
91.0   -0.625769829063   9.92600794177   9.94571372698   1.63375645822   181.373163785   3.37039972543   
92.0   -16.5386216505   4.65814925153   17.182094184   2.86705195947   184.011692843   5.80468603686   
93.0   -0.524186489759   8.67664017913   8.6924597367   1.63113652155   177.542287051   1.63444100933   
94.0   0.0222172864151   18.5314841509   18.531497469   1.5695974333   189.094794508   4.97078600491   
95.0   -6.91528042967   -11.5161045382   13.4328614657   -2.11157443598   155.318301473   2.08204359771   
96.0   2.3918035428   5.17623379977   5.70211544404   1.13794707114   172.967573107   2.30064354754   
97.0   -1.3999160825   -10.0557062989   10.1526840889   -1.70912334195   162.299579879   4.97421281166   
98.0   1.08237051617   -2.28876587183   2.53179287271   -1.12905810568   179.345440297   3.68371399972   
99.0   -8.78968200913   2.08844174221   9.03438424754   2.90831676258   188.589769638   4.45100922979   
