0.0   4.7922490304   3.18754419241   5.75552680021   0.586948938898   211.568343954   4.2645776345   
1.0   0.10832765707   -1.76322429332   1.76654883596   -1.50943619821   246.178387284   0.613063178524   
2.0   -0.0364280174679   -2.52086501642   2.52112820608   -1.58524592323   244.108746771   5.90896011478   
3.0   1.18812483485   -16.520011299   16.5626813633   -1.49899960654   268.373117568   3.03524186102   
4.0   11.1431761063   -9.84185051688   14.8671582804   -0.723465368733   193.118940958   1.725675835   
5.0   0.253438968551   -3.72841544642   3.73701927368   -1.50292575167   216.224537099   0.598290388539   
6.0   0.223278848142   1.29808730481   1.31714998954   1.40045713081   244.200837914   5.13333131209   
7.0   5.80169278968   -1.72051132302   6.05142945414   -0.288291721047   241.869802873   3.34985150288   
8.0   -3.53684666543   -2.19180551698   4.16092486823   -2.58680923533   231.448309326   0.566693324609   
9.0   4.24311425449   -12.1055527985   12.8276430857   -1.23366746159   230.327928778   6.01427893311   
10.0   -0.945122962035   1.65297721021   1.90409849294   2.09019987103   208.476679425   2.7017802416   
11.0   3.51905434911   -8.77502794976   9.45435661645   -1.18940185404   226.365462775   3.6082412341   
12.0   -5.01202349689   14.9356287546   15.7541545577   1.89456301524   227.726379904   4.41714564095   
13.0   7.03322362912   3.59620828007   7.89930051402   0.472660331934   220.361955489   2.91464555694   
14.0   7.3948608921   -18.0227782463   19.4808753224   -1.18143683513   211.918150369   5.56823560896   
15.0   -7.48960376838   3.60466743091   8.31190663415   2.69302519667   218.664982927   3.00208974455   
16.0   7.95577620606   6.62799184594   10.3549336526   0.694603129286   219.72506496   0.359019415272   
17.0   3.98345987486   -5.74357523877   6.98975028868   -0.964411967177   223.381062295   2.57157845691   
18.0   2.49239715083   8.55315989552   8.90890496951   1.28724731011   242.616541546   1.75098597927   
19.0   -3.87307372381   -3.88616897054   5.48662093986   -2.3545067953   237.109781666   3.53257185721   
20.0   -9.46916435944   -0.207259142093   9.4714323108   -3.11970835143   212.895543973   1.28846704119   
21.0   0.716654762868   -9.4677118144   9.49479652492   -1.4952457893   223.706209801   5.97977443613   
22.0   -0.424109603103   6.05402010644   6.0688572569   1.64073627508   224.163026132   4.74782514802   
23.0   -4.58880772339   -2.88135479611   5.41842798082   -2.58090403129   233.682237153   4.30254287199   
24.0   -3.01916745988   -8.66626372334   9.17711823359   -1.90602870316   220.891161491   3.28063623568   
25.0   -0.928220879981   -7.9755887361   8.02942150403   -1.68665783173   211.209876819   0.528609449951   
26.0   -5.09825026555   -2.84914924279   5.84036019248   -2.6319814011   245.363664815   1.47520586334   
27.0   0.774858157428   1.2162294053   1.44208846138   1.00354410022   236.550862137   1.53241754443   
28.0   -1.48716282195   -3.82920666172   4.10785551318   -1.94123995128   222.226249997   3.9953934661   
29.0   16.7604325711   -3.38700805872   17.099237514   -0.199398188011   257.681338527   1.43030500436   
30.0   -1.90700749293   -4.13634583251   4.55478149028   -2.00279042797   209.026645456   3.54913987785   
31.0   0.109333034227   -7.33173725338   7.33255241134   -1.55588513629   220.147713015   0.181513657512   
32.0   -12.2205546281   8.86108251486   15.0950567655   2.51422115106   266.518923149   0.134943980703   
33.0   5.19912784199   5.38837125899   7.48768823751   0.803270492394   260.157434752   3.86908331595   
34.0   -6.98522820018   1.37584552136   7.11943564528   2.94711705218   224.576209171   0.43261169306   
35.0   5.13469983874   7.31878177575   8.94034166657   0.959011761147   237.772740186   0.199734104808   
36.0   -4.56073163733   2.31515975893   5.11470798552   2.67186046686   220.753837317   5.039001888   
37.0   9.24876577603   3.04922229047   9.73845084993   0.318467656667   232.139736236   5.48888385375   
38.0   -4.87185729067   0.407526608644   4.88887220097   3.05813781425   233.847037306   0.016596572096   
39.0   -11.5868305815   0.482679108126   11.596879841   3.09995916383   215.896219946   4.31304498351   
40.0   7.28133384684   -1.33340068003   7.40241717026   -0.181119061244   239.36280443   3.3317252702   
41.0   0.2122913262   2.9589338438   2.96653958328   1.49917316666   225.609346691   2.6115696505   
42.0   14.5779162171   -10.1442299112   17.7600968951   -0.607943934457   230.040041975   1.59350818361   
43.0   1.75900557611   7.7774210264   7.9738559329   1.3483702214   229.609619309   0.921723023816   
44.0   -2.38213827989   -8.25066820336   8.5876718956   -1.85187324126   206.563823819   0.109062200171   
45.0   -9.93808300681   13.3526911082   16.6451150096   2.21062378137   204.431699616   0.155116690757   
46.0   0.21657231822   -13.5866655048   13.5883914835   -1.5548576126   235.345463892   2.91042295608   
47.0   -6.02911859535   7.93962374158   9.96934783196   2.22026783465   239.47135699   4.92215528386   
48.0   -0.455162690365   0.958600228749   1.06117268776   2.01409789958   212.287632221   3.08210987265   
49.0   5.55904666011   2.373087619   6.0443812435   0.403468303405   236.437639909   3.4217540651   
50.0   -3.74827795064   0.792610020145   3.8311640841   2.9332027506   248.028557922   0.920247560628   
51.0   1.83782415158   1.5971898976   2.4348743666   0.715459068469   219.342583162   4.22260424916   
52.0   6.91657916979   -1.32761140459   7.0428417172   -0.189639708334   235.386527184   4.81854916144   
53.0   -1.34353473771   -6.60508120023   6.74033999537   -1.77146787023   226.896844354   2.02437467209   
54.0   7.42150062445   -0.965851810007   7.48408586519   -0.129415022629   243.989860676   3.3292913972   
55.0   -0.46628340256   2.81475278452   2.85311294019   1.73496243088   211.27785878   4.12194876935   
56.0   -0.204317581675   2.36666675624   2.37546989231   1.65691417118   226.38085537   0.0136822510029   
57.0   1.62546596241   -1.48717691366   2.20314202163   -0.7409991835   223.547440933   2.83419508805   
58.0   10.8643281553   7.809405808   13.3798522166   0.623239988588   206.689974268   4.76090810873   
59.0   2.25580620967   -1.2405921983   2.57443793051   -0.502808761483   261.857115386   3.08043553165   
60.0   -1.07399540102   -2.05656543358   2.32011368342   -2.05206754822   249.643732327   0.570293048406   
61.0   -0.441888490151   -7.37378404442   7.38701269604   -1.63065170747   209.010900285   1.98684738379   
62.0   2.11067416768   3.93878917561   4.46866933348   1.07886711195   228.589823016   4.04191420122   
63.0   2.33949458413   8.83753655343   9.1419520477   1.31200992507   224.335839598   3.31380225117   
64.0   4.34716432099   -0.799190305159   4.42001615128   -0.18181161588   217.501617527   5.36873825748   
65.0   0.00270771732493   -5.42143866944   5.42143934562   -1.57029688057   269.335203403   2.32626238203   
66.0   -0.0928000893358   -9.39107568258   9.39153418418   -1.58067773677   218.79680148   5.99292910136   
67.0   -10.8380407374   0.454250651915   10.8475559772   3.0997045528   233.862244078   2.49663824392   
68.0   -2.79757106922   5.00019806847   5.72960597348   2.08089787976   215.654400097   2.81213939631   
69.0   1.35039691754   0.950154810461   1.65117109917   0.613145684497   228.373897784   2.90336394923   
70.0   -6.35454306123   -6.34062633066   8.97684575906   -2.35729071227   218.255596446   3.65410729377   
71.0   7.11743815069   2.15413078113   7.43627630277   0.2938911175   229.039124096   1.9945608327   
72.0   3.15783783276   6.43606590786   7.16902253786   1.11465889913   211.760054505   5.95122530584   
73.0   -2.68007101794   -9.89772269616   10.2541550228   -1.83523178815   239.638330632   5.49854878795   
74.0   17.3967079656   -4.07944695108   17.8686131378   -0.230333658067   232.694720918   6.26320753165   
75.0   -1.35916618834   0.204508198855   1.37446583476   2.99224706399   238.210160629   0.958567221596   
76.0   -5.13060904798   8.84833652021   10.2282065084   2.09625950779   215.351750523   0.257790572333   
77.0   -2.64436393356   -2.16450297428   3.41726992477   -2.45565195007   227.581124584   1.34609811442   
78.0   -4.45043927411   0.0345160308337   4.45057311916   3.13383716325   251.476675931   5.24953536085   
79.0   8.59869883066   0.208678050785   8.60123061598   0.0242637986836   245.467449334   0.271637943366   
80.0   -7.44566888556   -0.680055256825   7.47666103991   -3.05050968675   229.251818292   0.270128181095   
81.0   3.04778778498   -2.38761425808   3.8716549727   -0.66453209898   264.922487214   0.226755739091   
82.0   -1.14260055635   3.86015693494   4.02571081844   1.85857796406   218.404098605   0.417413502989   
83.0   -14.1013297781   -2.12215329495   14.2601204805   -2.99222045944   260.007602432   6.11449840343   
84.0   -5.11979444804   1.48797516707   5.33163814301   2.8587525262   210.548563234   1.73443408344   
85.0   -1.15117709767   4.84467423024   4.97956595572   1.80408690495   228.433402851   4.11262309467   
86.0   -11.8647715404   3.28304060298   12.3106116544   2.87164208852   223.371251063   2.51648148379   
87.0   0.652884431268   10.7834068142   10.8031532712   1.51032486112   246.900528719   2.96533183205   
88.0   -6.9995111549   8.09700751734   10.7030223369   2.28362351951   216.146778386   5.03962701579   
89.0   0.862411630994   7.32587028824   7.37645777466   1.45361426675   215.308904113   5.66468173264   
90.0   -4.70839083236   2.460827935   5.31268466558   2.65999175844   239.739784662   1.37386416174   
91.0   4.19594814248   8.21709807962   9.22641217725   1.09867596937   232.831293776   2.06796947733   
92.0   -14.6156276125   4.7525201405   15.3688977546   2.82720969406   251.56463452   5.88212869291   
93.0   1.82018071741   1.92103965293   2.64640344471   0.812350468298   226.368448576   2.86174667767   
94.0   -2.01382410158   19.9009936119   20.002625684   1.67164517457   235.413311508   0.0821169003316   
95.0   -0.360405463492   -12.5583231009   12.5634935907   -1.59948698601   209.780585981   1.53721582951   
96.0   -1.67290757829   7.51943382027   7.70327883066   1.78970887149   230.196448669   2.35250104736   
97.0   0.842888064119   -9.18725472633   9.22583924069   -1.47930708014   210.491809186   4.07128021376   
98.0   4.37253566875   -0.128927575335   4.37443602012   -0.0294772280692   238.314598987   3.95016174399   
99.0   -16.2102686505   2.89358049333   16.4664998646   2.96495017753   249.560785866   0.518040190419   
