0.0   -3.93765616502   5.46462429249   6.73552186041   2.19519609947   52.682422285   5.61495503657   
1.0   2.57980926302   -2.10361180822   3.32875329114   -0.684069127755   73.7286745976   0.271806062517   
2.0   -1.42698163141   -1.05457907628   1.77437696235   -2.5051508237   77.6322866895   3.58680228498   
3.0   -0.165839310249   -4.86433494836   4.86716109931   -1.60487603217   90.3674211073   5.94305083151   
4.0   -0.482856910843   -7.29460442929   7.3105680064   -1.63689360925   61.1821905301   3.98684741612   
5.0   2.95024918583   -0.916788831391   3.08941289242   -0.30128942799   62.6215945695   3.4684877453   
6.0   -2.20860223637   -2.96779095651   3.69941981938   -2.21056906264   66.4340463627   3.38010083606   
7.0   0.109439100416   -1.63313509176   1.63679783255   -1.50388469987   79.3401671159   4.56763551653   
8.0   -1.06671646017   -2.0383281658   2.30057943091   -2.05293256604   84.1893852161   5.18633964072   
9.0   5.35788490894   -3.11140189922   6.19578505727   -0.526118334946   74.0539513449   2.83577182249   
10.0   -0.522339613488   2.96773438004   3.01335129421   1.74501811474   64.6533743518   1.52635573392   
11.0   0.0259893727816   -2.63653568102   2.63666377166   -1.56093925138   71.3640233041   2.47927826464   
12.0   -5.04199580869   7.86726553693   9.34428107258   2.14073560179   60.2520427708   5.69172695824   
13.0   2.51298397671   1.39141629606   2.87247763719   0.505672478834   76.7362549733   4.21022214274   
14.0   0.0346744325159   -5.29835464398   5.29846810405   -1.5642520428   67.8369632165   3.99914749319   
15.0   -1.58525097688   2.61600856058   3.0588431553   2.11560187758   62.8878856761   0.544604489369   
16.0   7.60144001792   3.90012044311   8.54358413178   0.474054020925   73.8348048813   3.90343199506   
17.0   2.22276265252   -3.43337669978   4.09007938457   -0.996252159225   76.3269382594   1.83767531617   
18.0   2.7978902714   3.16208326624   4.222198545   0.846428754611   68.0503926088   1.98323326473   
19.0   -5.99288480649   -3.70319042992   7.0447347476   -2.58809268521   84.9380484531   5.45306448454   
20.0   -8.80198191111   -1.47992456445   8.9255286835   -2.97501530002   66.2249902674   6.11218167213   
21.0   -4.45617935369   2.84640300748   5.28767855616   2.5731638024   64.5648211347   1.29156139889   
22.0   -1.8879995684   0.0529456255588   1.88874180595   3.11355676112   68.9034435149   1.62160642485   
23.0   -0.749923148202   -2.5164383473   2.62580400715   -1.86042619982   80.2307998947   6.20468843879   
24.0   -3.96188204471   0.94145287914   4.07220368595   2.90829198416   71.7614118939   3.95867536349   
25.0   -3.91323419195   0.0732363871487   3.9139194434   3.12287978466   64.9168529054   2.39775683658   
26.0   -0.736811962537   -5.71318125646   5.76049754251   -1.69905538447   80.939663548   2.63796329504   
27.0   2.05832513054   -0.358094238111   2.08924240489   -0.172249595081   74.1921466868   4.06580273898   
28.0   -0.296356306033   -3.11176118343   3.12584144236   -1.66574742743   63.7429995099   2.2185847909   
29.0   1.66987544641   -0.434113199341   1.72538061782   -0.25433753443   73.0338519881   2.29422604046   
30.0   -3.33884561218   -1.51140047432   3.66499951101   -2.7165192729   66.039524686   4.74059417386   
31.0   -1.97114758137   0.844865145153   2.14457918973   2.73666331842   67.7827781923   4.39015187798   
32.0   -6.18724278762   3.30176335702   7.01310306346   2.65139621144   84.1251003273   4.05859752627   
33.0   6.36076756242   6.63136986672   9.18882094136   0.806223311359   88.2610422158   0.17766604348   
34.0   -3.20478715705   -2.83863891393   4.28118343518   -2.41670672574   74.2620533706   2.39540083866   
35.0   4.62828835279   3.54167542654   5.82790853596   0.653173224971   72.4842226682   2.78117424546   
36.0   -3.4850235807   0.834786868532   3.58360969888   2.9064869204   68.5601897933   1.4851184906   
37.0   3.36553131448   -1.28362806322   3.60201360816   -0.364373529841   75.9912689019   4.31064291299   
38.0   -1.93395764232   -2.49005112472   3.15286326472   -2.23115130783   73.1745810314   2.69392838348   
39.0   -6.78455322227   1.75540617511   7.00796784135   2.88840919764   82.3068987394   3.81379344456   
40.0   1.84183707943   3.77690730913   4.20207004331   1.1170714026   67.4328270433   3.54545440333   
41.0   0.638939191521   -1.57001075739   1.69504485746   -1.18430022628   51.9876938872   0.850198103373   
42.0   8.51182835003   -4.58415829877   9.66776753799   -0.494020248049   64.6703274743   1.75598264388   
43.0   -2.95394905331   6.53269168097   7.16951013725   1.99546122188   70.7152108172   5.09035738078   
44.0   1.64616693107   -4.12625014368   4.44249995083   -1.19119556757   68.2886227901   0.640624743582   
45.0   -1.30016243928   7.03863641595   7.15771087461   1.75345535608   87.3677964535   5.85352895991   
46.0   -2.71972014503   -10.1768157394   10.5339667866   -1.83194013972   72.416596788   1.29896752655   
47.0   -2.35369336232   2.92749152623   3.75633852042   2.2479695004   69.3916631445   0.273523658323   
48.0   7.98667191341   -2.81955277992   8.4697583278   -0.339373600231   69.0505982286   2.6373463984   
49.0   2.2784485425   2.18889943848   3.15952662793   0.765355598251   75.7679569918   1.26332504397   
50.0   -2.73402426372   1.10750607689   2.9498234498   2.75671228654   71.7747715441   6.02996218792   
51.0   0.598019258499   4.45476723622   4.4947278185   1.43735157809   64.7932771268   1.8122180158   
52.0   5.13621322929   1.29952369332   5.29806079299   0.247811491894   74.3403325966   3.29333233275   
53.0   -3.45291367158   -1.52481205345   3.77460787656   -2.72574478451   59.5172370244   6.25880919781   
54.0   0.201436668562   -3.17656022192   3.18294071181   -1.507467665   72.66276483   2.64006206195   
55.0   0.618901336732   4.21603403366   4.26121835131   1.42504031604   71.8616329294   1.501543588   
56.0   -0.327977280908   -2.40012434559   2.42242976597   -1.70660528414   84.4153158053   0.130504273963   
57.0   -2.45084045133   0.673552666115   2.54171046972   2.8733889795   72.4433374406   5.18153129469   
58.0   3.12206433378   5.16245224992   6.03309198811   1.02688137964   55.9871938936   0.33867512966   
59.0   0.739000419043   1.89530041823   2.03427758546   1.19901661808   77.3128533986   5.67507597132   
60.0   -1.73182961851   0.59398706207   1.83086167076   2.81118322998   72.1115496292   1.27313075797   
61.0   -1.95992376727   -3.37678359759   3.90435252487   -2.09668792327   68.2218338073   5.9410847617   
62.0   -1.98935124285   4.36674120975   4.79853593926   1.99827164399   78.0701465571   4.87239358498   
63.0   7.29514982568   3.04432852889   7.90488122434   0.395337940753   82.5239779492   1.23951735648   
64.0   3.44962934088   -1.3142061922   3.69148757347   -0.363994570948   68.5969282323   1.4434780328   
65.0   3.67356701254   -3.78000692319   5.27101004884   -0.799677578487   93.3886616141   5.82899022641   
66.0   -0.899533807292   -0.239424488428   0.930851844345   -2.88145860593   69.7129187468   4.34924125052   
67.0   -5.67237091726   -2.76768281982   6.31156557552   -2.68765287135   75.1681454703   2.02549104154   
68.0   4.71946412338   1.54591988341   4.96620679169   0.316547923765   82.0251467543   4.51785979644   
69.0   -0.0585357239381   -1.08531231465   1.08688971442   -1.62467857187   73.0914625471   6.14257602532   
70.0   -0.13125841308   -0.825518187383   0.835888179546   -1.72847760479   61.0359554914   3.75787818213   
71.0   2.98065915177   3.67281193297   4.73010322023   0.889054140185   69.110473191   2.03935971466   
72.0   2.60662245881   4.56580133861   5.25747301528   1.05204769533   54.2511022968   0.0553882749056   
73.0   -1.40410533159   -1.75063392486   2.24415483447   -2.24678928442   74.3334856458   0.692022027592   
74.0   3.66522328076   -2.75285777252   4.58389437199   -0.64418878821   69.8677984504   1.59019608308   
75.0   1.63636877039   -3.23978155221   3.62958499814   -1.10308808644   80.8167864351   5.87592237615   
76.0   -7.28594207212   2.95569371263   7.8626380561   2.75620726317   65.3183741498   6.00491834778   
77.0   -6.16277083925   1.23431578594   6.28516347254   2.94392225464   65.480728638   6.2651110828   
78.0   6.03149308972   -2.07596476061   6.37875682078   -0.33148732495   74.6830804714   4.97305655321   
79.0   -1.16167295375   -0.563932994611   1.29131888931   -2.68965344576   82.0314792104   4.39938505584   
80.0   -4.71371786395   -2.86608902555   5.51666587744   -2.59528854499   85.2848884151   6.10585173992   
81.0   1.74261597599   -6.07756680502   6.3224622347   -1.29155858614   94.6402455784   2.83064597807   
82.0   -4.66597139274   4.02883217713   6.16463930408   2.42934191182   63.0636966535   1.22591439387   
83.0   -3.24993090603   -3.19244612785   4.55562983277   -2.3651171677   86.3496280202   5.96223248328   
84.0   2.07232460806   0.367152318358   2.10459737386   0.175349736122   68.1256338039   5.15943638349   
85.0   -2.64886598482   3.54797114089   4.42770710663   2.21210896554   71.1079798784   1.35974446209   
86.0   -1.79058696928   -1.47552421747   2.32020977735   -2.45236112349   65.4405830903   0.0800794464406   
87.0   0.692454620696   0.705173523502   0.98831326004   0.794498260419   69.6190010785   2.53361508922   
88.0   -6.17256469206   -2.71211116778   6.74211405006   -2.72760401842   78.3054339185   1.1181057247   
89.0   1.32302539646   1.35407370852   1.89312223794   0.796995388181   98.6192508266   6.03970560827   
90.0   -1.86458345845   -0.983918435542   2.10826159699   -2.65604073122   82.0079902858   3.92721345226   
91.0   -2.97832471122   6.57111690469   7.21456827957   1.99634537037   76.1164718589   3.86303656798   
92.0   -4.0677523875   1.74270610834   4.4253399944   2.73682888211   78.0994576547   3.1045008658   
93.0   2.1770871987   -1.71699644333   2.77268560373   -0.66779216389   73.4087888343   5.84743516803   
94.0   -0.77098431019   9.19502894861   9.22729506261   1.65444860259   72.5741229361   4.81734679621   
95.0   -3.1903775324   -4.99011638391   5.92281776895   -2.13964066512   61.5091659484   1.37285438388   
96.0   1.28186640142   0.0899056171605   1.28501536609   0.0700218303268   67.4887911799   4.71577105359   
97.0   -3.17401599572   -3.42008247105   4.66597703058   -2.31889563026   68.7059497592   0.865858813238   
98.0   -1.1938946679   -0.508702190043   1.29775282554   -2.73880224006   73.0621312183   4.2434812624   
99.0   -5.61374044134   -2.19157641977   6.02636614773   -2.76939373938   71.1572485212   4.98821446307   
