0.0   5.54862456923   2.65551661956   6.15134157132   0.446373432909   234.635345932   3.11732130356   
1.0   -0.252975021807   -0.277547934474   0.375538570042   -2.30990928766   266.669585655   0.364673898442   
2.0   -1.03598205615   -4.50830704114   4.62580708611   -1.79666908705   257.787708525   1.59558378844   
3.0   -0.164497708546   -15.3007625488   15.3016467764   -1.58154686101   296.437449265   3.71506050377   
4.0   10.1150990594   -7.59408229583   12.6485301477   -0.643991790414   220.04931749   3.98829592546   
5.0   1.16186151244   -6.78951898645   6.88821386438   -1.40131224623   235.781150763   4.39814957752   
6.0   1.10666021924   2.39575076519   2.63899953955   1.13806889137   258.925476222   0.513175536587   
7.0   6.84199282081   -4.79593519918   8.35546887941   -0.611367216391   268.593709853   5.37935613617   
8.0   -2.14826808779   -4.5074832193   4.9932415072   -2.01554959651   257.333377319   2.90109928535   
9.0   7.42976068165   -13.7795095882   15.6549106762   -1.07629114101   253.344749777   3.16740940421   
10.0   -1.55267520297   1.84460044444   2.41108919071   2.2704758352   231.215182238   5.8348304276   
11.0   1.27293986185   -9.6101129563   9.69405214164   -1.43910457664   241.344835571   4.07848934888   
12.0   -5.63472489217   16.108776952   17.0658377907   1.90728603176   260.775133528   5.09341489513   
13.0   6.29479945696   1.37170074612   6.44251993713   0.214556070131   238.308587834   0.409124182107   
14.0   10.4977059045   -18.3695786819   21.1575813884   -1.05161722701   231.294863814   0.230902023693   
15.0   -5.87546060172   -1.20529142391   5.99781332645   -2.93925979873   237.871514187   6.22500944637   
16.0   11.5764301797   8.57410651192   14.4058681857   0.637491514766   251.776771781   6.03447328324   
17.0   6.84944302793   -7.58961449443   10.223361383   -0.836615090315   241.369188348   1.79126452265   
18.0   0.407395863841   12.2323209228   12.2391031758   1.53750376222   262.155131575   1.59329581761   
19.0   -3.37069891661   -2.73352354812   4.33978826379   -2.46020056397   259.751533641   4.14211792971   
20.0   -9.44122735923   -1.43206905709   9.54921964523   -2.9910576276   234.401185823   0.856766909146   
21.0   3.04735302943   -10.2505077953   10.6938894022   -1.28182945301   246.794005301   0.944877633339   
22.0   1.2012515654   9.25036449568   9.32803562527   1.44165908018   257.379783884   5.02126649713   
23.0   -4.25532907852   -6.37455279709   7.66438183609   -2.15940982438   249.364028477   4.45572941329   
24.0   -0.348828782462   -8.51013461243   8.51728082437   -1.61176320121   238.205715389   0.758810525088   
25.0   -1.02521725674   -7.42258676242   7.49305442855   -1.70804919952   233.666210175   3.30858697775   
26.0   -3.12682660645   -3.53644945873   4.72054227827   -2.29479706225   269.383863493   6.26479741333   
27.0   0.363460005774   3.86580461379   3.88285313756   1.47705265961   256.403644459   2.75323176509   
28.0   -0.706063850772   -2.90496475394   2.98953949347   -1.80922714776   252.220166917   4.41297496187   
29.0   18.1150598718   -3.98630946975   18.5484785723   -0.216602763666   281.666601395   6.20382395316   
30.0   1.87912369449   -7.3381574307   7.5749363256   -1.32010759652   225.658472841   5.56378778956   
31.0   -1.54529369497   -7.55085346731   7.70735497356   -1.77266048207   247.37894301   2.90357897499   
32.0   -12.3210793576   5.50688107755   13.4957302781   2.72127971709   295.235154754   5.17748515237   
33.0   6.75328836603   5.59056200289   8.7670569328   0.69148048814   289.048448062   2.71435011083   
34.0   -6.0220979279   1.77756250071   6.2789642376   2.8545698883   242.783246439   1.8793564624   
35.0   8.32026575249   6.74259418883   10.7093136375   0.681039490865   256.136081   3.23926391152   
36.0   -4.70586924455   2.52627823342   5.34109418185   2.64891259981   252.788065694   4.32166416403   
37.0   8.59583010996   2.4339376132   8.9337756623   0.275930351618   248.974933804   1.24863097535   
38.0   -3.49561799472   -1.22213309139   3.7031006546   -2.80525764629   254.022052488   1.94692061066   
39.0   -8.42173513667   -2.51866323788   8.79029505865   -2.85099202291   231.723391175   0.0978768751708   
40.0   7.97940056473   -0.0763787615454   7.97976610482   -0.00957170007562   265.322017058   2.64695320887   
41.0   0.441163598149   5.05462492809   5.0738406049   1.48373774468   257.523096755   6.28279984381   
42.0   15.96803044   -10.886547459   19.3260164469   -0.598386999453   251.549346843   4.43539529203   
43.0   0.911967679559   7.14016349464   7.19816780707   1.44376049841   249.029221762   0.967385635881   
44.0   -3.2400184328   -8.05933894445   8.68623414757   -1.95304318876   231.441044299   4.1590024058   
45.0   -11.3972913518   12.9825516351   17.2755577947   2.29126249895   236.284342417   6.07466599228   
46.0   4.79182004111   -16.5625524308   17.2418004376   -1.28916947793   256.878289653   5.84051635789   
47.0   -5.23522623879   8.41082074181   9.90704291513   2.12755219434   263.504846037   4.87923016409   
48.0   -0.932054440131   -0.0574903865812   0.933825799556   -3.07998933841   233.837809404   3.58039230824   
49.0   2.76819919232   1.32254026393   3.06790474397   0.445699432157   253.786799449   4.69655799736   
50.0   -1.35816182094   0.333859001858   1.39859406726   2.90055497218   270.49790404   1.75276147111   
51.0   3.7278019846   3.414866513   5.05547435341   0.741614040527   231.460994706   1.9359657466   
52.0   6.32931873539   -1.32254643315   6.46601923303   -0.205991672718   252.41269503   0.724581342567   
53.0   -3.54024543761   -6.33386124058   7.25611025091   -2.08047698473   248.627200268   0.965129091389   
54.0   9.39004168308   0.690147737823   9.4153697065   0.0733659192452   253.748970062   0.102865471068   
55.0   -1.87399738926   -0.343335827639   1.90518915216   -2.96039180911   226.92723622   3.13704362029   
56.0   -0.265791589462   2.0146281684   2.03208558529   1.70196961253   251.003295557   4.81969960022   
57.0   3.47326312065   1.03816157696   3.62509809042   0.290448168629   247.366111657   3.24836303452   
58.0   11.6336353433   9.48109689369   15.0077536496   0.683804278747   223.209617848   0.611497416489   
59.0   -0.819985347126   -2.8959837655   3.00983354017   -1.84671964668   283.861734724   3.09386225199   
60.0   -0.390689992529   -2.90780113523   2.93393014782   -1.70435572436   281.563848032   5.04191522443   
61.0   -0.745385816339   -6.1040147721   6.14935739352   -1.69230874456   227.825057507   3.63064396244   
62.0   3.15134487327   4.6095695309   5.5838253707   0.971126133397   249.695690662   5.9786207095   
63.0   0.934900875988   10.0070690536   10.0506452874   1.4776426699   239.670519228   2.084710606   
64.0   4.67384942095   0.604029287247   4.71271893811   0.128523561215   238.185888362   0.771912911235   
65.0   2.01644418076   -4.81247733086   5.21785254622   -1.17401582983   281.541080228   3.11626578715   
66.0   0.5281493519   -10.8060529547   10.8189519916   -1.5219598637   237.144279053   0.0489304653855   
67.0   -9.56989630291   -1.76125646486   9.73061866397   -2.95958798922   258.657342165   3.08739692778   
68.0   -1.76137279949   4.96223976318   5.2655728659   1.91187873826   235.359189065   1.45590459705   
69.0   -0.408324165977   4.14568013828   4.16574032237   1.66897356056   248.662307218   2.23374610825   
70.0   -3.04332437081   -5.38004914773   6.18116106067   -2.08558946545   232.55111848   4.89466051245   
71.0   7.12306329082   4.50738326205   8.42938518019   0.564179510235   250.097501077   4.24413485244   
72.0   2.63488150421   6.23465846864   6.76857198838   1.17094462815   241.218484955   2.18269069765   
73.0   0.174766500635   -7.87804828437   7.87998655459   -1.5486159804   253.692160271   1.37968484756   
74.0   14.6604629782   -5.39601648031   15.6219771025   -0.352677643033   266.08638807   6.09598567559   
75.0   -2.03300103156   0.953518790523   2.24550468229   2.70303449487   262.82612899   5.75244635826   
76.0   -7.35195128037   8.77150990095   11.4451113394   2.26837788367   222.967563383   0.218002832089   
77.0   -1.7301256165   -4.70649930408   5.01442622323   -1.92306667859   252.905244757   3.17188907857   
78.0   -5.37427841307   -2.31882859414   5.85319011396   -2.73425642096   265.755537767   1.76840073908   
79.0   10.1581820669   2.5720178902   10.4787374684   0.247985025024   263.88724   3.66879067488   
80.0   -9.68661190967   1.63837828875   9.82419124944   2.97403998965   252.640395695   4.35105599069   
81.0   0.846992084997   -5.38974139634   5.45588745407   -1.41492220042   286.095950404   0.911299352439   
82.0   -5.54097390328   7.8404615989   9.60079319018   2.18601497707   241.718282155   0.716536904603   
83.0   -14.8204181006   0.585801801063   14.8319909798   3.10208654753   284.931488417   4.84593065859   
84.0   -4.68187647942   5.01620915377   6.86165589657   2.32173404779   240.021372698   6.10116850632   
85.0   -1.56166753045   4.80048421044   5.04811391813   1.88531273126   239.697369101   2.60709802428   
86.0   -12.2488819657   3.36928385119   12.7038255294   2.8731625882   247.113209593   3.20145417372   
87.0   0.846313209117   8.89626042763   8.93642521617   1.47595041341   269.692740738   1.22289412754   
88.0   -6.50446423851   6.89860581002   9.48149867648   2.32679614964   227.729137437   0.102041537385   
89.0   -2.44291872551   10.8110462977   11.0836173675   1.7930291371   240.29260654   5.13433203305   
90.0   -3.46747982065   3.90558243123   5.22273782931   2.29684491629   265.494724252   6.01217546033   
91.0   3.43530742785   7.39131699478   8.15063825974   1.13572277047   250.930184641   2.19603875987   
92.0   -14.3983175971   7.02944489836   16.0226291603   2.68741908261   261.781951303   1.98556481107   
93.0   1.72743734146   4.864962638   5.16254794049   1.22960556381   252.430544716   3.00955361831   
94.0   -0.916168237887   21.3783446702   21.3979668444   1.61362508678   252.517624315   0.178940554344   
95.0   -0.884648549801   -12.9510057803   12.9811846061   -1.6389977092   229.830031857   2.03131105631   
96.0   -4.27340476251   9.32687710515   10.2592701884   2.00043332052   247.798422145   1.13653948285   
97.0   1.03783513365   -10.9853289714   11.0342446218   -1.47660125548   225.122131057   0.0377763726487   
98.0   0.716008295343   0.023174655697   0.716383237986   0.0323551674389   261.267417068   1.57900890055   
99.0   -16.4317491288   4.99936408259   17.175448194   2.84624110611   266.207791075   3.34284590842   
