0.0   5.0016365586   1.79193358613   5.31294590989   0.344022735179   224.418168295   4.31596837924   
1.0   1.35037542186   -0.305293468583   1.38445580714   -0.222342581762   259.731459585   1.38400608364   
2.0   -1.21284654562   -3.97870762307   4.15946043293   -1.86668233489   250.164121175   0.814221328195   
3.0   -0.113172537096   -16.6068135169   16.607199138   -1.57761104685   285.638534383   5.13076183138   
4.0   10.8823142309   -8.33021333096   13.7046421755   -0.653336046282   209.906485443   1.97309500847   
5.0   0.739459032475   -5.43102861992   5.4811377953   -1.43547392865   224.663383553   4.20249895371   
6.0   -0.706943768125   1.2115725715   1.40273931552   2.09898968323   255.285222333   1.87946722134   
7.0   6.94879094089   -2.67863549852   7.44719972031   -0.367928761797   256.75038537   0.122180686499   
8.0   -1.54696445347   -3.44460597645   3.77603089941   -1.99289960561   243.777444158   3.74310549583   
9.0   6.75206639897   -14.4817048537   15.9784284623   -1.13451299085   244.281677262   0.845363822239   
10.0   -3.5420963001   3.5041567893   4.98252556473   2.36157879071   216.724301027   0.385203265389   
11.0   3.00862257084   -9.41079792336   9.88002668661   -1.26136645778   231.166151004   0.0270631553383   
12.0   -4.22111365817   18.0662772556   18.5528481477   1.80032477493   245.694361717   5.31972752808   
13.0   4.81611361271   1.5703361591   5.06565948156   0.315189236808   229.065914574   4.21487083441   
14.0   8.98973522043   -16.2276710422   18.5513516162   -1.06490588981   221.069401821   4.97545507791   
15.0   -6.89365857162   1.26871665805   7.00943438949   2.95958819258   225.350468829   0.672489988667   
16.0   9.97419148653   6.4990631207   11.9047182771   0.577490729683   239.109532079   4.73001027784   
17.0   6.47722915381   -7.99116400543   10.2865543149   -0.88965614857   231.658164874   0.34064704491   
18.0   1.63311852693   12.0320064582   12.1423331997   1.43588956826   259.097674411   5.95209793447   
19.0   -1.63573780084   -2.03826776791   2.61346009092   -2.24706813244   252.092770298   1.27550033342   
20.0   -8.79700706966   -2.62293797439   9.17971333982   -2.85182245336   225.19273953   5.03538397314   
21.0   2.40401682084   -10.9635442855   11.2240188959   -1.35493890593   238.073498392   5.15485285099   
22.0   -0.105624895597   7.63768730613   7.6384176375   1.58462487966   244.750912826   4.65773520068   
23.0   -4.77427646433   -4.31911142961   6.43804623308   -2.40620725538   242.354654883   4.93712739859   
24.0   -1.51508148804   -8.01370476886   8.15566895097   -1.75765212956   232.061895845   3.96525629668   
25.0   -1.81442267536   -7.15149762021   7.37807887304   -1.81926582515   221.970306172   3.74685843133   
26.0   -5.29035419192   -2.78891897625   5.98046123071   -2.65644560729   254.740746093   1.62005270965   
27.0   1.63364085888   3.73679565327   4.07828692101   1.15865708271   246.72357837   0.306364618739   
28.0   -1.25530251445   -3.52847809474   3.74512243696   -1.91259610942   238.773923846   3.94147700218   
29.0   17.7377064918   -3.03475264599   17.9954426234   -0.16944981222   266.968381033   2.77375210289   
30.0   0.715838093246   -6.27591400152   6.31660674177   -1.45722597463   213.589579058   0.351565578258   
31.0   -2.53364363721   -8.28060357979   8.6595465081   -1.86772416754   235.105051992   5.12615690048   
32.0   -12.8769425053   5.01945438735   13.8206573878   2.76990869101   281.022874057   0.390649303146   
33.0   6.6918766718   7.00214984167   9.68562418205   0.808051843195   275.995782899   4.79926378213   
34.0   -5.83632598399   1.58376784121   6.04739791698   2.87661008265   238.401581176   3.75494235727   
35.0   7.24942538014   6.50850258135   9.74242137221   0.731595893873   250.088346971   0.170195682396   
36.0   -3.49699989426   2.74301441652   4.44445006156   2.47644227181   238.909478735   4.65453012143   
37.0   11.0581216409   3.207824194   11.5139997518   0.28233824335   239.13040207   0.436481596249   
38.0   -2.67621207654   -1.57513923832   3.10534614798   -2.60961965518   244.692483111   5.80248628691   
39.0   -10.7817485727   -1.31109624585   10.8611728487   -3.02058348476   220.955219725   1.88313306821   
40.0   6.8807012551   -0.918610381995   6.94175012485   -0.132720533739   255.096759541   4.00255376783   
41.0   -0.751127128682   4.6291412315   4.68968447816   1.73165495941   241.537134409   5.75229004902   
42.0   14.9996440819   -11.1028396935   18.6617890847   -0.637203991704   241.573370007   3.58501992945   
43.0   1.9796966565   8.57116039989   8.79681700687   1.34380512588   239.20939892   0.215731595872   
44.0   -4.63399456846   -8.99139494541   10.1152898488   -2.04667292457   217.598622745   5.83451113872   
45.0   -10.252166763   13.4072491148   16.8778331596   2.22362246096   222.759311974   5.62918756136   
46.0   2.12858132901   -15.8840075247   16.0259961787   -1.43758214124   243.997403088   0.971003582301   
47.0   -6.77680635936   8.9365971254   11.2155192753   2.21960143353   254.465117835   2.12646698264   
48.0   -0.676205042109   -1.22922958777   1.40294641324   -2.07371996083   223.7316602   5.16010864939   
49.0   4.82124773036   0.725717351763   4.87556102947   0.149403160171   243.565156146   1.05550629966   
50.0   -3.43068828897   0.836563588153   3.5312123659   2.90241323168   259.058798251   2.50952325572   
51.0   3.88746212175   3.4979533062   5.22953526428   0.732706710009   227.346940043   5.66857966037   
52.0   5.65962829497   -3.24054845106   6.52169814549   -0.520008159096   243.257722842   0.492387952975   
53.0   -0.979392113496   -5.79465057245   5.87683453645   -1.73823054679   238.864424222   3.40948345577   
54.0   9.82261264947   -0.665229903807   9.84511300526   -0.067621077266   250.250994654   3.72954682892   
55.0   -0.947471572799   0.0286703054552   0.947905252478   3.11134207893   217.602374116   0.412254215939   
56.0   -0.74781367728   1.89206919002   2.03449038232   1.94718899003   239.590589901   3.87368458535   
57.0   2.80436144337   0.446062138047   2.83961520916   0.157738732858   233.495880392   0.0316738408282   
58.0   13.152658537   8.26736373714   15.5351771716   0.561162233553   219.916014991   1.58172255176   
59.0   0.124941912253   -3.02843086888   3.03100709484   -1.52956339041   274.624362946   1.19962270515   
60.0   -1.95791020624   -3.02734943448   3.60530955317   -2.14487691265   267.093843398   4.71005585789   
61.0   -0.414431113775   -7.18248399232   7.19443044639   -1.62843266909   217.656690873   2.96426504709   
62.0   2.01352464911   6.28965377782   6.60409162243   1.26097289734   234.660685461   1.24764509679   
63.0   0.729001960389   10.7491222028   10.7738141802   1.50308034613   230.011392002   1.34484428899   
64.0   4.03821356289   1.21803637094   4.21791196926   0.292949268969   232.046383396   4.37831122357   
65.0   2.24936089774   -5.78088333547   6.20308282925   -1.19971878969   276.795521753   2.67766311774   
66.0   -0.128596763002   -9.41499275896   9.41587095168   -1.58445419889   228.478844968   5.45249242907   
67.0   -10.5767469287   -1.45274871554   10.6760505069   -3.00509369257   247.336857783   4.03811404781   
68.0   -1.93202023148   3.84079599129   4.29935065115   2.03686180182   230.792841079   4.71362991801   
69.0   1.26398550141   3.86841425001   4.06967912217   1.25498683154   239.776988244   0.216024553882   
70.0   -4.4463086381   -5.49239315258   7.06654392527   -2.25132696763   221.512881659   0.998853553177   
71.0   7.09861319702   4.72238783636   8.52591673652   0.587024650598   240.141757298   4.7121552522   
72.0   2.45440891997   4.33136056131   4.97843423764   1.05525234039   228.498003887   3.852812208   
73.0   -0.52718348626   -8.90593671853   8.92152628549   -1.62992194642   245.595436367   0.358091750696   
74.0   16.9387239585   -6.6647052825   18.2027103983   -0.374855505002   248.826442652   4.07173216525   
75.0   -2.5637554339   1.75564000649   3.10726789274   2.54114627593   252.833985288   6.21247467583   
76.0   -5.97743469843   7.56985499241   9.64533204094   2.23918611184   220.180876666   1.77051732221   
77.0   -2.58441935874   -4.24037176459   4.96588120314   -2.1181568549   244.07766965   6.2532642027   
78.0   -5.7005211449   -2.44607441436   6.20316220681   -2.73625724677   261.78672829   0.74611561677   
79.0   10.616657683   1.26796738078   10.692107446   0.118868832709   258.185311073   5.37926316665   
80.0   -8.15445653877   0.164859446741   8.15612285831   3.1213783094   245.577445218   3.52334723639   
81.0   2.91838540461   -4.88035726266   5.68637497717   -1.03185901171   279.367246355   4.60963048524   
82.0   -3.11134204985   6.30910950524   7.03457973871   2.02894953354   229.303179457   1.01935658987   
83.0   -14.1282522711   -0.400148488148   14.133917753   -3.11327764785   272.79380182   2.41965877743   
84.0   -5.93878504244   2.50466565774   6.44534854274   2.74248042357   228.832929876   5.63320112639   
85.0   -1.916892039   5.98057586879   6.28026773406   1.88097057397   234.58431907   1.74975730496   
86.0   -11.1966066791   3.34867487758   11.686642998   2.85098062159   239.169025548   5.87352497789   
87.0   -0.130357821263   11.3262761331   11.3270262737   1.58230514613   259.882666614   4.19137822336   
88.0   -7.56310157627   4.44206564862   8.77111467714   2.61053855253   225.150946287   0.954843128293   
89.0   -0.704840564398   9.83849683006   9.86371228779   1.64231522085   227.77363737   5.01255376804   
90.0   -4.12127542614   1.75481952438   4.47931944622   2.73904861019   251.796423   1.76920568775   
91.0   3.19663190364   7.31398492926   7.98203176345   1.15875736279   242.321233226   0.468255574274   
92.0   -13.8725819165   6.24560301096   15.2136808827   2.71856243241   258.535183613   1.69951973773   
93.0   1.68987491395   3.92006767189   4.26879465154   1.16378454451   246.156064083   5.0076473073   
94.0   -2.17865233564   18.6695288934   18.7962186383   1.68696652268   242.12835849   3.15795389432   
95.0   -0.280050564011   -14.4275018562   14.4302196148   -1.59020477339   224.441404507   5.17305355107   
96.0   -3.93096403999   7.17384054173   8.18024855379   2.07207050937   242.334110621   2.34945734713   
97.0   -0.75983841982   -8.72767473281   8.76068836713   -1.6576381688   216.980500865   0.56279037832   
98.0   2.66190056801   0.44900814961   2.69950420492   0.16710650219   249.748166617   3.1398135947   
99.0   -15.4277105738   4.58216067526   16.0938016019   2.85288263898   258.78445326   0.278935052327   
