0.0   -1.33552199688   3.02321233351   3.30506154521   1.98677337545   88.7290581253   4.26699816365   
1.0   3.42386926191   1.81742076593   3.87632544597   0.48798998871   126.467059203   5.68904386923   
2.0   1.83907371711   -3.29496177186   3.77345534159   -1.06171958699   126.213344876   4.1526427528   
3.0   -2.59357258625   -9.5842728493   9.9289931418   -1.83507395397   138.117492244   2.85785836854   
4.0   3.0065052699   -6.41715251975   7.08653091433   -1.13265589332   103.068913977   1.19962404668   
5.0   2.88872955535   -0.415577189991   2.91846926398   -0.142881261561   103.375929601   1.55144652018   
6.0   -2.18837799059   -2.37166992064   3.22704453675   -2.31602094   116.364178204   3.86045961028   
7.0   -1.34714129659   -0.387957070457   1.4018917082   -2.86119451608   123.792430375   3.57378688849   
8.0   -3.79902342628   -0.050173704657   3.7993547339   -3.12838642079   116.080865355   5.60242761443   
9.0   3.44276169566   -9.37002246349   9.98248110739   -1.2186850029   123.111913633   5.45230988023   
10.0   -3.43704701391   1.95163209331   3.95248782459   2.62516930267   100.352012141   0.291729493282   
11.0   -0.508543195591   -6.52386890945   6.54365965875   -1.64859017997   106.834067177   3.09156277202   
12.0   -6.76361514866   13.2388358816   14.8665149036   2.04311950787   108.700467447   0.610577794169   
13.0   4.97636407304   -0.158667525322   4.97889292625   -0.0318734297613   118.786347928   0.523789037715   
14.0   -0.0861147075965   -8.02001003229   8.02047234649   -1.58153339545   109.339423692   3.82922465086   
15.0   -7.18039150157   5.49357904935   9.04087567038   2.48850954552   115.596580389   5.34638307384   
16.0   9.82622059923   2.66437230398   10.1810358529   0.264782682652   117.299167506   5.15769700666   
17.0   1.06473480649   -1.13543642719   1.55655905392   -0.817521708339   110.710368659   4.11837775664   
18.0   3.56005527365   3.44651617512   4.95504463116   0.769194922939   125.474299852   5.4627933011   
19.0   -5.50881031528   0.216769366763   5.51307355729   3.10226336522   127.691877235   0.318155193799   
20.0   -9.5032057519   1.21090819279   9.5800427042   3.01485459776   113.552404364   0.742630459241   
21.0   -3.03798701065   0.144371473815   3.04141549272   3.09410629503   115.712462045   4.82548289663   
22.0   -1.51833368536   -1.62404853271   2.22325680404   -2.32256554698   119.912335897   5.35089983409   
23.0   -0.592453310735   -4.31490868095   4.35539181364   -1.70724691389   125.147435391   2.16741619579   
24.0   -3.39746558605   -4.33175757815   5.50516994508   -2.23590025133   118.610675879   6.25019794008   
25.0   -3.54193491246   -0.165985080531   3.54582204447   -3.0947640877   114.852099424   3.19765071362   
26.0   -3.11484498607   0.615490077542   3.1750728059   2.94650686459   123.070900504   2.65277441006   
27.0   -2.09563626669   0.115035130211   2.09879118624   3.08675498979   116.923901154   5.95776601404   
28.0   -4.14546959546   -0.285196743221   4.15526838474   -3.07290367652   104.482695982   0.621981525911   
29.0   6.6967376502   0.0598895248185   6.69700544354   0.00894285118986   121.205570783   2.41303270037   
30.0   -2.51398553891   -4.52826163957   5.17931238354   -2.07760531304   109.348638508   3.59728450767   
31.0   -1.84596555046   -3.46021108926   3.92181712931   -2.06087056378   116.945074892   6.12880583723   
32.0   -5.93329881279   6.11872180525   8.52307405411   2.34081048362   141.082146684   5.15011936435   
33.0   6.40276898197   7.53352079399   9.88682892489   0.866358034742   138.981839675   3.95635299146   
34.0   -9.08811308881   -0.948015225052   9.13742482223   -3.03765480339   116.95304979   6.07771897064   
35.0   5.02425370816   4.81956992823   6.96213901162   0.764608041943   119.640639878   3.71667269274   
36.0   -3.94237495492   4.39044334144   5.90070445112   2.30247469536   101.441324854   3.9915424879   
37.0   3.50365682534   2.01493130447   4.04172726832   0.521904767333   109.304127844   3.25829793841   
38.0   -3.04124309867   -2.10755806136   3.7001298041   -2.53558534088   131.639937515   6.23973948553   
39.0   -7.61786538141   1.61179469424   7.78651109969   2.9330868298   113.37745158   2.67300779763   
40.0   4.04137026328   2.68848024599   4.85392620855   0.587014105034   120.340512305   5.9392111344   
41.0   1.30778147859   -0.775830454975   1.52059372964   -0.535435312646   97.2274554646   2.41537138836   
42.0   11.6602233498   -1.96523797292   11.8246762686   -0.166972820113   115.175242488   1.84672213924   
43.0   -0.361016506532   8.87654927472   8.88388765938   1.61144474076   114.524631202   5.66336126937   
44.0   2.50221502315   -6.09617054365   6.58971739298   -1.18130804416   111.24763214   2.45185778644   
45.0   -4.91351846497   8.4603495865   9.78366898619   2.09695621181   122.856835869   0.751722711792   
46.0   1.19106095131   -11.4583152337   11.5200526988   -1.46722100143   119.357125056   5.50208628126   
47.0   -7.43578786166   3.7294701149   8.31864703311   2.67670036424   114.727844603   0.892316151689   
48.0   5.09623997633   -0.865837255327   5.16926842494   -0.168290310212   112.464250548   0.514991260217   
49.0   2.47225986604   -1.03617505697   2.68062074787   -0.396880228421   115.829052547   0.709614813906   
50.0   -5.81157060497   3.65033828851   6.86289461649   2.58075602717   117.212295401   1.78133583487   
51.0   -1.72276245393   5.25412312024   5.52935079691   1.88763784934   117.694714992   1.71787304712   
52.0   6.35108338903   -0.368616097774   6.3617716119   -0.0579748366874   121.912569886   4.71579283118   
53.0   -3.31562742583   -4.8161813194   5.84713500171   -2.17371825217   105.94202441   3.98397833066   
54.0   3.71673994364   -1.32436615497   3.94564335959   -0.342298125445   123.624168838   2.70620461924   
55.0   -1.0038147122   3.14451046498   3.30084686722   1.8797985141   117.145041998   6.13814842916   
56.0   -3.24704310653   -3.16927988903   4.5373586976   -2.36831348895   128.743260351   2.16497281083   
57.0   -1.57000833981   -3.39916897289   3.74423235034   -2.00348566909   117.697574592   6.11113603537   
58.0   5.2293486297   5.80334398464   7.81184283604   0.837378067171   107.502788239   4.44787955157   
59.0   0.340449625341   -1.31151128525   1.35497889236   -1.31681633814   131.80842523   3.67310156111   
60.0   -3.01589998028   1.44528313379   3.34432295508   2.69470585552   124.25279227   2.5872459348   
61.0   -2.89338016587   -3.25663811017   4.35629895265   -2.2971968801   113.225105404   1.94446133395   
62.0   1.06578337223   10.0087897911   10.0653746716   1.46471134802   139.09524117   4.46447752568   
63.0   2.97186767813   2.96468205536   4.19777764844   0.784187760118   123.063845869   0.358871935317   
64.0   4.74522720787   1.81581498499   5.08078392711   0.365470482411   118.877800744   0.00337448086381   
65.0   0.886340308886   -5.18107146685   5.25633909558   -1.4013637055   140.76057644   0.292360830823   
66.0   1.66217357549   -1.61967137561   2.32080941916   -0.772448184168   107.65684508   2.24449642846   
67.0   -8.81778384973   -6.16550741909   10.7594978394   -2.53139520038   121.624124818   4.72435849366   
68.0   3.10975709665   -2.67917000956   4.10469744808   -0.711153727014   117.540957335   6.08534108059   
69.0   3.77411864461   1.38050021103   4.01867545047   0.350663706297   112.448960643   1.75083235293   
70.0   -2.942045181   -5.45662513285   6.19922476504   -2.06528627187   103.921784349   5.16785036047   
71.0   1.08765957671   4.99159983365   5.10872511044   1.35625187221   116.52382581   3.77348506656   
72.0   6.43111514131   8.18423741491   10.4086975182   0.904778522952   100.580545678   0.727239802646   
73.0   -6.84299091445   -5.37692350348   8.70274847491   -2.47559741401   122.490924477   3.56987116318   
74.0   3.26277804025   -0.199286621103   3.26885847006   -0.061003032043   115.000861361   3.33606874922   
75.0   -0.498031352152   3.44547070315   3.48127901697   1.71434873501   127.586733099   0.904537067102   
76.0   -3.53020076449   2.77264975752   4.48886445725   2.47581249821   115.767544047   3.59602424479   
77.0   -7.2950365537   2.06778958029   7.58243444206   2.86538618532   104.611918064   5.992339541   
78.0   4.66872183081   -3.86144853373   6.05869196379   -0.69104176878   124.789939073   3.10422037697   
79.0   3.78613326765   -1.53680498751   4.08614423266   -0.385585273583   127.79023784   1.89493661506   
80.0   -4.06116376619   -2.49989582592   4.76891290298   -2.58980942465   126.021865327   4.07166225673   
81.0   1.27152559711   -6.94703894428   7.06244486262   -1.38976877591   140.420874384   3.02361936693   
82.0   -5.58930938934   2.30749990012   6.04689467734   2.75006511111   111.669449476   1.60543693945   
83.0   -8.70078567374   -4.66559372125   9.87276233443   -2.64938540129   138.103889278   3.14009308499   
84.0   1.56913191589   3.90870504236   4.21190575365   1.18904448002   109.80166906   4.59437537075   
85.0   -2.27337668737   3.13011687465   3.86857508803   2.19895041397   111.531284274   2.08352656938   
86.0   -6.27116576907   -0.133419869314   6.27258487107   -3.12032073228   102.55724563   2.5693547291   
87.0   1.52125299736   8.34372767043   8.48127361428   1.39045426012   121.070290345   1.33186222436   
88.0   -7.55199297872   0.426718470803   7.56403904035   3.08514858508   116.304262957   0.307427074235   
89.0   0.00751495945165   -2.18128032556   2.18129327081   -1.56735113471   131.935221533   2.45617721402   
90.0   -0.422602441688   0.00454933330019   0.422626927862   3.13082802677   132.854360835   2.16991552096   
91.0   -2.27726878   8.41909999858   8.72165109842   1.83496330816   120.744909089   0.676634611752   
92.0   -7.24784723101   1.28276004166   7.36048658776   2.96642164953   125.458402595   2.7968349008   
93.0   -0.681088952163   4.40848447242   4.46078664636   1.72407946905   120.005570795   4.51120809227   
94.0   -0.322471337102   13.7604129474   13.7641909405   1.59422675185   121.082862032   1.64806321642   
95.0   -5.97394597887   -8.07172623094   10.0419517478   -2.20793618352   98.3285075229   5.28991615323   
96.0   -0.71446324433   2.45266320288   2.55460652826   1.85425340474   117.497518133   2.58428921984   
97.0   -6.00459582273   -10.7798778161   12.3394058497   -2.0790123624   110.98159252   3.85364611174   
98.0   -1.30308943724   0.455220595857   1.38031441069   2.80550638541   125.806228484   4.11479847427   
99.0   -5.80804878799   -3.69097301987   6.88162136107   -2.57548353163   123.741526621   5.1925048808   
