0.0   -1.26987637482   4.35494712074   4.53631463103   1.85452344903   46.4539635996   1.00777128362   
1.0   2.49014584835   0.658547504253   2.57575448392   0.258542422384   65.1637839381   6.14507757991   
2.0   -1.8211500394   -1.47477634964   2.34340622758   -2.46090160166   68.7199115837   2.71931529826   
3.0   1.37993136739   -4.93251705915   5.12190737104   -1.29800823504   75.3167590152   5.47033241485   
4.0   -2.14668621281   -6.5718019942   6.91352610086   -1.8865208449   54.4076618152   0.601798824251   
5.0   1.8521895093   -1.01711909135   2.11308713127   -0.502185914842   51.781374117   1.81200124082   
6.0   -1.37246386743   -2.34192158758   2.71445276065   -2.10088919407   55.4113146305   0.685122671283   
7.0   0.853712807868   0.183143722738   0.873136404862   0.211323202859   69.0474578454   3.01770999323   
8.0   -0.144106549343   -1.55515876384   1.56182120562   -1.66319602644   71.7191592678   4.54845060614   
9.0   4.82243935503   -3.57320447141   6.00197563536   -0.637686318018   67.78652546   2.65750213653   
10.0   -1.36946080319   0.71773718923   1.54614668265   2.65884985598   55.5015074784   4.59162147221   
11.0   0.539032504048   -3.69852358333   3.73759718761   -1.42607265745   62.0337735551   1.09702396905   
12.0   -3.41902904217   8.38546399129   9.05570350334   1.95795111851   49.9741472093   1.86097142141   
13.0   2.48157589073   1.32896150823   2.81502355084   0.491666966899   63.2638016778   2.43579761327   
14.0   -0.81473274694   -4.18589712626   4.26444887419   -1.7630304045   59.1778089808   3.50138368929   
15.0   -2.47749037143   2.88276656642   3.80109216108   2.28073046253   53.9616583558   3.20869770025   
16.0   6.17639593776   4.8519293828   7.85423997059   0.665873814875   65.135668345   5.36757859406   
17.0   1.97895067186   -3.68998670869   4.18715269269   -1.07852988464   66.4921224173   4.21925872446   
18.0   3.59287646126   5.0890455522   6.22953817696   0.95605350639   58.4544660659   5.40807405143   
19.0   -5.03995926503   -1.99803598118   5.42156224489   -2.76415994227   74.4360103244   3.18009862401   
20.0   -6.10556560357   -0.242661172324   6.11038589485   -3.1018693029   52.6944245406   0.907166874959   
21.0   -6.02832729333   0.87374346083   6.09131821454   2.99765537006   52.810722183   4.98968150228   
22.0   -1.60693393455   1.26453602052   2.04481980067   2.474875455   61.5602596083   1.95023993674   
23.0   -1.65755431453   0.2638197588   1.67841805601   2.98375452249   65.6346951028   4.23544677781   
24.0   -2.36695909351   1.19264386014   2.65045179686   2.67485243066   65.4807531982   5.76809332573   
25.0   -3.82692981299   -1.32758190369   4.05066235381   -2.80767753837   58.0318194468   2.23324293242   
26.0   0.396211407242   -5.7123902039   5.72611433005   -1.50154722881   72.8523406251   5.12874492101   
27.0   1.33887807029   -1.25718372838   1.83660159371   -0.753939978753   59.4313714877   0.848759655487   
28.0   -1.20870067673   -1.93721459252   2.28336543361   -2.12863117543   56.198533435   4.0941912731   
29.0   3.21822758139   -0.107738182319   3.22003047835   -0.0334649920567   62.4810319592   1.35035863939   
30.0   -2.22180418111   0.541497802583   2.28683923558   2.90253338899   60.3085483693   1.61810044249   
31.0   -2.13278593121   0.896297867973   2.31346616498   2.74375432796   54.570026863   3.12505091591   
32.0   -4.68278786032   4.37799369083   6.41056400809   2.38982064929   78.2154296703   1.2394177232   
33.0   3.52406595721   5.75967978814   6.75225533675   1.02170838101   76.4010441545   5.29787325655   
34.0   -2.30965117068   -1.39151242146   2.69644123787   -2.59935359343   62.2158525893   1.34696555578   
35.0   4.77846912609   2.21263307604   5.26588191267   0.433646771164   58.4636509575   1.59196666321   
36.0   -3.4540834986   1.35013299054   3.70857815173   2.76897277567   61.980374061   0.585877852791   
37.0   4.27222630408   -2.82863177178   5.12377549211   -0.584832890485   63.4777858074   1.89875862611   
38.0   -2.28448271352   -2.01810616555   3.0482148487   -2.4180263316   67.0581702129   0.0503150497953   
39.0   -5.79197006744   1.71737298634   6.04121570848   2.85334140554   66.6888790928   3.33977301708   
40.0   0.531452949788   4.27114940942   4.30408637407   1.44700402517   58.8168470113   2.56337872148   
41.0   0.0976983983424   -2.32538602733   2.32743746493   -1.52880718027   43.2893103572   2.95240743152   
42.0   7.13518118444   -4.86637407293   8.63668959455   -0.598560267982   56.236439303   0.178669782687   
43.0   -1.8766633684   4.19740357668   4.59783233533   1.99123683488   63.1006512529   4.69129898468   
44.0   0.17227348327   -3.11724337745   3.12200006843   -1.5155877986   59.249456293   1.85318516355   
45.0   -2.48819005667   6.9865138569   7.41636471803   1.91293222584   75.3463051723   3.33648750447   
46.0   -0.343739323253   -10.6836293377   10.6891577099   -1.60295962767   64.6507764377   2.75714497448   
47.0   -3.35734069306   2.93694161531   4.46064598248   2.4228860673   64.7198187592   5.79185919033   
48.0   6.91984395044   -2.55706576949   7.37718277176   -0.353963378397   57.371815007   1.31642494095   
49.0   0.454286867886   1.64264492588   1.70430599097   1.30098207934   66.0366759495   3.76916188752   
50.0   -1.16736857938   -0.538544012286   1.28560454779   -2.70935542765   61.1374162133   2.85543479394   
51.0   -1.00537449088   3.47855795031   3.62093127256   1.85214997996   61.9721992734   2.52437968298   
52.0   4.06487714187   0.878062060626   4.15863188571   0.212743203313   65.4834855025   2.40409191276   
53.0   -1.12517133554   -2.78043235064   2.99946905148   -1.95532632922   51.0610069348   3.02498013923   
54.0   0.901648877615   -2.65181195991   2.80090652633   -1.24304672904   65.8792108899   5.09050722187   
55.0   1.6466335298   1.9785044205   2.57407881065   0.876690800257   63.0580764733   2.61881816786   
56.0   1.05157461346   -4.22695682888   4.3557976538   -1.32696794506   77.6527067285   5.96712964879   
57.0   -0.190027565451   1.78781334501   1.79788404304   1.67668923515   63.5592951844   4.28754030035   
58.0   2.03463877732   7.40307101726   7.67757874859   1.30258154293   48.9420506705   0.819839914662   
59.0   1.58269513029   -0.577673920062   1.68482373955   -0.349969389903   66.1155141584   0.883450146464   
60.0   -0.0425143780527   -1.37555829863   1.37621513771   -1.60169348955   63.6955795384   1.80310910317   
61.0   -3.59399516424   -3.0619528807   4.72147823083   -2.43595975107   54.7464147965   1.02086310624   
62.0   -1.44136389438   4.36148815679   4.59348547596   1.88997240557   64.184076135   5.6023842658   
63.0   6.70599988188   2.73666164153   7.24291042026   0.387462299055   73.1699728678   0.159579747218   
64.0   1.96189053353   0.0917008343376   1.96403246119   0.0467070612584   60.3751655933   2.78254639225   
65.0   3.09320661689   -2.75598502922   4.14287106438   -0.727809229954   78.5089250071   3.88783528022   
66.0   0.0916134865711   -1.43981151433   1.44272319858   -1.50725318319   53.3952196412   3.07187789742   
67.0   -5.06833320379   -1.43854307453   5.26852993177   -2.86503628981   70.3456000771   4.70683915906   
68.0   5.10776643426   0.926730723269   5.19115669003   0.179483146211   68.450043201   4.32652143793   
69.0   0.183776845247   0.341308816515   0.387641118923   1.07686591759   61.2665034649   5.48488130812   
70.0   -0.120616029688   0.32893566791   0.350352537084   1.9222579628   54.2046636731   1.21878640082   
71.0   2.21921147281   3.59138178137   4.22172034372   1.01729944928   61.7306396655   3.86168269263   
72.0   3.53229612986   5.12629438949   6.22543252447   0.967454182518   48.5831322064   2.61921420546   
73.0   -1.1787267896   0.957754191225   1.51877909366   2.4592563355   70.7292243768   5.44576348105   
74.0   3.07399199122   -2.10432391779   3.72526588488   -0.600286431516   64.0385713186   1.68552413497   
75.0   -0.0562320306314   -1.04813272473   1.04964005731   -1.62439466557   69.5709907609   5.21171132265   
76.0   -5.0373416576   1.12788802803   5.16206764574   2.92132030566   58.4818042349   5.29642002754   
77.0   -3.39228523024   0.310794136183   3.40649263589   3.05022978676   48.5937984149   0.394825892339   
78.0   4.52442919527   -0.983635191551   4.63011854417   -0.214074111979   62.5804659349   1.46130577652   
79.0   -1.19101919889   -0.739336615507   1.40183642525   -2.58604841906   71.5198557848   5.690493642   
80.0   -2.27469137111   -1.15265443108   2.55006530726   -2.67257552561   66.9896058074   1.71387274862   
81.0   1.57959564059   -4.81321222338   5.06578071921   -1.25369173574   80.7134599953   6.02970803442   
82.0   -5.27275069214   4.22656078687   6.75764130052   2.46588565738   58.8783353455   6.22084967324   
83.0   -4.13225691236   -0.474313083022   4.15938938914   -3.02730974292   72.0261533919   1.31638613195   
84.0   -0.457275502139   0.923853122961   1.03082756932   2.03040829942   53.6028313289   4.50771113793   
85.0   -3.92925843001   1.57649192268   4.23372160068   2.76003612275   64.6199506638   2.28260334279   
86.0   -0.0252504013341   -1.56250852221   1.56271253426   -1.58695508898   59.0283262412   3.83601585448   
87.0   -0.174697070182   2.01955465378   2.02709646192   1.65708430064   59.2411822252   6.12165192701   
88.0   -4.75138675016   -2.94788907751   5.59157634866   -2.58628847994   70.9889691702   2.71727337695   
89.0   1.86947347457   2.29839133817   2.9626903003   0.887947853648   84.5477750286   6.14785485599   
90.0   -0.927754213957   -1.90546057758   2.11931778982   -2.02390295215   67.574632062   0.381711927968   
91.0   -2.0144267202   6.60706880213   6.90733473687   1.86673295566   65.1937081453   5.59014039659   
92.0   -5.08041509898   1.63788612749   5.33791050361   2.82972123854   64.1722808348   2.52070734015   
93.0   3.37914093045   0.779255848669   3.46782829816   0.226645459677   63.4153572987   5.71449899684   
94.0   0.928874882915   10.2073857544   10.2495625511   1.48004600636   63.7855516053   6.06744624005   
95.0   -1.55615991233   -3.79965692085   4.10597447495   -1.95951060455   57.7261032853   2.7287402535   
96.0   1.09521357244   1.80151447199   2.10830433335   1.02455868616   55.5245066973   1.8705248775   
97.0   -4.47582394577   -1.07006680899   4.60196077442   -2.90692053389   66.1377554605   2.47003378407   
98.0   -0.481609464854   0.286468693988   0.56036772683   2.60499413018   60.2097144043   2.49652988954   
99.0   -5.16583403562   -2.72850834322   5.84213993864   -2.65565327699   59.3806609793   4.62616740997   
