0.0   7.11410645535   6.66770174957   9.75032088083   0.753018617878   303.68821151   3.52610893537   
1.0   0.351142059764   0.356392162572   0.500316019809   0.7928183083   322.028690742   0.855884549246   
2.0   -2.56455046256   -4.67851450362   5.33529915147   -2.07222181984   316.245177537   6.09530459494   
3.0   -0.726502052665   -11.8071282742   11.829458285   -1.6322496504   360.218892974   6.12279398135   
4.0   11.6080913463   -4.30499597837   12.3806613344   -0.355137605958   274.987873405   4.26521363026   
5.0   2.6437201189   -10.3416812072   10.6742506181   -1.32051898772   288.366004607   3.37320059207   
6.0   4.69051464021   1.67778203424   4.98155398891   0.343515125725   325.75920879   4.7424611033   
7.0   3.90616861652   -2.76613756757   4.78640473669   -0.616172162504   315.958830197   0.582835143632   
8.0   -2.54397081334   -4.94142484764   5.55782934462   -2.04623375687   313.472663639   5.08809164761   
9.0   9.82135487612   -12.4914380126   15.8900923605   -0.904497838186   312.477686309   2.65847719268   
10.0   -2.75500473887   1.47979503607   3.12727428602   2.64868429181   305.085276573   3.19166902733   
11.0   3.09467090437   -7.4253187546   8.04439846189   -1.17591477552   297.978948189   2.96266611628   
12.0   -8.55080401639   14.9875934899   17.2552660931   2.08926138654   341.504891726   3.52818374916   
13.0   9.69658797985   -4.94453682292   10.8844964442   -0.471556390506   295.325300794   2.42893487048   
14.0   6.92614928371   -16.0154847011   17.4489912062   -1.1626191188   310.352957004   6.10869513222   
15.0   -3.87564581709   1.54487998644   4.17220381477   2.76228316548   295.320854446   3.74795212354   
16.0   13.57439682   7.04964678452   15.2958088643   0.478994961988   323.822366693   3.51984051872   
17.0   7.14784239753   -8.81355795863   11.3477070296   -0.889380755314   301.859831233   4.9345843194   
18.0   0.278617775168   8.54757668858   8.55211641127   1.53821175102   322.132425961   2.62786495974   
19.0   -3.53487980596   -1.62475363204   3.89039838672   -2.71075540711   332.86675156   3.16217676708   
20.0   -6.98076976623   1.7911518667   7.20689749745   2.8904272123   294.494293807   2.89259124749   
21.0   2.68764506015   -8.18728638401   8.61713956618   -1.25360917067   323.12176008   0.631458023531   
22.0   -1.32233717383   7.14088742949   7.2622895069   1.75390045725   323.967768853   2.6718227758   
23.0   -7.88230193442   -2.39440577943   8.23795258677   -2.8466808677   322.239481699   5.37329454706   
24.0   3.69663112046   -5.80391253954   6.88116868034   -1.00367082347   300.593152828   1.63891475451   
25.0   1.89390749635   -6.50143543283   6.77167248853   -1.28733459112   289.457115278   1.26294671859   
26.0   -5.13787507434   -7.48602435609   9.07955510691   -2.17228802769   318.563524407   3.50468906781   
27.0   -1.96692021765   -1.38425426397   2.40518918381   -2.52834272707   318.402496781   2.21395295941   
28.0   0.575446862151   -2.68084547661   2.74191020287   -1.35935352142   317.48333938   4.06430514302   
29.0   17.8513198395   -2.29664215676   17.9984495224   -0.127951061193   342.17466319   0.0645846989085   
30.0   -3.78825417004   -5.71143434921   6.85356491048   -2.15644748666   292.751428754   1.78413034254   
31.0   -1.72757754066   -6.04729579418   6.28922177867   -1.84906215895   299.399420003   2.01690339709   
32.0   -7.99717180817   6.70684676161   10.4372673825   2.44372349836   360.13613024   3.1804846083   
33.0   12.8946781967   10.912339234   16.8923613907   0.702322805967   353.54372146   1.3202906538   
34.0   -6.34917118438   3.8011946909   7.40007133795   2.6021358561   322.721129282   6.1164461518   
35.0   6.26652399347   3.98904939502   7.4284478888   0.566872476778   313.458941223   1.8651465294   
36.0   -8.26636080077   6.18452705446   10.3238120758   2.49927277898   315.523661614   1.74850219894   
37.0   8.23680946227   4.39383083221   9.33545818371   0.490039157109   307.732187798   5.50440797934   
38.0   -6.53222000066   0.191905565945   6.53503832302   3.112222794   304.33587704   1.5267861203   
39.0   -3.5724741263   -2.15441082119   4.17181703453   -2.59892730416   290.676140521   3.07651266789   
40.0   5.70576188376   -1.57959237464   5.92037420643   -0.270077544784   325.807745784   1.77345739263   
41.0   1.36706624387   5.21500432733   5.3912095349   1.31442392017   323.053146385   1.84607662991   
42.0   19.2746042063   -11.2325431581   22.3087514914   -0.527649467005   314.351344786   2.00141378212   
43.0   -3.32948668762   9.2976700708   9.87583669106   1.91466802392   308.879995802   3.54593701879   
44.0   -1.88234114953   -7.91148924003   8.13233485528   -1.80437840496   289.684121755   0.637267177896   
45.0   -10.8818078341   12.5810188578   16.6341749792   2.28389929528   296.941185437   2.76208966585   
46.0   3.38806120079   -15.8559527446   16.2138889888   -1.36028452641   304.530529294   2.32995983533   
47.0   0.614844273893   7.82148633552   7.84561546202   1.49234800499   332.427980413   0.0966437388788   
48.0   1.19343894838   -1.81217259343   2.16985391948   -0.988421442813   307.248926041   4.10901465519   
49.0   -0.856271498226   -0.349497349416   0.92485094795   -2.75407007041   319.170896355   0.00203788928866   
50.0   -3.99433915236   1.51216428296   4.27099357091   2.77968981957   344.32179626   6.00222428961   
51.0   4.58845471828   2.33770441709   5.14963869057   0.47119909654   290.94805178   3.29935957579   
52.0   4.43266697057   -6.81280257537   8.12790350601   -0.993972861918   321.382222003   2.32588062376   
53.0   -5.08569926613   -9.8300926222   11.0677485509   -2.04823549253   307.061551444   2.37373989033   
54.0   13.9706509633   0.35821011817   13.9752424962   0.0256345715017   321.390353495   2.20192251993   
55.0   -2.08772625929   -0.433633943932   2.1322850023   -2.93679826832   282.644628059   2.23828785882   
56.0   5.34501061909   -0.654336181421   5.38491358858   -0.121813882   314.122180708   1.94470518435   
57.0   2.91493669152   -5.02435602884   5.80870118186   -1.04509187912   303.776625632   2.63894577794   
58.0   12.6632272018   8.1453277053   15.0566824563   0.571599031524   278.684455309   1.85182719843   
59.0   2.18722174247   -4.92164274172   5.38576886135   -1.1526016951   324.933728305   1.63954391918   
60.0   -0.493016243718   -9.09139384539   9.10475189494   -1.62497215726   350.112564963   1.23729731369   
61.0   -1.88409795198   -9.33936831235   9.52751938158   -1.76986170557   295.093951225   6.18144239775   
62.0   1.13650699271   4.34118932959   4.48749071752   1.31474651368   318.158577015   2.48682896253   
63.0   4.01768283644   7.62257841392   8.61658151767   1.08572279627   303.450007753   3.89102731965   
64.0   4.00001071702   -1.46445945674   4.25966280786   -0.350957434632   313.883472127   3.2029358492   
65.0   0.738853380515   -2.33049549301   2.44481360452   -1.26378343006   345.38444201   2.24019647055   
66.0   -0.176192701194   -6.11201032453   6.11454937629   -1.59961563665   302.46026849   0.375605094448   
67.0   -8.16939912764   -5.80562347334   10.0221926753   -2.52375149035   314.795371864   2.79899852794   
68.0   -2.41555199171   -0.0869780994899   2.41711741842   -3.10560065726   295.477568411   1.01074748708   
69.0   -3.59421188503   11.8477729259   12.3809564404   1.86533835786   321.346401117   5.37730271173   
70.0   -0.298744664023   -5.83277621965   5.84042180008   -1.62196987261   307.750773379   4.48332428041   
71.0   6.65169191825   9.33062295401   11.4588625127   0.951472768628   304.718875659   2.96332593786   
72.0   2.33469873566   9.08506669087   9.38025878981   1.3192572283   309.957299934   1.31489447159   
73.0   -0.0799807593037   -8.53909643666   8.53947099512   -1.5801624724   327.209001249   5.7133597689   
74.0   14.9815441785   -3.00176249454   15.2793077084   -0.197745559515   322.795583197   1.78302565315   
75.0   -2.0787403743   2.4284921224   3.1966757002   2.27875178639   333.840616441   5.74385653907   
76.0   -8.36719407437   6.60322254676   10.6589157366   2.47348415801   289.996778466   4.03267475272   
77.0   -0.26286529413   -1.99447427803   2.01172210024   -1.70183784551   322.833145172   4.43062509506   
78.0   -5.40646176509   -6.42923861752   8.40029392452   -2.26999407014   313.924669627   6.16332492774   
79.0   3.99898090388   6.60818259313   7.7239837813   1.02659432123   334.433363497   3.58996326505   
80.0   -8.74055528753   2.14673587111   9.0003211962   2.9007534473   327.556294977   2.19823115325   
81.0   -0.95852310317   -8.77912026186   8.83129204089   -1.67954769584   368.098200447   5.21856038608   
82.0   -6.63771308533   5.83079673063   8.83501134788   2.42082071086   313.25126647   3.29693627283   
83.0   -21.551490478   -2.98060093025   21.7566248239   -3.00416306371   342.934235013   2.24677973069   
84.0   -1.62966562323   -1.42007746876   2.16158045439   -2.42480982163   294.721354088   1.25702326793   
85.0   -3.07852147082   8.17333280828   8.73388021679   1.93101660894   297.887438273   1.45852456261   
86.0   -9.13303177683   5.08689795622   10.4541283833   2.63340782803   309.77212495   5.07195920854   
87.0   -2.32908208533   5.28548195276   5.7758932498   1.98585310199   328.000743604   2.75169434108   
88.0   -11.6285147325   6.47646725206   13.3104088199   2.63343144745   294.682169521   2.79177059151   
89.0   0.509912491667   8.09982555048   8.11586007133   1.50792577894   320.854497871   5.38230072909   
90.0   -6.23019426818   3.85462944945   7.32621927134   2.58753554967   326.538817761   5.78490027184   
91.0   0.940582510598   5.8149570064   5.89053651593   1.41043299911   305.072463726   0.0123041406926   
92.0   -14.5082483375   7.54144162535   16.3512266088   2.66222786737   342.513591077   5.45996809479   
93.0   -3.9844357506   11.2572150391   11.9415500957   1.91098135172   316.019501008   5.7898861891   
94.0   0.940311364708   20.0094250933   20.0315071332   1.5238374518   316.496535521   2.66204200993   
95.0   2.31591009872   -17.2632775473   17.4179272951   -1.43744012211   306.192436655   5.30255012838   
96.0   -4.13149140695   2.72030406982   4.94664284925   2.55931301156   306.502643111   0.656471662532   
97.0   3.35765144691   -10.9937692257   11.495076556   -1.27437995641   276.594446461   3.23099628734   
98.0   -0.919835165707   -1.9644689028   2.16915531996   -2.00871144114   318.786759668   3.86715446152   
99.0   -13.4116374533   7.58106406013   15.4059907653   2.627108943   320.852702569   1.58068380011   
