0.0   6.3548887513   1.58366158731   6.54924385441   0.244229033978   250.244975686   2.73355943399   
1.0   0.760468099483   1.3748436522   1.571148242   1.06555275903   280.39517391   2.689593803   
2.0   -0.467552405492   -4.01432827215   4.04146467613   -1.68674480625   270.356076581   4.58037754318   
3.0   -2.14723566397   -16.1413498725   16.2835437391   -1.70304688363   310.625505547   3.4006675587   
4.0   10.7857259156   -7.21850044577   12.9783909717   -0.589798754652   230.755345153   1.815811259   
5.0   2.0391773129   -6.95895449735   7.25157167858   -1.28574690854   245.790514022   2.34258182815   
6.0   2.00851703422   1.64901619644   2.59872951514   0.687422351723   269.673008038   2.00292162536   
7.0   4.85649735468   -3.07465932102   5.74796455246   -0.564404435855   283.626043123   4.16982097576   
8.0   -2.07750451012   -3.37555198392   3.96363169148   -2.12250325387   269.679509691   3.77083753663   
9.0   7.57581521891   -13.5539121756   15.5274438171   -1.06111578744   266.054391478   2.86650539405   
10.0   -1.8752092991   0.601351836251   1.96927244088   2.83126829565   248.345823258   5.01114669472   
11.0   -0.235216146676   -9.01098574816   9.01405518006   -1.59689366522   251.415629646   2.72765570407   
12.0   -4.84415043354   15.3936842092   16.1378842156   1.87566990498   276.222859048   5.13817401662   
13.0   8.09179131075   -0.0343701874614   8.09186430475   -0.00424751200893   250.275743255   5.8240427074   
14.0   9.73514955816   -18.0700449603   20.5255855407   -1.07663509952   241.859045296   1.55410595038   
15.0   -6.73398351078   -1.92966467124   7.00500818464   -2.8625148017   248.255300407   5.12057540656   
16.0   10.009104079   8.89872375772   13.392888   0.726739575255   260.474761814   4.57397127529   
17.0   7.5799425191   -9.23079226607   11.9441640332   -0.883286418827   250.517889867   0.740582475582   
18.0   1.76598492915   12.6390806732   12.7618597013   1.4319709331   274.289228364   3.96616100012   
19.0   -5.38227570683   -2.26284169583   5.8386080811   -2.74360369282   266.888339634   1.91172732747   
20.0   -8.81328339045   -2.12512721202   9.06587722108   -2.90498161475   249.583248614   6.07007971114   
21.0   3.59096338137   -9.49392063856   10.1503471417   -1.20918972008   266.353858887   4.23483628517   
22.0   -1.58729031306   7.5937559419   7.75787469886   1.77685521062   272.87406865   4.63749031296   
23.0   -5.74789551443   -7.1872652423   9.20299323633   -2.24537463985   268.210791479   3.22952222297   
24.0   2.21166095939   -5.89450252442   6.29576081262   -1.21184383984   251.542696473   5.90053651346   
25.0   -1.56729028886   -7.85271678888   8.0075938843   -1.76779352771   238.144579885   1.31361140348   
26.0   -2.81318862569   -3.23171717586   4.28462672219   -2.28706823518   275.888408048   3.23459427373   
27.0   1.82955632252   4.11416291245   4.50262288088   1.15236103528   271.522187922   3.76626199729   
28.0   0.644824745763   -3.39039580628   3.45117120352   -1.38284947885   270.423121295   3.2558881791   
29.0   19.1453548682   -3.69516395965   19.4986884102   -0.190661382661   294.842397455   4.59665412175   
30.0   1.41145614297   -7.07117197137   7.21066442793   -1.37377858228   236.271236901   2.62339632247   
31.0   0.83091771678   -7.08992097392   7.13844546582   -1.4541314855   257.739654795   0.300884798957   
32.0   -11.1943898368   4.47032987225   12.0539708389   2.76165828104   307.291042764   0.902798114186   
33.0   7.80311172298   7.33043948945   10.7062549787   0.754174915425   303.692173067   2.92999153138   
34.0   -4.10235400237   0.519148362499   4.13507235523   3.01571288587   257.115399074   2.0931946516   
35.0   8.06913224838   3.50167242197   8.79616990472   0.40943444813   268.684954584   5.80679073819   
36.0   -6.69362014078   4.35330178819   7.98472210212   2.56496030519   267.376224815   2.21565715795   
37.0   8.47833675767   2.27208924064   8.7775044115   0.261835235515   262.362853876   3.29014918965   
38.0   -2.64016922589   -3.35588335143   4.26994690947   -2.23739236817   263.534750599   0.750079262714   
39.0   -8.89474993218   -3.64532862032   9.61275179676   -2.75264161591   248.148594804   3.41680010302   
40.0   6.34095882376   -0.0404280290386   6.34108770087   -0.00637561012182   283.714094189   4.60898352439   
41.0   0.7562787513   3.86760187505   3.94085039218   1.3776909209   268.63776548   4.60252337239   
42.0   17.863522909   -10.9280296265   20.9410430074   -0.549015232567   264.282027037   3.4464053   
43.0   -0.111804131895   7.18370480886   7.1845747922   1.58635864581   262.603483111   0.857866830366   
44.0   -3.08493066963   -6.9370687581   7.59208273078   -1.98923598705   240.419699724   0.60711458827   
45.0   -10.9612641536   13.4371637597   17.3408962211   2.2550628513   247.782377107   3.80265087879   
46.0   3.62020312988   -16.8492198145   17.2337482591   -1.35915513326   266.348880458   1.08565552692   
47.0   -4.70166084242   8.29834251589   9.53772002043   2.08627844786   277.563184576   5.39510798057   
48.0   -1.47305877364   -1.54250411899   2.13289031778   -2.33316957733   243.797463344   0.991790372114   
49.0   0.846142288469   2.28865512307   2.44006127888   1.2166701264   273.108778147   4.61568305145   
50.0   -1.5340830556   3.19475626083   3.54399187183   2.01846894318   279.350138894   1.03040129348   
51.0   4.21248395112   3.46095615599   5.45190228747   0.687770680684   244.227782294   3.74870590278   
52.0   6.67200272634   -2.67998419853   7.19012765426   -0.381950476469   271.728267995   3.47063211253   
53.0   -2.62673048081   -7.86719897289   8.29412639751   -1.89304224135   261.264453515   3.70057187205   
54.0   11.4310166328   0.161010471334   11.4321505252   0.0140844711972   266.058150868   2.77628156342   
55.0   -0.270699051719   -0.13594601296   0.302917967512   -2.67618379364   239.551110617   1.14918649637   
56.0   0.785351190667   0.972050404697   1.24966334745   0.8912371279   265.046002961   3.46387997174   
57.0   2.84327879604   1.77364240178   3.35112543504   0.557737216975   257.004955644   4.49020238568   
58.0   13.6418581024   8.48313555174   16.0643668184   0.556328089517   232.721769362   1.23359818511   
59.0   1.26799653408   -3.70386904943   3.91490244397   -1.24095840768   290.120810061   1.25488555581   
60.0   0.0872235570976   -4.56863951627   4.56947206782   -1.55170684479   293.762188721   5.7004681416   
61.0   -1.6095484792   -8.3104662852   8.46489788387   -1.76210501913   237.325779468   1.15325107174   
62.0   5.45879201718   7.55536741096   9.32105074557   0.945125357888   258.400148271   0.0186322033519   
63.0   2.09837179694   9.45544892421   9.68548803915   1.35241352741   250.326044147   2.2225618762   
64.0   4.15191346184   0.436322958397   4.17477701424   0.10470528771   253.993189885   4.57158312716   
65.0   1.97880209   -6.38410858525   6.68374895845   -1.27022946633   300.895459764   5.74511457174   
66.0   -0.752953955579   -9.6738577166   9.70311613762   -1.64847360787   253.445536653   6.0567522529   
67.0   -9.70543329989   -2.81449042148   10.1052853434   -2.85934333258   272.89125476   4.3936351355   
68.0   -2.68207503962   5.69194737568   6.29220084276   2.01114387334   246.285991188   4.75425495945   
69.0   -1.8777479546   5.24232007114   5.56846990737   1.91474887138   271.316090846   5.79143580435   
70.0   -1.01725428694   -5.22446108928   5.32257456103   -1.76310011428   247.589993434   2.82505803789   
71.0   6.2110445871   5.42848869795   8.24897353655   0.718266608437   261.351005735   0.5088116634   
72.0   5.43415268464   8.24118900556   9.8715354239   0.987848765666   257.493284646   5.54985623343   
73.0   -0.836333679943   -8.24926123214   8.29154779883   -1.67183395731   265.270366786   2.22821963508   
74.0   14.2297168604   -5.22527516939   15.1587711416   -0.351922465664   275.142844585   2.14501660438   
75.0   -3.28579210162   2.04316856459   3.86923345359   2.58528393694   278.628429147   1.71506379036   
76.0   -8.77756522121   10.0290363284   13.3276862542   2.28974820706   235.953472686   2.61730920891   
77.0   -2.12586636398   -2.7876833314   3.50577896532   -2.22230803551   265.232230322   4.82030681847   
78.0   -4.20426104191   -3.83389217219   5.68986292423   -2.40223828802   270.155369677   0.172741472351   
79.0   8.49447697216   1.53144912577   8.63142372123   0.178371528006   274.4326946   0.400106132171   
80.0   -9.31152034264   1.97979606415   9.51966404591   2.93209444048   264.33603035   2.95131260567   
81.0   1.9390686994   -6.98487756099   7.24903455386   -1.30000566258   300.205117279   3.37260245501   
82.0   -3.99435508567   7.99904950533   8.94089847494   2.03392677402   250.941374487   0.904789978507   
83.0   -14.4198772648   -1.43211267375   14.4908180253   -3.0426020888   294.836675152   0.955651899172   
84.0   -3.88560903814   2.61333316744   4.6826774223   2.54951618667   250.089002935   1.34893795316   
85.0   1.2263359699   4.39327816956   4.561227136   1.29858606036   251.501868535   0.239023260972   
86.0   -12.1693913551   2.85738838832   12.5003501693   2.91096904325   251.586749039   0.611093392422   
87.0   -0.522955680988   7.77746151019   7.79502342438   1.63793515889   283.840306404   2.945782896   
88.0   -7.69663484879   7.81140438438   10.9661399978   2.34879397755   240.69678915   4.35370027018   
89.0   -1.62523628167   9.48214209868   9.62041640215   1.74054655043   251.524165827   1.49570303719   
90.0   -5.20586093374   3.2383567952   6.13090065117   2.58511043605   276.088735903   2.37684633457   
91.0   2.50792022948   7.24029758788   7.66234774977   1.23734688444   262.578670723   2.36486966351   
92.0   -13.2268909361   6.70063302757   14.8273101675   2.67268560895   276.16839281   1.50928827125   
93.0   0.472147126421   7.98934219947   8.00328130764   1.51176785982   259.427327531   0.782002131628   
94.0   -1.2479041477   20.1477961373   20.1864051766   1.63265480715   262.175242324   0.249674579802   
95.0   -0.514130241461   -15.9645080058   15.9727845341   -1.60298977811   244.117452247   0.492356078053   
96.0   -3.32212546248   8.82381808622   9.42848255061   1.93087724303   267.951217951   4.70799378068   
97.0   1.1429101689   -9.29524751674   9.36524799733   -1.44845399606   238.651112655   4.79302730597   
98.0   0.368904630035   0.0538237395945   0.372810435752   0.144879246619   274.728990753   2.14518236522   
99.0   -15.8177024292   6.90084178218   17.2575006139   2.7302122703   280.912968331   3.23715602697   
