0.0   -2.46705808728   4.92416130006   5.50760747648   2.03525226423   62.0979707066   0.282456808711   
1.0   3.28601889303   -2.74311761518   4.28049231001   -0.69559408723   78.6828940277   3.0824824578   
2.0   1.49594714699   -1.0642683272   1.83589894571   -0.618358935578   88.0327165317   6.12032084124   
3.0   -0.0897161387314   -5.87831817611   5.87900276962   -1.58605735401   99.0385441653   4.92605639811   
4.0   0.619443773661   -6.47020906891   6.49979353396   -1.47534940143   71.4212566402   2.73828857615   
5.0   3.06189640666   0.977468523243   3.21413352539   0.30901004266   71.9365111651   2.15521498367   
6.0   -1.14668121861   -1.50274904993   1.89027313481   -2.22260085217   81.3858648415   4.97222345408   
7.0   -2.19913472462   -1.08599274573   2.45266666728   -2.6828953935   91.1056322391   1.17773130947   
8.0   -0.965311695316   -0.377357029088   1.03644826041   -2.76894064005   90.6173866445   1.08478705709   
9.0   4.93832946017   -5.78334421566   7.60487791973   -0.864049280941   86.2826736035   5.80512065902   
10.0   -1.96551819932   3.00682094998   3.59224637478   2.14975873275   67.5068183624   1.66183693315   
11.0   -0.694806744792   -3.58496797379   3.65167794113   -1.76223404332   77.8989518984   3.33400707068   
12.0   -5.2584615733   10.5677446818   11.8037555794   2.03251843883   76.4221580905   5.46735485564   
13.0   3.83402824181   -0.616598375093   3.8832932049   -0.159457222309   87.0741801056   5.66431273304   
14.0   1.11501057526   -5.56362514408   5.67425531033   -1.37300579657   74.9435177059   3.62099908663   
15.0   -2.68267518069   3.26307839413   4.22426641339   2.25888636472   73.8117662276   2.71690243594   
16.0   7.40351631856   4.46600573631   8.64622814388   0.542789391833   82.9562378275   4.99524317117   
17.0   0.531770342303   -2.76643174817   2.81707726452   -1.38089022366   90.2031196735   6.2715721933   
18.0   2.10706376062   3.75339859549   4.30438366179   1.05926195285   76.6244920828   3.04343524018   
19.0   -6.71421284625   -2.53534162234   7.1769499989   -2.78053733201   97.6001699   2.76062429719   
20.0   -7.85821792681   -2.55326913055   8.26261291834   -2.82743576525   79.0314429932   4.23197069111   
21.0   -3.37334839367   2.79341884234   4.37980230305   2.44995982364   71.5788272341   2.68012466932   
22.0   -2.19075093455   -0.704751090721   2.30131783052   -2.830353959   79.5860805614   5.14696364537   
23.0   -0.11673623208   -1.97059993137   1.97405456799   -1.62996610793   88.7351739034   1.36712482954   
24.0   -5.00124791917   -1.21419364528   5.14652766021   -2.90342250377   79.7458696265   0.940827202993   
25.0   -4.07854150901   1.0508628387   4.21174708956   2.88942093064   80.3512748612   3.27719251798   
26.0   -1.07984973464   -4.75670347459   4.87773547813   -1.7940291841   92.7414114172   3.06036284368   
27.0   0.0985647157443   0.215987701501   0.237414595991   1.14267917635   79.1230648672   0.717501307541   
28.0   -0.451857631992   -3.4414918466   3.47102887482   -1.70134658569   71.1812148435   2.48347460714   
29.0   2.5590829119   -2.20346734161   3.37700661467   -0.710867325045   85.5984552759   4.77590847442   
30.0   -1.96371668932   -2.28714414617   3.01450022081   -2.28025563308   74.4915052018   0.259410313934   
31.0   -0.885282336322   3.5238547808   3.63335620758   1.81692811061   76.8689393054   0.65051593421   
32.0   -3.54418300419   4.11455843916   5.43054548977   2.28185793829   100.277120568   5.5884000691   
33.0   7.22570689091   5.55559180645   9.11457296823   0.655465675075   100.356219402   2.62665021658   
34.0   -3.69895518578   -2.03706196758   4.22278236785   -2.63820235208   82.9028323286   3.06644149057   
35.0   5.54077394998   3.7365438959   6.682958645   0.593318245957   84.0570046439   3.21940603948   
36.0   -4.63164654869   3.26848505717   5.66878684737   2.52706120927   71.6319985196   0.417178248595   
37.0   5.40232273153   0.48365060674   5.42392927728   0.0892883782344   88.9654892285   6.23569019436   
38.0   -1.46614725726   -1.6044323862   2.17342841195   -2.31118938733   82.8947481721   3.12925232417   
39.0   -6.97151097177   0.861452069546   7.02453307328   3.01864838425   92.2981562879   5.62124604891   
40.0   0.174441304155   2.75465178312   2.76016959893   1.50755469183   80.3584574347   2.08631954185   
41.0   1.47434564569   -3.311967359   3.62530314181   -1.15197708558   61.2381076655   4.43492670737   
42.0   8.68261816383   -5.44138272907   10.2467801861   -0.559819689479   74.1795031896   3.83504424458   
43.0   -2.1353077499   6.3885527186   6.7359591021   1.89336236192   81.4095094876   2.10489470012   
44.0   1.50484477036   -4.24611430381   4.50489117115   -1.23020250197   75.5206684222   2.10130307929   
45.0   -0.601112326824   7.76413399223   7.78736879047   1.64806387301   94.995452504   0.0749669049455   
46.0   -1.78825617922   -11.1489135722   11.2914186001   -1.72983899554   81.0486151195   5.53466050078   
47.0   -3.00009395218   1.60258123337   3.40129833026   2.65097871153   79.4902689712   4.47929503735   
48.0   7.72061930255   -0.528946142045   7.73871736376   -0.068403953935   76.8029802248   0.328159237016   
49.0   2.11019377578   0.387549583936   2.14548653021   0.181631855423   86.4621871906   5.49929938012   
50.0   -2.60547078961   4.01956581713   4.7901343816   2.14590306619   77.2111487574   0.274120399791   
51.0   2.62114927018   6.03679382901   6.58128431468   1.16116278354   76.7993628645   1.31886621087   
52.0   4.83491663348   1.63006685535   5.10230700817   0.325176915977   83.640568123   2.13452792564   
53.0   -3.87061631314   -3.70822476645   5.36027998915   -2.37761817486   68.4738768955   1.59797052165   
54.0   0.787509821452   -2.38217695197   2.50897165177   -1.25152212061   82.619571268   1.35079957386   
55.0   1.1598306422   5.62282942762   5.74120352284   1.36737761381   82.2564682749   6.05143225617   
56.0   -0.320564298336   -3.48796456185   3.50266445068   -1.6624446997   93.2217404083   2.9746136361   
57.0   -1.49603839737   -1.24874710107   1.94871758058   -2.44604684491   80.3878548549   0.601728402752   
58.0   3.68780188601   4.32490738041   5.68372295239   0.864743104103   68.0353082202   6.2826151861   
59.0   0.406723442691   2.28479173943   2.32071050573   1.39462835083   87.3557130192   3.94998084505   
60.0   -1.23802831172   1.65552407312   2.06723826815   2.21289856663   80.8075268704   3.34784084989   
61.0   -2.86984694257   -3.99398645734   4.91812457093   -2.19385848217   78.2796365281   3.27050738845   
62.0   -2.04073242587   5.60771062461   5.96749589723   1.91981378337   90.3592375814   2.81917760049   
63.0   7.18172120757   1.99930321679   7.45481943818   0.271513040276   96.1956466475   3.48452796828   
64.0   3.97778878071   -0.58486234715   4.0205556269   -0.14598602826   77.4255645249   1.14255005532   
65.0   4.39380525094   -4.46440537691   6.26389973999   -0.793368015789   99.7798372855   0.645881248071   
66.0   -1.44597132766   -0.263283001487   1.46974522258   -2.96148536258   73.8663731555   1.67423399172   
67.0   -6.87751842236   -3.86808954451   7.8906512009   -2.62926003079   87.2347013274   2.23751002231   
68.0   4.51354973198   -0.282310734336   4.52237001292   -0.0624660108176   87.6535323432   1.61320822621   
69.0   2.07008177569   -0.0260795255898   2.07024604811   -0.0125976404747   82.5894080896   1.42484584037   
70.0   0.655618631865   -2.04781593927   2.15020601608   -1.26095273318   69.3660207553   2.68111989267   
71.0   3.27040203458   5.57749563864   6.46560028666   1.04046905739   76.2871721395   4.36760482782   
72.0   3.85608208131   5.84369167032   7.00129283458   0.987513252755   64.0767780145   6.13134713586   
73.0   -2.93826599286   -0.723017822541   3.02591503788   -2.90031663464   89.8593235421   6.01741932323   
74.0   2.87091061029   -1.9878668875   3.49195396515   -0.60561845187   83.7349842608   6.23869979584   
75.0   1.57166520453   -1.20263386784   1.9790047335   -0.653156602861   95.2237208347   6.03349802856   
76.0   -6.49637161178   3.62275511305   7.43822550931   2.63288882072   76.0437578485   3.68037314673   
77.0   -6.95630723268   2.02444177955   7.24489991886   2.85839232995   71.8465692287   0.102397363687   
78.0   6.98660079283   -2.39350537524   7.38521892835   -0.330053912464   82.9967221901   3.13506693391   
79.0   0.839686368108   -2.03738969213   2.20364015992   -1.17986987265   99.4782047711   6.2362448459   
80.0   -4.41490397439   -5.65860890516   7.17713256424   -2.23335325102   92.7516861486   0.39077133462   
81.0   1.11236230058   -6.37486858598   6.47118995056   -1.39804380075   104.217960134   1.49637789457   
82.0   -3.24811528176   5.40171425905   6.3030762188   2.11217993069   76.6097497831   6.14914392781   
83.0   -3.74826016718   -4.03121312933   5.50455571095   -2.31983877854   98.4770806882   3.5747343879   
84.0   3.17025963061   1.84890059887   3.67001083786   0.527976180571   76.2609268377   4.99784222685   
85.0   -4.03593296833   2.62229053402   4.813020109   2.56540311541   79.9468774611   2.36801978672   
86.0   -4.21670067795   -2.92811191852   5.13365406068   -2.53462937969   73.2824918022   0.752248152229   
87.0   0.296141084084   2.02539739068   2.04693285963   1.42561128821   82.1591330493   4.89687049386   
88.0   -7.15267545498   -2.20770908535   7.48563594959   -2.84221452224   89.9127659599   3.29310041164   
89.0   0.687732971571   -1.54462677198   1.69081297159   -1.1519060548   105.059775644   0.226853479152   
90.0   -2.99642724141   -1.46193499216   3.33404111168   -2.68767770925   91.3349038317   0.64075258031   
91.0   -2.08460003033   6.31973887232   6.65467179512   1.88941348735   81.6124842079   0.553811441924   
92.0   -5.80931464637   0.134367229942   5.81086836996   3.11846715866   85.983914117   6.25403699681   
93.0   1.598515203   0.661836727943   1.73010944991   0.392544248858   89.0571600758   5.62733062008   
94.0   -1.22882708111   10.051379881   10.1262161496   1.69244721727   83.9648677141   3.27341606284   
95.0   -4.07270899231   -4.81711915224   6.30805797872   -2.27265209623   66.0082877728   0.667352197586   
96.0   1.2087554726   2.49497800916   2.77236452486   1.11964535221   82.5712230835   5.67554215236   
97.0   -5.46854306692   -4.96099894001   7.38352718946   -2.40482021515   73.189447922   0.136314147287   
98.0   -2.01445253386   0.303715206824   2.03721916789   2.99195158021   80.0175964198   2.4397081386   
99.0   -6.17334923146   -0.967349199061   6.24868027719   -2.9861589787   83.2174847478   3.79184657683   
