0.0   -0.906799888684   -0.165322456638   0.921747011271   -2.96125909244   4.41374332469   2.1836342199   
1.0   0.713728484563   -1.8578376672   1.99021836675   -1.2040091391   11.2634189817   6.08530032013   
2.0   0.708748438554   -0.81309038266   1.07862890724   -0.853854101111   6.43050472299   2.00234703384   
3.0   -0.851966134663   -1.80717419614   1.99793014638   -2.01133236506   10.5095386807   6.19218616998   
4.0   0.0370186486463   0.158444867915   0.162711881914   1.34127603627   6.13511097228   3.30448456484   
5.0   0.876450524016   0.840547582458   1.21436640246   0.764490912507   6.12939056449   4.44661399678   
6.0   -1.26667742368   1.1741147136   1.727141296   2.39409955112   2.9225871592   1.05697521617   
7.0   -0.98121459219   0.0122254069963   0.981290750238   3.12913383517   8.35435306741   4.1672531573   
8.0   -1.52320955893   -1.09735806541   1.87732844333   -2.51728983538   9.69702040477   5.57906455877   
9.0   1.26911773493   0.820440431286   1.51121882148   0.573886274098   7.57128392097   1.42842467939   
10.0   -0.105241985252   -0.124218041918   0.16280662578   -2.27368350149   8.80338427128   3.304579624   
11.0   0.0303437653644   0.201363584736   0.203637023535   1.42123023839   9.1732166092   2.93760212726   
12.0   -0.356317470482   1.86541618333   1.89914182641   1.75953513893   2.07846688551   0.637863493175   
13.0   -0.894076537477   0.213619905217   0.919242252495   2.90706154942   8.09701907687   4.09672974772   
14.0   0.0135122415839   0.0314763843528   0.0342541011347   1.16530448239   5.89482135078   3.1758484296   
15.0   0.77532098477   1.47639782572   1.66759502554   1.08723669827   6.78557672649   5.11349474926   
16.0   0.506447017768   -0.156390895965   0.530044049252   -0.299510610708   7.28624425964   2.60513912633   
17.0   0.788553910626   -1.80749699689   1.97201994506   -1.15942004815   5.29123328498   0.334936051906   
18.0   -1.05955144217   1.50041801622   1.83681884844   2.18565179547   2.59240693435   0.813510277762   
19.0   1.21014935315   -1.54282957691   1.96081221954   -0.905658752261   11.4624281591   5.88661790118   
20.0   -0.97106447161   1.34100449697   1.65567486812   2.19753543661   7.88516600246   5.09207582453   
21.0   0.0854721277233   1.04969479394   1.05316885875   1.48954987437   2.50576839635   2.03243704397   
22.0   1.70462162311   -0.0425360534235   1.70515224945   -0.0249481923103   5.70833584853   5.1833827745   
23.0   1.02369434636   0.0177573382501   1.02384834708   0.017344588844   5.26715680424   4.21643912362   
24.0   0.80246553853   0.365296393427   0.881698585447   0.427184359616   7.8246213382   2.22850334281   
25.0   -1.39022932301   -1.36598183359   1.94901101594   -2.3649916623   4.14448355972   0.452579829676   
26.0   -0.254060122426   0.0821509156407   0.267011832599   2.82885179694   7.67514650658   3.40940411209   
27.0   1.53241209412   -0.119740699922   1.53708316672   -0.0779802578558   5.51096725391   4.89470971636   
28.0   0.917925839866   1.72670203447   1.95552748979   1.08218446845   1.29346227508   0.422555613265   
29.0   1.77403415012   0.609557308027   1.87583508805   0.330961505631   6.25992744701   5.57474657558   
30.0   -0.0535541703465   0.0577400305358   0.0787525255962   2.31860144312   3.8500113246   3.06281976295   
31.0   -1.34052551639   1.24472447738   1.82930251317   2.39323432148   8.26026767322   5.4508813963   
32.0   -0.149645957531   0.0592009101175   0.160930607294   2.76487952459   4.25512346278   2.98048787639   
33.0   -1.04452860014   0.993592615984   1.44161932667   2.38118092533   7.89853963736   4.75153211689   
34.0   -1.53958484977   0.0969885697863   1.54263679857   3.07867921785   3.76856549429   1.37977255288   
35.0   0.228714886788   0.106906537276   0.252466843666   0.437247836631   8.16465836939   2.88845045116   
36.0   0.682059368438   0.0962014369009   0.688810350195   0.14012124242   5.20411534715   3.84480290229   
37.0   -0.4419242592   -0.270984742195   0.51839153289   -2.59152905034   8.66623465605   3.66597149123   
38.0   -0.530240866189   1.22481401881   1.33466278769   1.97935225108   7.42236106888   4.60283232842   
39.0   0.547237421548   0.280653290106   0.615008182702   0.473878414008   5.4988363096   3.766730484   
40.0   0.367593266213   -0.827278486416   0.905270403499   -1.15265887028   10.3126338172   4.08102945349   
41.0   0.770132476189   1.79816024111   1.95614014927   1.16614306277   1.37595512646   0.419624127379   
42.0   -0.991193178252   -1.57863701098   1.86401682639   -2.13146332432   10.0640263247   5.54142337649   
43.0   0.183781269101   -0.365498552072   0.409102366699   -1.10489245257   6.5430840076   2.72958230599   
44.0   -1.11507588698   -1.22631262095   1.65747907318   -2.30872131084   4.56840870687   1.18788942106   
45.0   -0.603326531809   1.53979232321   1.65377244583   1.94423402407   7.63017104536   5.08868873539   
46.0   -0.624328203749   -1.16822501686   1.32458876487   -2.06160288104   5.06850185624   1.69383886021   
47.0   -0.478812227476   0.363952095755   0.601433518508   2.49164965755   7.50948274867   3.75248087506   
48.0   -0.531688829621   -0.789024200527   0.95144742396   -2.16375978006   5.19443522623   2.15001939821   
49.0   0.0630168575544   0.127835272108   0.142523616046   1.11280171129   8.89546108483   2.99894813273   
50.0   -0.139208315594   0.136013525104   0.194624341082   2.36780202467   7.1776574193   3.33652548207   
51.0   -1.90103150387   0.203052249398   1.9118449191   3.03518447296   9.02035902139   5.68716378968   
52.0   0.330382108723   0.736837224977   0.807515593581   1.1492915022   6.27730110762   3.97283390364   
53.0   0.136872546581   -0.352807510714   0.37842731617   -1.2007186959   6.46290166118   2.7608700998   
54.0   1.35662135629   -0.525076212411   1.45469121575   -0.369290360397   5.15754475408   4.77048492177   
55.0   -1.17870041377   0.62502021568   1.33416076071   2.65402943545   3.49454291298   1.68102695506   
56.0   1.07955907551   -0.995236039027   1.46831283141   -0.744778896835   4.79203350047   4.79043948744   
57.0   -0.138293764776   1.4146215115   1.42136525432   1.66824692531   7.17110395251   4.72252874723   
58.0   0.0665520879079   -0.259638773687   0.268032597284   -1.31987299092   3.52693672915   3.41043413296   
59.0   1.10250626742   0.401103960431   1.1732026495   0.348925278079   5.68817015088   4.39530443843   
60.0   0.0631708415317   0.0231296529035   0.0672721046442   0.350984386469   5.09701576496   3.20887744979   
61.0   -0.516262269398   -0.874408304255   1.01543912341   -2.10413694159   5.21730895967   2.07652118815   
62.0   0.735321611305   0.460745616369   0.867746734396   0.55974230659   7.96493650198   2.24401777642   
63.0   0.78411241599   1.74647229779   1.91441838892   1.14879987599   7.13838848017   5.69599190119   
64.0   1.33650994187   -1.4294252734   1.95691477509   -0.818978271809   5.67215129354   0.41588851633   
65.0   -1.44988961908   -0.736284503373   1.62612877025   -2.67170777947   9.27326313553   5.04038590845   
66.0   -1.24510972222   0.519872319673   1.34928330944   2.74606500464   3.57638220406   1.66063439884   
67.0   -0.851713833939   0.571570830794   1.02572397337   2.55053869108   3.58281971635   2.06456205055   
68.0   0.284338415067   -1.67933478433   1.70323622911   -1.40307093581   5.43184605652   1.1034633703   
69.0   -0.0349558077182   0.137364173691   0.14174210633   1.81998270735   3.31984851907   2.99973162344   
70.0   -0.82910120314   1.53412965711   1.74383560288   2.06626825878   2.57795915887   1.02338180018   
71.0   -1.76913851651   0.580652044969   1.86199030286   2.82445858636   8.73397720882   5.53585193773   
72.0   1.14786336796   0.0160533581591   1.14797561899   0.0139845142664   5.33774101508   4.36432769445   
73.0   0.324875769077   -0.00334789684251   0.324893018926   -0.0103047954242   7.68050724587   2.81525346824   
74.0   0.969665972277   -0.857956122825   1.29473580567   -0.724351055397   4.6921638846   4.54984457282   
75.0   0.020787964496   0.954592451361   0.954818772157   1.54902297282   6.75911599752   4.13700074222   
76.0   -1.03865655126   0.454433201941   1.13371820419   2.72916527361   3.69727339513   1.93621624305   
77.0   -0.649149350024   -1.33282759578   1.4825060805   -2.02402774186   4.99501865876   1.47172218687   
78.0   -0.331940440578   -0.31083168499   0.454753551371   -2.38902287714   8.83593445938   3.6003587515   
79.0   -0.601075551861   0.0940824558756   0.608394056142   2.98632892999   4.24802985964   2.52340185932   
80.0   0.0129229437062   -0.314744051088   0.315009238229   -1.52976079607   6.16605761835   2.82526621448   
81.0   0.147379122741   -1.51498573616   1.52213744011   -1.47382060575   10.3867127609   4.87151081179   
82.0   1.16397459013   0.984031640576   1.52418998688   0.701821226643   6.28075287425   4.87467798803   
83.0   0.318203988747   1.02343206458   1.07175882048   1.26935288008   2.27460021186   2.01049466355   
84.0   -0.0161130670294   -0.634933304702   0.635137727071   -1.59616845516   5.93464864981   2.4952635956   
85.0   -1.20562890733   1.14555735382   1.66308229294   2.38173839905   2.97065825109   1.17783970409   
86.0   0.798826397335   -1.82010602791   1.98768950441   -1.1572197635   5.23697520718   0.222019327001   
87.0   -0.312393313446   -0.383279200827   0.494461857045   -2.25464947545   5.34951073688   2.6419498103   
88.0   1.64822687654   0.635713794097   1.76657404729   0.368114473774   7.13926847315   0.975937384396   
89.0   1.76183986661   -0.225032223041   1.77615292613   -0.127037850214   5.67849486706   5.32788012736   
90.0   0.679359115243   -1.67432416642   1.8069007227   -1.18534183327   10.9379834924   5.39709472978   
91.0   0.698492141791   -1.00641603538   1.22505694089   -0.96408213793   6.23064407505   1.8230818116   
92.0   -1.58106291702   -0.0912404217312   1.58369339272   -3.08394830667   8.82545288088   4.96924645357   
93.0   -0.66214035023   0.314379972638   0.732983363112   2.69831276897   3.89387356558   2.39112159322   
94.0   -0.82757745874   0.961364815108   1.26850571853   2.28154771597   3.16530229602   1.7675091601   
95.0   1.31874442664   -0.466243866133   1.39873879102   -0.339835091405   6.73963168717   1.59256294278   
96.0   -0.413511400901   1.95517928524   1.99842881187   1.77922031588   1.81886112683   0.0792816218899   
97.0   0.946052179395   -1.74308455292   1.983269645   -1.07353945463   5.339082063   0.258872420894   
98.0   -1.22834648827   1.5675824306   1.99151946312   2.23545257643   2.32757497847   0.184244804076   
99.0   -0.444408998668   -1.18112925308   1.26196896578   -1.93066919866   5.2404908796   1.77594954217   
