0.0   0.0755911700689   8.22220722895   8.22255469673   1.56160304835   122.030158107   2.19648315155   
1.0   2.55184002099   -1.07618311441   2.7694868818   -0.399096214508   159.71932537   5.37191057655   
2.0   3.73295893203   -3.61993775208   5.19989727948   -0.770028400293   163.69830841   2.23020882578   
3.0   -5.54375354977   -14.3362973744   15.3708368617   -1.93977924888   180.094896832   6.27631081304   
4.0   3.27427204784   -5.2909482522   6.22213716103   -1.01663598665   126.047775668   1.23851485597   
5.0   0.118444087573   -1.65046234048   1.65470690433   -1.49915495833   129.763405001   0.57270968017   
6.0   -2.22432258202   -1.81915797682   2.87349033295   -2.45606308144   146.912779628   3.16863064981   
7.0   2.45313243871   -0.512428394596   2.50608092875   -0.205926325002   153.55817461   5.53889608548   
8.0   -3.62905912234   1.11926280787   3.79773871489   2.84243202174   150.975180773   3.58469227033   
9.0   6.49572369289   -7.6775521904   10.0568003824   -0.868589996881   144.258392926   0.60478047941   
10.0   -7.53084987489   -1.0988363797   7.61059401278   -2.99670377618   129.969992495   0.608517894244   
11.0   0.905720073956   -11.0812099862   11.1181627804   -1.48924284916   142.207184822   5.57361497016   
12.0   -7.69038268684   15.3732730048   17.1895174089   2.03463886211   141.597202868   5.23105736109   
13.0   5.74184045171   0.629309938833   5.77622391983   0.109165018897   153.386044529   3.52201230938   
14.0   0.977323848555   -11.9667249126   12.0065676627   -1.4893070646   129.963084666   1.51257789166   
15.0   -6.74461691914   4.79150093412   8.27335110989   2.52390854783   149.920681557   5.68646154074   
16.0   10.0628939925   5.85842778284   11.644011834   0.527214400717   153.364432132   2.01663927762   
17.0   5.37498793752   -1.13708845651   5.49394807824   -0.208478000339   138.863412291   1.21232943539   
18.0   7.66552224296   7.19256398956   10.5115749534   0.753577200711   152.072733037   0.110016453266   
19.0   -5.51762797367   4.28908589121   6.98859615646   2.48082084748   152.671685325   1.04577078071   
20.0   -6.34630997557   4.07714861523   7.54312873659   2.57054757764   140.89539156   1.05096468483   
21.0   0.145781327935   -4.33782372148   4.34027266819   -1.53720195065   143.854949767   1.13586499172   
22.0   0.31648292168   -0.970624427139   1.0209178313   -1.25560494898   147.679208031   5.44435311335   
23.0   -4.1852567059   -5.94989268391   7.27444820205   -2.18381201762   154.723205519   5.23984298935   
24.0   -4.52348440584   -7.59290676122   8.83822064979   -2.10808595866   148.041907081   4.20255811458   
25.0   -1.81148191452   -3.4974231074   3.93870982922   -2.04869870991   142.008310183   5.35804358252   
26.0   -5.54020218601   3.2803516777   6.43852059027   2.60700249928   160.575072845   4.99319795906   
27.0   1.41981195917   -0.775256891587   1.61768020553   -0.499788472282   158.846650479   1.28036626619   
28.0   -6.77815896434   -3.05548609723   7.43501407101   -2.71808688405   135.413641618   0.429403283317   
29.0   8.07162598129   0.422964673687   8.08270035923   0.0523535369976   160.888954931   3.19862105306   
30.0   -2.81970094326   -4.41123596123   5.23542893325   -2.13954803803   138.124875468   2.68509773263   
31.0   -5.43745674703   -5.52971262171   7.75523420372   -2.34778268441   142.733018496   2.34012611683   
32.0   -6.32003495128   5.80684261115   8.58267224681   2.39848784344   175.360122818   5.03240211336   
33.0   5.78337115329   9.64758998766   11.248260953   1.03077193188   163.63781128   3.33034787756   
34.0   -6.53005291561   1.00646012151   6.60715922744   2.98866858691   151.362987697   1.14197140216   
35.0   4.01939586213   4.60718120628   6.11405444562   0.853429579464   148.619045415   1.15408445299   
36.0   -2.81273092848   3.70763136617   4.65381409421   2.21979960043   131.92784996   2.17442422528   
37.0   2.74820276342   0.423375078366   2.78062311108   0.152853588722   143.22560388   6.07310540321   
38.0   -2.63252941793   -3.45799872395   4.34602879778   -2.22148205632   157.171319257   3.22421599416   
39.0   -6.73977538338   -0.12555329655   6.74094472969   -3.12296610168   137.446622135   3.6045131226   
40.0   1.81337860319   0.731493984667   1.95535812784   0.383423089078   153.881021576   2.9037718652   
41.0   1.51382841848   0.229861673512   1.53118022112   0.150690240783   135.980309098   3.54369834642   
42.0   12.9948843713   -1.83616475373   13.1239674194   -0.140369786907   144.364382252   3.03148035323   
43.0   0.967127828821   5.60266221209   5.68552197253   1.39986151334   149.01828573   2.3609755501   
44.0   0.787112121475   -4.69891189643   4.76438018027   -1.40482776157   142.053951735   0.708089072111   
45.0   -7.00513304235   7.72883555627   10.431049228   2.30711597107   155.205126681   1.95781309518   
46.0   1.57122880314   -14.0634231367   14.1509233011   -1.45953324603   148.304440091   4.61376758086   
47.0   -4.91704289682   8.39314857205   9.72739707228   2.10073905932   146.594329393   1.50855424093   
48.0   5.62682201895   -3.23210020054   6.48903673431   -0.521390413947   141.741319302   3.53216657561   
49.0   5.81658831532   -0.748398150538   5.86453744311   -0.127963119819   145.468439869   2.01922284697   
50.0   -4.73268053974   2.08253739117   5.17061186678   2.72705781764   152.458005417   3.50789141338   
51.0   -2.27191721574   4.64607414498   5.17180943151   2.02560300959   140.748102732   5.9645019489   
52.0   7.98550051309   -0.175180659985   7.98742178103   -0.0219338244468   148.345540259   3.32360607299   
53.0   -4.90533440546   -6.3515634411   8.02525163317   -2.22841951324   136.994983118   2.18078237536   
54.0   4.81443523359   0.654624986976   4.85873651189   0.135142513516   155.221852686   2.43717528862   
55.0   0.645577500315   2.35299682941   2.4399517184   1.30302154425   139.946667058   0.870070510309   
56.0   -3.03332450563   -1.0479973676   3.20926098019   -2.80893713981   157.041566974   5.0118871318   
57.0   -1.22786564176   -0.765273849676   1.44682345129   -2.5842488905   153.107443775   4.88781499991   
58.0   3.57275718678   3.85135418655   5.25333446355   0.822906536163   136.492035401   1.34038199314   
59.0   2.14965495043   -4.63260251889   5.1070561485   -1.13633855917   162.749108873   6.1732011946   
60.0   -0.103940133822   2.99859590603   3.00039680027   1.60544538868   157.088356733   5.10776521853   
61.0   -1.38888208166   -1.2522240695   1.87004239444   -2.40789110567   130.564667715   3.05745473837   
62.0   1.54709968607   6.17624760916   6.36706776847   1.32535480017   167.580691977   3.07676251446   
63.0   4.37611721925   5.69118871734   7.17913859269   0.915290628059   161.313581612   2.87431900871   
64.0   4.2972151399   -3.05447656794   5.27218029497   -0.617940051228   154.545811993   6.08109945786   
65.0   -1.37776979584   -2.33238195531   2.70892140819   -2.10435962655   173.353247459   0.86263690382   
66.0   -1.74034674834   -4.91552078094   5.21451352978   -1.91107579391   147.50927147   4.92064644608   
67.0   -9.67459340231   -6.07832526701   11.4255763772   -2.58064025834   143.836094431   3.154695961   
68.0   0.388912884193   4.43468417762   4.45170495279   1.48332213257   152.071839405   5.16169490332   
69.0   3.42930257416   -1.25514137444   3.65177984207   -0.350861285361   142.190427438   1.13345298331   
70.0   -2.6828767182   -6.11118199155   6.67415708678   -1.98447439602   131.949816104   3.88315586708   
71.0   4.78664906496   2.6834966544   5.48754622443   0.510961049744   161.674423709   6.17404421688   
72.0   4.26028247065   6.58248331747   7.84086049835   0.996381362313   140.150042981   4.81246120977   
73.0   -7.2525592881   -8.61025539309   11.2577135406   -2.27081271498   159.977219788   5.40647529061   
74.0   10.6813572841   0.713179632962   10.7051398225   0.0666696790372   150.657004178   4.91346865853   
75.0   -1.47643251746   1.94070486334   2.43848074531   2.2211554873   160.341389592   5.42943223098   
76.0   -6.97364034494   3.35048969434   7.73675906645   2.6937065197   136.104290404   0.732798987972   
77.0   -5.51252054341   -2.86962586288   6.21471120282   -2.66162863612   135.969023169   3.89019264213   
78.0   0.052181140524   -3.01443546853   3.01488707341   -1.55348763667   154.163249671   1.53781760694   
79.0   7.0358797911   -3.1978849787   7.72852332414   -0.426598963755   161.751049767   5.14517943569   
80.0   -2.78677480434   -3.61174045403   4.56188370274   -2.22797106667   156.509897639   5.88018443507   
81.0   -0.382144705423   -12.5309740814   12.5367996716   -1.6012828878   181.096847015   1.81628030479   
82.0   -4.67014888656   3.65172484832   5.92835432396   2.47796815275   143.349896023   5.69310225177   
83.0   -10.8785676426   -3.75506583231   11.508420976   -2.80921810522   172.579884945   5.98116787347   
84.0   2.71285161818   6.69333399866   7.22220769017   1.18572378813   132.646611349   1.59363925452   
85.0   -0.953455139513   7.66494713843   7.72402041284   1.69455224954   150.602574832   3.85046726721   
86.0   -10.7704964257   -0.685107434406   10.7922641485   -3.0780685949   135.147091599   1.19817173702   
87.0   1.99185054238   7.31463937799   7.5809905562   1.30493256423   153.47538264   4.42277531073   
88.0   -7.23494568792   2.89106645533   7.79119402635   2.76143327809   144.846693162   0.481154470436   
89.0   -0.895761547899   0.705675266391   1.14033606112   2.47433904576   156.410996933   3.89184884614   
90.0   -0.843041281264   2.38370995624   2.52839707273   1.91073486466   164.819544921   0.156933893246   
91.0   -0.903501364965   10.406134676   10.4452837976   1.65740305358   149.525735178   1.69037262346   
92.0   -12.0084119028   3.80789832632   12.5977000317   2.83452020438   156.443817619   3.76089744747   
93.0   -2.8377964194   5.86662226434   6.51692759744   2.02133447555   158.724181008   5.55399238344   
94.0   0.788700774426   17.1432946403   17.1614276806   1.52482237339   158.154235121   4.3362702047   
95.0   -5.18820759338   -10.2487296228   11.4871213501   -2.03941497716   134.262808078   3.54189960597   
96.0   -0.470214925116   4.58376690436   4.60782173151   1.67302139255   144.286226242   3.7502196802   
97.0   -4.7349371548   -10.4007444874   11.4278220038   -1.99800742782   139.32216088   3.08306717407   
98.0   -2.46003207091   -0.956208089825   2.63933546579   -2.770867702   150.26963636   3.67175378286   
99.0   -8.12401961753   1.07893044305   8.19535146573   3.00955784067   158.130942395   0.900035551779   
