0.0   -2.19051789497   4.74535612598   5.226545074   2.00326551772   46.7228139918   0.268850392227   
1.0   3.04053797771   -0.176358780273   3.04564830755   -0.0579375774469   68.1270758861   2.963291948   
2.0   -1.02762049395   -0.866244624492   1.34401771903   -2.44119895687   69.7692473452   1.04933576155   
3.0   1.49505396081   -5.92586835073   6.11155479857   -1.32366089445   80.2259910793   4.90923206412   
4.0   -1.20216385546   -6.90024912305   7.00418702602   -1.74328541588   56.2140087413   1.80634692616   
5.0   2.83144083572   -1.21976864033   3.0830006069   -0.406768237083   56.3446049092   4.5632307922   
6.0   -2.28825522986   -2.74357589229   3.57257899475   -2.26595219354   60.1035829712   4.69226834072   
7.0   -0.00466385179351   -0.32987626727   0.329909234823   -1.58493357019   72.7953303962   3.74787255079   
8.0   0.633789382582   -2.18355188848   2.27367276255   -1.28830263442   74.7187378712   2.9995786034   
9.0   5.64084830832   -2.99856825156   6.38831599067   -0.488592124905   69.7271979608   1.94067250082   
10.0   -1.23098730157   1.70810332827   2.10545641528   2.19526375953   57.9805441909   2.47903671257   
11.0   -0.320226608838   -3.18698299166   3.20303070078   -1.6709397562   65.4364689597   3.4026954046   
12.0   -3.79016149851   9.31404392853   10.0556819007   1.95726230836   52.2165070653   2.24235985603   
13.0   3.24624538509   0.684538848496   3.3176350817   0.207826211384   68.4147703555   5.15096867768   
14.0   -0.789159602362   -5.18557007992   5.24527501012   -1.72182130319   61.2866326778   2.10882369704   
15.0   -3.46668562766   3.02937060813   4.60380228968   2.42341314688   59.5431260775   5.58146772171   
16.0   6.909165935   4.17145298266   8.07078644891   0.543176964344   68.3666258044   3.23095745946   
17.0   1.00933282546   -3.44536203301   3.59016326802   -1.28581615894   72.0094984437   5.51737602642   
18.0   3.30868830526   4.13027702331   5.29212684944   0.895396311838   60.9728971803   2.51843111432   
19.0   -4.41388838597   -2.77780213484   5.21522726103   -2.57988410471   74.50393147   0.0679211455947   
20.0   -6.92140583964   -0.820938535889   6.96992100936   -3.023535561   54.0236907302   1.32926618965   
21.0   -5.19886914197   1.43231232421   5.39256515486   2.87275738764   57.1413271729   4.33060498989   
22.0   -2.60629283675   1.22873400099   2.88141451306   2.70104564641   66.0092553977   4.44899578941   
23.0   -1.0672007213   -0.543324983461   1.19754725051   -2.67068182926   68.1757389019   2.54104379905   
24.0   -3.33764279372   1.43300432723   3.63226662297   2.73604648326   65.7307085376   0.249955339446   
25.0   -4.37288158532   -0.489765299476   4.40022310886   -3.03005689091   58.6969888013   0.665169354567   
26.0   -0.502318402289   -5.27347770535   5.29734753307   -1.66576352373   78.0854283367   5.23308771153   
27.0   1.17088336189   -0.271395831343   1.20192493294   -0.227765175984   64.5714445117   5.14007302402   
28.0   -1.16952074401   -2.93644676418   3.16077496344   -1.94981692865   61.3002467086   5.10171327366   
29.0   2.43650598627   -0.731365753656   2.54390591154   -0.291612657019   66.6468203773   4.16578841812   
30.0   -2.3788927457   -0.446086716774   2.42035618338   -2.95622670305   61.1033148245   0.794766455283   
31.0   -3.05427217295   1.28470886971   3.31346576659   2.74343193061   59.2913538398   4.72132697677   
32.0   -5.37695471571   3.65817956422   6.50337756392   2.54418071626   79.3433508568   1.12792118649   
33.0   4.41143366551   6.22074220286   7.6261642088   0.953956390045   82.1606010854   5.75955693094   
34.0   -2.70094113628   -2.31177986238   3.55519467171   -2.43367381619   67.1422091474   4.92635655814   
35.0   4.77045480924   3.21260096089   5.75135149517   0.592675149494   64.4106638012   5.94701284371   
36.0   -3.88285700176   2.25354501337   4.4894368938   2.61572215922   64.8457841101   2.86541004911   
37.0   3.37493402584   -2.38719483697   4.13386972079   -0.61562904915   65.5162462694   2.03846046207   
38.0   -1.53025317782   -2.67471701489   3.08152330804   -2.09046184885   68.3987219839   1.34055177107   
39.0   -6.59632045792   1.12321774625   6.69126756968   2.97293091906   72.8928460347   6.2039669419   
40.0   1.46024603541   3.9005506991   4.16492667885   1.21257880343   62.4521995228   3.63535251152   
41.0   0.146489989066   -3.32419500841   3.32742118927   -1.52675701124   48.7434971012   5.45418674397   
42.0   7.77972178281   -5.63094415936   9.60372860631   -0.626519623065   61.9614790132   5.72503971025   
43.0   -1.98472268375   5.19154802512   5.55799379529   1.93595055752   64.5109201248   1.41026887192   
44.0   0.865080528955   -2.39612036613   2.54750017283   -1.22432582422   63.6372749846   4.38781869161   
45.0   -3.11336623867   7.76699751558   8.36775356611   1.95203139683   77.6443772599   2.29807208759   
46.0   -1.3139860865   -10.9257475287   11.0044772023   -1.69048657842   66.2179941305   1.56721769272   
47.0   -4.31567128127   2.65128013086   5.06500789143   2.59069728203   66.2631423292   1.54332357001   
48.0   7.89358169535   -2.32939318853   8.23010963524   -0.28695501845   63.0615398933   5.68972488625   
49.0   0.719407854928   2.60686007937   2.70430529622   1.30153114812   70.4175053084   4.38082935894   
50.0   -0.873913180142   0.417428753361   0.968489034816   2.69598053538   64.1048100187   2.96739380543   
51.0   -0.0101012241232   3.38144397359   3.38145906101   1.57378356957   62.7345857946   0.762386521211   
52.0   4.99886735217   1.23536065712   5.14925147548   0.242273889763   69.4804123412   3.99692683867   
53.0   -1.4788725928   -1.84507390565   2.36460606932   -2.24646636667   52.197803989   1.13679705415   
54.0   0.504503690252   -3.5695677554   3.6050434025   -1.43039160996   67.1358379527   1.25662706282   
55.0   1.22188358889   2.88381513385   3.13199444939   1.170024038   64.8413350527   1.78325857949   
56.0   1.44870133329   -3.30919304206   3.61240835768   -1.15815018208   82.8438213431   5.19111461457   
57.0   -1.18952365208   1.81955563252   2.17387884177   2.14979906094   65.941698105   2.38240292065   
58.0   1.65409979752   6.47830613641   6.68614212661   1.32080840354   54.5874923822   5.64544171168   
59.0   1.89064301159   0.37372930802   1.9272271773   0.195157179949   70.3727993674   4.25728520902   
60.0   -0.590342699319   -0.538967520279   0.799368807594   -2.40165567577   64.9824155561   1.28683601765   
61.0   -3.43878932636   -2.07407072787   4.01584877893   -2.59886766995   57.9636282787   3.2172134822   
62.0   -0.508751829716   4.72236865895   4.74969411386   1.67811475641   69.4842502249   5.30017408991   
63.0   5.70735710317   2.68457900967   6.30720933237   0.439665254893   78.591922547   5.4219496792   
64.0   2.96179336854   0.105640725062   2.96367675712   0.035652710233   62.845793414   2.47062782073   
65.0   2.10132860806   -2.62879220077   3.36543167423   -0.896451024895   84.6954633428   6.1865383357   
66.0   -0.906283631797   -1.37499376094   1.64680231476   -2.15355495788   59.6253971919   6.23017755066   
67.0   -6.01352232947   -1.76506645302   6.26720913889   -2.85609482785   72.5892540311   2.24365395399   
68.0   4.29061129939   0.350312918589   4.30488843797   0.0814656891598   72.8709691706   4.42092596962   
69.0   1.17356999799   0.483820271416   1.26938906377   0.391033595667   62.9748513792   1.70834791432   
70.0   -0.653621379829   -0.517176202188   0.833481932785   -2.47221150969   54.4157228764   0.211059203256   
71.0   2.43634297561   4.56752414316   5.17668271127   1.08078273593   64.1837744988   2.45313483326   
72.0   3.97589258153   6.02252102827   7.21654220218   0.98730434799   51.3766711955   2.79353898914   
73.0   -1.7039449421   0.106786570051   1.70728783081   3.0790043078   73.2744559084   2.54523153161   
74.0   2.2660486821   -2.69358413981   3.51999604373   -0.871388632727   66.603588629   2.56501731047   
75.0   0.0902198705829   -2.03735051704   2.03934713924   -1.52654229881   73.9744078995   4.40341713856   
76.0   -5.56309262117   1.97852656719   5.90445314053   2.79989129782   58.6730617873   0.191257552396   
77.0   -4.3922639703   0.304273443719   4.40279060521   3.07242829874   53.4135958497   4.81979743481   
78.0   4.44833714619   -1.9807359889   4.86939610464   -0.41891817263   67.4680763823   4.88761044738   
79.0   -1.48547908796   -1.6950004548   2.25381336018   -2.29041225326   73.5285370583   2.00868127343   
80.0   -3.01594346181   -1.82388117223   3.52455067991   -2.59769040651   72.9924935407   6.00288773321   
81.0   1.58128651163   -5.81321079386   6.02444078448   -1.30520640155   86.3954888456   5.6820288503   
82.0   -6.1844978571   4.63731266719   7.72998593257   2.49820132255   59.2669818503   0.388646504806   
83.0   -3.4790376975   -1.23148192637   3.69056242808   -2.80138369725   74.5392556871   2.51310229525   
84.0   0.532147691524   1.06891084885   1.19404839449   1.10887737477   56.6942390798   3.09140775098   
85.0   -3.04528760238   2.04403398056   3.66767657992   2.55044978856   69.6015465365   4.98159587263   
86.0   -0.111271539348   -2.55880183435   2.5612200575   -1.61425474496   61.1749291646   2.14660292343   
87.0   0.259701552539   1.11883392205   1.14857922736   1.34271723365   61.7104272519   2.46924502668   
88.0   -4.98332846772   -3.92061876229   6.34072662212   -2.47498520783   73.5933539967   2.60438482653   
89.0   1.75466152533   3.29177858205   3.73023367924   1.08106459399   89.6504563223   5.10268129377   
90.0   -1.91524958615   -1.74781258397   2.59288060001   -2.40187226689   72.0983226246   4.52369056263   
91.0   -2.73128952061   5.90985454139   6.51047795064   2.00371513689   66.7449498261   1.55124168083   
92.0   -4.08293745208   1.70886742032   4.42612766398   2.74520747124   69.186079412   5.0137985772   
93.0   2.56649334745   0.1965004061   2.57400476148   0.0764146880165   66.5955610083   3.18020370963   
94.0   -0.0319005593091   10.4847132677   10.4847617976   1.57383889554   65.6924343308   1.90688272555   
95.0   -2.53379134152   -3.58933148573   4.39356336893   -2.18548635009   59.4783525892   1.75224930388   
96.0   0.339019019996   1.14716762294   1.19621379822   1.28344822604   60.4035789815   4.87907228423   
97.0   -4.38305169089   -2.0657541639   4.84545997721   -2.70116342229   67.6371479022   1.49939244169   
98.0   -1.4575416191   0.504543062761   1.54239789729   2.8083425778   65.7536048113   5.54389040706   
99.0   -4.17866059546   -2.88815983567   5.07963301907   -2.53681829058   62.6715154647   3.29085448538   
