0.0   -0.475449437822   6.4661782409   6.48363425951   1.6441929075   108.49416194   0.440773512243   
1.0   5.34321505176   -1.08628217424   5.45251832197   -0.200567791694   153.841977489   1.7962766631   
2.0   2.13834514436   -2.75275379007   3.48570988253   -0.910361318038   152.605662544   5.39488429975   
3.0   -4.14194929909   -13.5540681176   14.172808703   -1.86737104916   166.65532907   5.96665609325   
4.0   2.66288175857   -4.67809357171   5.38288944024   -1.05331392072   121.528100675   0.706075676412   
5.0   2.57462304917   -0.754773300808   2.68297718606   -0.285168670344   125.592622377   5.78234285231   
6.0   -2.49542808117   -2.75661259084   3.71834294872   -2.30650532467   135.085456126   3.21055725888   
7.0   3.7133306464   -1.3246707372   3.94253434373   -0.342661153924   144.512711003   0.37216011378   
8.0   -2.8843651429   0.0343804449564   2.884570036   3.12967362976   144.853808436   2.98999150424   
9.0   5.86997937782   -6.77107424731   8.96125573559   -0.856561002295   140.56422885   1.49661782629   
10.0   -5.55533425594   -0.334386251878   5.56538883284   -3.08147326609   123.753084664   5.51501240428   
11.0   1.46112806743   -8.34990211746   8.47677772509   -1.39756283882   124.949191128   3.33627120874   
12.0   -6.53716609398   15.5603563035   16.877773219   1.96852354534   127.130990296   3.07627531875   
13.0   6.87773216689   0.433581621674   6.89138540368   0.0629580499677   143.607089328   5.92595007071   
14.0   1.49619465119   -10.8261502594   10.9290497241   -1.43346434323   124.80040104   0.0221412405039   
15.0   -9.2060314023   6.3457930287   11.1812389002   2.53807848745   137.75984242   4.28565792359   
16.0   10.9676343254   5.19170536241   12.1343647245   0.442114307891   145.139196805   1.74057580982   
17.0   2.97474277775   -1.83495666745   3.4951624519   -0.552713896252   128.83131105   2.32148473628   
18.0   5.98184346036   5.2975212589   7.99038063379   0.724802160752   145.836048483   1.87443508818   
19.0   -6.04312776298   1.60881244543   6.25361260747   2.88140562514   140.447271214   0.543555632668   
20.0   -6.4140615107   2.62093250532   6.92888679807   2.75367490311   131.992302777   5.08481807504   
21.0   0.11720606398   -1.90981469334   1.91340780398   -1.50950281457   136.325917821   3.75125631452   
22.0   0.967678932577   -0.240604128367   0.997142348484   -0.243698680927   135.523638599   2.16501140189   
23.0   -3.86730029994   -3.28505382366   5.07420833572   -2.43742164666   144.823423015   4.90857830264   
24.0   -3.37929075864   -6.5615228251   7.38059535646   -2.04638462841   135.257183699   1.82358777167   
25.0   -1.99555031948   -1.9780202543   2.80976604079   -2.36060612732   130.730647844   0.332177721059   
26.0   -3.67520100364   4.63616696476   5.91617668281   2.24108493455   149.101071359   3.83258189519   
27.0   0.127936750273   -1.42594648713   1.43167426331   -1.48131533134   151.091053089   5.88114091311   
28.0   -3.98443907322   -2.31580869401   4.60854908138   -2.61510150535   123.875150516   3.30304131527   
29.0   8.87731029629   -0.0743217433159   8.87762140543   -0.00837190595497   147.70890955   4.59893392211   
30.0   -2.17862454137   -3.2446751159   3.90823764631   -2.16210049284   128.010332697   1.87775221669   
31.0   -4.37392893556   -6.33608192487   7.69916803895   -2.17499657971   135.727616695   5.79028873656   
32.0   -8.45125340595   6.57435381453   10.7072784689   2.48046421001   165.463006993   4.47770897556   
33.0   6.50770341734   8.73882492474   10.8957452629   0.930703180647   154.608284576   3.59964009052   
34.0   -8.04611087705   0.0279265321861   8.04615934077   3.13812185627   144.537837455   5.24249468915   
35.0   4.73409273986   4.69343829226   6.66633310546   0.781085878934   142.999761783   4.11013372986   
36.0   -4.22078502905   4.66955154552   6.29442117257   2.3057592859   123.24975815   3.81305055413   
37.0   2.91905371616   1.88121718407   3.47272986157   0.572471730778   129.887087976   2.87236787052   
38.0   -1.94343323846   -4.26909609836   4.69064113415   -1.99799345135   151.676958019   5.10113349146   
39.0   -8.05739330653   0.00517550693054   8.05739496873   3.14095032349   128.595720073   3.42368545078   
40.0   1.88288602128   -0.503808045957   1.94912347385   -0.261447660981   142.993897567   1.18292013893   
41.0   0.730147423384   -0.310788970979   0.793539566976   -0.402423069045   120.864473894   4.06343583704   
42.0   13.9231633717   -1.32993819306   13.9865368792   -0.0952309008512   131.871243111   4.66005277684   
43.0   1.17659676203   4.89865089901   5.03797187078   1.33507366991   143.373934133   6.23164537567   
44.0   3.56144008898   -4.14843702529   5.46748436305   -0.861387268241   138.237441725   5.41427032024   
45.0   -4.93762859956   8.11435863964   9.49857843679   2.11744611711   142.227534933   3.12228328194   
46.0   2.24559553661   -13.5552571779   13.7400035106   -1.40662499718   137.419181232   1.34750288425   
47.0   -5.99706567721   7.66447958155   9.73185717079   2.23474354908   140.006814314   4.92634465243   
48.0   4.5719441278   -2.69258757112   5.30591188542   -0.532245309362   133.400615851   1.95757437946   
49.0   5.39727076223   -1.45594709189   5.59019799428   -0.263484558414   138.015194247   0.649167786112   
50.0   -5.16029010985   2.66163919847   5.80628256638   2.66539097204   142.181114446   4.0902831991   
51.0   -0.424408092299   2.76531135084   2.79768995707   1.72308374556   133.580256156   2.18919783248   
52.0   7.08157645547   -0.623339924593   7.1089575717   -0.0877964801622   134.544204107   3.6558115258   
53.0   -3.34409004862   -6.05067843924   6.91329500515   -2.07569492838   133.484555302   6.06759514603   
54.0   4.50792113342   0.799564209811   4.57828088596   0.17554307374   145.973004912   1.30220645966   
55.0   0.27458737612   1.60386346006   1.62719888939   1.40123650205   132.298716933   1.85986769444   
56.0   -4.56808882997   -0.974596675233   4.67089651329   -2.93139518876   149.056585883   4.69628748187   
57.0   -0.682404879089   -1.19628296277   1.37723249527   -2.08919514325   138.627771263   4.74944395198   
58.0   5.01750169232   3.94060814661   6.37994637889   0.665757914195   130.584361294   0.531481903691   
59.0   0.300882382754   -2.58616614158   2.60361009372   -1.45497401105   153.425128516   3.61039887906   
60.0   -2.14965565597   1.32013033378   2.52265010206   2.59086091356   146.745146906   2.23910508949   
61.0   -1.87322464179   -2.05724406163   2.78230546269   -2.30940995786   123.981386265   3.01514781611   
62.0   0.858547338171   6.81265322932   6.86653825117   1.44543472666   156.934614326   3.12570404983   
63.0   3.74731386994   5.12539763546   6.34917806975   0.939484103041   152.434651519   5.93365313692   
64.0   5.81682861261   -2.75920628681   6.43806760151   -0.442916967841   142.582971155   3.52427548974   
65.0   0.227332360685   -3.06978640544   3.07819242043   -1.49687647672   165.351523511   1.92482865551   
66.0   0.432692767218   -4.66956856226   4.68957285779   -1.47839791921   135.997430331   4.66117307333   
67.0   -10.3050243781   -6.87137819521   12.385853452   -2.55349855815   135.77373613   0.789113599642   
68.0   1.30349091306   1.91779843138   2.318844407   0.973837922152   146.16637683   6.22182260554   
69.0   5.49918576877   -1.73438256211   5.76620559737   -0.305514647972   136.509715417   5.40413311682   
70.0   -2.58102042004   -7.71938548591   8.13944584654   -1.89346671509   123.53696368   3.65967797375   
71.0   5.87501967205   4.94752789504   7.68074790754   0.699907101663   147.991377733   3.98490889949   
72.0   6.53549939132   6.15538952192   8.97783784998   0.755455716548   122.938760227   3.98099991832   
73.0   -5.88199512027   -7.3467548117   9.41130558734   -2.24591821301   148.718808007   5.77274051753   
74.0   8.39664166097   -0.368888566796   8.40474092149   -0.043904637818   143.860614887   5.92306993583   
75.0   -0.46319328782   2.04704641028   2.09879656654   1.79332300676   147.694700455   0.66778463531   
76.0   -4.55361395648   4.83984916107   6.64526447679   2.3257321721   127.508876677   0.694742719727   
77.0   -6.21709959608   -1.29335277166   6.35020383764   -2.93648652624   124.464838846   6.03209349554   
78.0   1.4358862937   -2.76985019439   3.11991018265   -1.09253845697   144.254079249   3.59001245302   
79.0   6.78004304867   -2.54764435694   7.24289137784   -0.359433623255   151.836856206   4.15871987805   
80.0   -5.34392730508   -2.22183011918   5.78740772026   -2.74756811997   148.640580961   3.06283977012   
81.0   0.0433570554469   -10.4309716113   10.4310617192   -1.56663978152   168.501776123   3.12108529584   
82.0   -5.09126249925   4.53316845979   6.81693260354   2.41411685122   132.719857038   0.604642030673   
83.0   -8.15606751127   -3.20391520203   8.76279121458   -2.76728603537   157.810994581   5.56448038219   
84.0   2.29797177665   7.04436096218   7.40970280455   1.25546646353   128.393758814   0.277902638348   
85.0   -2.21265933618   7.51380515978   7.83282384055   1.85718050327   139.122978123   5.9137641504   
86.0   -8.52872460243   -2.09938946638   8.78331255709   -2.90023593559   124.764396576   1.65991590157   
87.0   2.06095148974   7.78937926183   8.05741585918   1.31213857571   139.057185081   4.93173879898   
88.0   -9.87154683763   3.4225832036   10.4480387037   2.80785005701   141.362158279   1.52061320683   
89.0   -1.9176916807   -0.584307128654   2.00473344932   -2.84583598403   149.128231002   2.54406569168   
90.0   -1.67494209762   1.31954278402   2.1322814517   2.47432651211   159.754419647   2.24689855515   
91.0   -0.180202434577   12.5403576383   12.541652308   1.58516513811   140.601117565   2.42088814854   
92.0   -11.800810985   2.73870155592   12.1144387454   2.91355213424   145.774706971   3.82170128889   
93.0   -1.16396766483   3.70114737864   3.87985987417   1.87549160231   146.335077684   3.95418019661   
94.0   2.11969362866   15.5636277588   15.7073107212   1.43543383711   151.113215467   6.19851014744   
95.0   -5.52973477869   -10.7743536667   12.1105187196   -2.04497280425   120.247633093   2.93448896299   
96.0   -0.0958791414995   3.33204263933   3.3334218095   1.59956327325   133.815631552   0.525241032175   
97.0   -5.68991830705   -10.8064803928   12.2129107432   -2.0554406944   128.21395926   5.47040174767   
98.0   -1.87377663448   -1.04143273578   2.14373996069   -2.63431239841   140.256113871   2.5150039244   
99.0   -9.17635288494   -0.841388600662   9.21484601316   -3.05015736138   152.722306856   5.92016713624   
