0.0   -0.592706553754   2.7397274678   2.80310678653   1.78385080647   44.8346771326   3.69637284685   
1.0   3.96274487525   -0.687709774163   4.0219760914   -0.171832381565   58.2895820744   5.29378104671   
2.0   -1.74446635829   -1.06270390783   2.04267042641   -2.59444634624   64.993061899   4.99501774345   
3.0   -0.361000142961   -5.51904592399   5.53083981095   -1.63611316323   68.9659780308   2.00177654608   
4.0   -0.685345355354   -5.34171253668   5.38549822028   -1.69839989136   53.7274193974   3.74285373467   
5.0   0.84083346921   -1.72381088803   1.91794809644   -1.11697570457   47.5360521689   2.24585381636   
6.0   -1.54343105944   -0.465901043942   1.61221686444   -2.84842975111   50.8240930756   3.21311547497   
7.0   0.854410957046   0.30694521243   0.9078730346   0.344889475774   61.2739448356   4.6875752675   
8.0   1.0798066905   -1.13608082556   1.56737427919   -0.810788460262   64.1313547143   1.49801922257   
9.0   5.24668258791   -3.34999941788   6.22496379733   -0.568247330714   62.7296504892   0.164887733171   
10.0   -2.66895128559   0.983022252413   2.84422814022   2.78869318591   48.484445879   2.96253455894   
11.0   0.159601547854   -2.03463509894   2.04088525888   -1.49251428117   59.2770282165   3.504414056   
12.0   -3.82760358986   9.50832944665   10.2498233208   1.95350135928   46.4343952761   4.78123952726   
13.0   1.9930678209   1.81800922526   2.69767990723   0.739496275891   55.6929529482   4.05950099224   
14.0   -0.586298536724   -3.91043936246   3.95414744055   -1.71961940548   55.435639448   2.18641361888   
15.0   -2.51088727562   2.94095629503   3.86701161624   2.27747244975   49.476486506   3.29196806849   
16.0   7.84248499799   4.18652239936   8.88996854573   0.490340812081   58.3701799316   0.682409672364   
17.0   1.99963511079   -2.66392572474   3.33092192092   -0.926889128078   61.8096889455   0.989466978719   
18.0   4.85730346393   3.79172243282   6.1620253122   0.662813471065   51.5123022319   1.66042678965   
19.0   -5.07196781149   -2.01943643721   5.45921065766   -2.76267659777   66.4622549652   6.01983671888   
20.0   -5.39793560831   -1.89530144841   5.72100309489   -2.80392398926   49.2894650917   0.707730592036   
21.0   -4.43426334417   0.954150740195   4.53575738334   2.92964748029   46.1021416914   0.594854506942   
22.0   -0.904910075443   2.13995310781   2.32341592236   1.97085674719   56.9848833422   2.99850308599   
23.0   -0.852135894714   0.921977512496   1.25545932495   2.31684775416   58.03620448   4.36896350065   
24.0   -0.486147461995   0.742041556717   0.887110492948   2.15078241549   54.4510406348   0.45213135289   
25.0   -4.64608895855   -1.64203804582   4.92772072612   -2.80187101108   54.8665026331   2.32606135743   
26.0   1.04556833414   -4.16733473985   4.29649764055   -1.32497438558   63.9951151999   2.47340032597   
27.0   2.75231953015   -2.40784102251   3.65690595801   -0.718739744406   55.2653290859   5.32401231621   
28.0   -1.88316284237   -2.55847624935   3.17680704629   -2.20530857985   48.8326204907   5.94242473836   
29.0   2.40915106578   1.22744295606   2.70381675935   0.471212263694   58.2483299093   2.54944193549   
30.0   -0.866472077695   0.279769053807   0.910518854771   2.82927675086   55.5461177827   4.1651645121   
31.0   -2.11754741094   0.889862780855   2.29692464098   2.74376682549   49.6533729145   1.69576485807   
32.0   -3.72794959315   3.05929063162   4.82253743767   2.45439467203   70.7047789612   5.58546008201   
33.0   3.39146585531   4.00251635183   5.24615838442   0.867852390157   69.019147656   5.18198431147   
34.0   -2.74365266755   0.110344963731   2.74587071275   3.10139604706   59.1040047094   1.5656090369   
35.0   4.16761826988   0.95385441349   4.2753807182   0.224997546493   56.6435879655   4.62084775027   
36.0   -4.24599858098   3.09349885352   5.25340262177   2.51194968613   59.998029984   4.23830964196   
37.0   3.16104826355   -2.48070340192   4.01822292721   -0.665386600234   57.4502570678   3.92593526935   
38.0   -1.30629274677   -0.274370715792   1.33479587576   -2.93456435805   63.4080228355   2.84021203853   
39.0   -5.90634185182   1.87882320403   6.19797149901   2.83361173211   60.3458647231   0.89657085991   
40.0   0.216922651874   3.79555457626   3.80174827918   1.51370666325   51.5531096146   4.6214217554   
41.0   0.204110680155   -2.16930639421   2.17888765238   -1.47698222541   39.7998500067   4.17639829615   
42.0   5.30162002443   -4.08777570824   6.69455637995   -0.656833014712   55.4695237105   0.00463710751923   
43.0   -2.5549090621   2.97355476479   3.92040664406   2.28061323702   57.2657035325   4.22150241908   
44.0   0.414900551532   -4.29360674856   4.31360653966   -1.47446325603   54.7434182164   4.49114462341   
45.0   -2.51714670627   6.79409391139   7.24539437282   1.92560754299   71.489791835   5.94578361529   
46.0   -0.689373777964   -10.8464954877   10.8683807704   -1.63426823565   60.6393977659   0.627203529613   
47.0   -2.32221334311   1.29623221829   2.65949107437   2.63248461661   57.1486383082   4.28423042537   
48.0   5.35914165925   -2.81683971407   6.05433607415   -0.483928187751   50.0407521389   1.9715281074   
49.0   0.607346182731   2.24069045967   2.32154326294   1.30610317098   59.8397469441   2.90456548476   
50.0   -0.882239948032   -0.533000870257   1.03074596948   -2.59813091785   53.0912395655   4.37490054149   
51.0   -0.687319395421   3.99610180817   4.05477960099   1.74112720425   59.4221309409   0.531363290782   
52.0   3.97771074374   0.16245107882   3.98102664069   0.0408176613   61.1457368856   3.85812692866   
53.0   -1.21302441357   -2.70384963533   2.96348293034   -1.99250925265   47.637529999   1.34238203531   
54.0   2.35219501871   -1.85540724192   2.99589009135   -0.667873167989   55.0294463197   3.99387755479   
55.0   1.40448468111   2.4351108442   2.81111046439   1.04763723832   56.5076982606   4.24908068857   
56.0   2.52456180815   -5.54272516029   6.0905840874   -1.14340036056   67.450656448   2.27518537346   
57.0   -0.023208001157   0.71645654374   0.716832330734   1.60317775893   54.9933261596   0.615391577032   
58.0   2.33150361814   9.21319470221   9.50362382159   1.32293846181   46.9052525831   2.45364219549   
59.0   3.31015655429   -1.11139052949   3.49175103966   -0.323925459339   62.4877984741   5.31240672889   
60.0   -1.28240971715   -1.32863304746   1.84657533219   -2.33849332378   61.3292057191   4.7597190935   
61.0   -2.41488606671   -1.77549948885   2.9973443496   -2.50761079802   49.4809192376   0.906447055859   
62.0   -1.21225773784   2.49021908762   2.76961367835   2.02383447787   58.0604127832   2.19595062796   
63.0   8.04622312981   4.21259861374   9.08227359945   0.482309478723   68.9656949638   5.16447078041   
64.0   2.2335609917   -0.140097377694   2.23795039688   -0.0626417114354   52.3944713052   1.40746721543   
65.0   3.37980327468   -2.08563242256   3.97151517403   -0.552888769579   72.8719817074   4.97114123942   
66.0   0.0932165929124   -1.50949371562   1.51236920449   -1.50912109854   49.3275454951   3.6928704194   
67.0   -4.45752759569   -2.70969095084   5.21651007048   -2.59539113408   61.2439534623   1.68375181323   
68.0   4.04532952078   0.58248990603   4.08705094442   0.143007782432   58.728997379   5.74658365703   
69.0   -0.541634037659   2.03530519717   2.1061421311   1.83088764183   54.1578819989   0.0233302878429   
70.0   1.49041836608   0.635755716157   1.62034941805   0.403192861449   49.6171892461   5.39080007158   
71.0   1.51880180079   3.5143520476   3.82850221687   1.16286730808   57.6310992272   3.20912369106   
72.0   4.04298421045   5.20328685211   6.58937898374   0.91023432181   45.182622542   0.367607836387   
73.0   -0.364095060636   -0.677830106773   0.769427622865   -2.06371881458   59.0087666871   5.55802720837   
74.0   1.83035832945   -2.57805668518   3.16173811157   -0.953406402871   56.4287370972   0.470916277503   
75.0   -0.997430480947   -2.48750999738   2.6800323788   -1.95214334011   59.6495043532   1.88582635863   
76.0   -3.70735120898   -0.0270613204891   3.70744997293   -3.1342934153   52.6368346067   0.993677070161   
77.0   -2.81590908911   2.1853387851   3.56441434233   2.4816152808   47.2038369634   2.33451454224   
78.0   3.69728178172   0.255062103251   3.70606924516   0.0688772579258   55.9364431357   4.92875971149   
79.0   0.539257833607   -1.55482521581   1.64568540821   -1.23694960816   61.4089685892   5.58713630855   
80.0   -0.981743535652   -0.945028923059   1.36268119353   -2.37524716546   64.6454929742   1.00797591785   
81.0   0.257165975516   -3.33426924605   3.34417190708   -1.49382058479   73.2102899852   4.64170820777   
82.0   -3.85267917982   2.8196093212   4.77423644019   2.50980469104   50.9509160753   2.48256645629   
83.0   -3.13476925016   -1.70246927331   3.56723700899   -2.64406826672   64.7018417509   5.18299064947   
84.0   0.133807255576   2.0392533644   2.04363858494   1.50527444527   44.8891260756   0.0245402598799   
85.0   -4.59386667319   1.07460575341   4.7178796653   2.91180267116   61.2592350278   4.11963245629   
86.0   0.550755215618   -1.20005627194   1.32040386373   -1.1405318574   49.8938898568   1.76009628595   
87.0   1.68509365675   1.30182064527   2.12938432991   0.657778172137   49.1800190701   4.69160363276   
88.0   -5.11784360016   -3.15542456991   6.01240611836   -2.58909026947   66.2413930654   5.00867682977   
89.0   3.82206759   1.887186008   4.26258978689   0.458643562349   74.3154051609   4.96197879872   
90.0   -0.614000264903   0.0329962909975   0.614886233803   3.08790443279   65.3233713263   5.89973517755   
91.0   -0.307084108691   5.81739184621   5.82549127046   1.62353462661   58.572154952   4.41675729943   
92.0   -5.68941777598   1.58901629699   5.90715222605   2.86923938828   60.5648952073   2.68291567455   
93.0   2.1381167935   -0.685352428852   2.245273118   -0.31019290821   55.8644005714   5.85083197756   
94.0   -0.0404652425956   8.47129341251   8.47139005812   1.5755730395   56.4032908056   3.24375283898   
95.0   -1.95894497428   -3.72347297524   4.2073407765   -2.05511069609   49.8594946581   5.89549005676   
96.0   1.54507089817   2.90019852382   3.28609122788   1.0812959124   49.0263227245   5.78602227636   
97.0   -4.15982598381   -1.6483746271   4.47451574216   -2.76431415463   57.7194614661   3.14282564316   
98.0   -0.00871361055995   -0.13572255124   0.136001977648   -1.63490997581   57.6007506054   1.63548639027   
99.0   -3.99185352249   -2.05803075511   4.49114519181   -2.66557650278   53.2451295443   5.89930416872   
