0.0   3.84446496347   3.50645697434   5.20337884151   0.739448815147   216.445310948   4.87696699426   
1.0   0.676058708097   -0.94001019377   1.15787501104   -0.947297976507   252.294461594   6.1160743104   
2.0   -0.384300497905   -1.58332315744   1.62929404761   -1.80890937001   246.970324199   2.86157742878   
3.0   0.514230710309   -15.7811833699   15.7895592648   -1.53822279836   272.487231417   4.11411384946   
4.0   10.1929982277   -10.1535587121   14.3872154147   -0.783459778129   198.237327443   5.11838648537   
5.0   -0.674609844621   -4.10087403521   4.15599161394   -1.73383997272   217.151549917   0.927012818132   
6.0   -0.34023612363   0.471981454097   0.581830828364   2.19539051556   249.157981436   4.95714352239   
7.0   4.82753189731   -1.49465615754   5.05361862914   -0.300250581246   247.957998838   6.08819596543   
8.0   -3.06787242484   -3.07501736114   4.34368196193   -2.35503136773   237.678374369   6.23006504225   
9.0   5.2345458714   -12.236179553   13.3088151439   -1.16656278433   232.346855241   2.01892646269   
10.0   -1.85592969426   2.06581022311   2.77705723886   2.30272829798   210.061145469   1.58446604396   
11.0   3.47481039937   -7.77600719277   8.51707668003   -1.1505541393   227.809725783   1.44426300765   
12.0   -4.3474110222   15.6828169895   16.2742351993   1.84121465128   233.321677639   5.59529773533   
13.0   6.20288465749   3.03894963976   6.9073144555   0.455555351051   223.644159038   3.28220354996   
14.0   8.39448379815   -17.9953183539   19.8569595078   -1.13432119877   213.655763789   1.73761341932   
15.0   -6.61719714027   3.11588662602   7.31409922406   2.70151360119   219.400794054   0.735811126953   
16.0   8.71358165863   5.97551127454   10.565663269   0.601111522716   225.483817854   5.75875289428   
17.0   4.4388946676   -6.63384438322   7.98195948191   -0.981091279104   225.096735268   1.71567297293   
18.0   1.64105350577   9.07776831902   9.22490836066   1.39195068525   247.633564537   5.01702299117   
19.0   -3.98932127312   -2.89294869926   4.92786326888   -2.51417097203   240.448348972   3.33856730639   
20.0   -9.89700770488   -1.11111204593   9.95918327419   -3.02979331789   217.898584067   5.00304009427   
21.0   1.48677452805   -10.1056111382   10.2143954776   -1.42472060271   225.502903611   1.79669381085   
22.0   -1.41990878731   5.96245600468   6.12919428408   1.80458337782   229.427956244   5.26493011271   
23.0   -4.29155651267   -1.92655548854   4.70415490305   -2.71963917043   233.746840252   0.0646030988933   
24.0   -2.45499600926   -9.49192138503   9.8042632046   -1.823890618   225.223304138   4.33214264704   
25.0   -0.248813561186   -7.24182740217   7.24610048999   -1.60514065893   214.452142169   3.24226534974   
26.0   -5.04249619905   -3.84759377509   6.34277114324   -2.48980212341   249.812398953   4.44873413791   
27.0   1.66974479561   0.769935886633   1.83870850109   0.432054431277   238.298422477   1.74756034009   
28.0   -0.551524141925   -4.18216595179   4.21837538958   -1.70191496269   225.833938979   3.60768898199   
29.0   17.2796957917   -2.53239369673   17.464275092   -0.145517243897   258.635405316   0.954066788614   
30.0   -1.90175399156   -5.13633203278   5.47709548897   -1.92540075682   212.062757643   3.03611218642   
31.0   -0.878056880609   -7.173430096   7.22696915918   -1.69259449556   222.894102451   2.74638943569   
32.0   -12.1482917613   7.86369689331   14.4713068362   2.56711159816   268.678497789   2.15957463996   
33.0   4.44266279396   6.04240537974   7.49986103031   0.936803936501   266.322470473   6.16503572098   
34.0   -6.30075884676   2.10488715545   6.64304990063   2.81918029555   227.011591804   2.43538263297   
35.0   5.86385628261   8.00312882248   9.92143545321   0.938462409554   239.514749504   1.74200931803   
36.0   -3.56074567271   2.30986159331   4.2443339084   2.5661306986   226.189372868   5.43553555145   
37.0   8.44571981193   3.64513938164   9.19876210439   0.407444276204   234.981041838   2.84130560214   
38.0   -5.18383223231   -0.542563721688   5.2121485018   -3.03730775106   236.872974333   3.02593702703   
39.0   -11.9912639472   -0.43188835943   11.9990390701   -3.10559129832   217.924330244   2.02811029782   
40.0   6.33086656537   -1.02257605608   6.41291924625   -0.160139199381   241.586573818   2.22376938844   
41.0   0.292250847377   3.95573195524   3.96651306055   1.49704996232   227.685422414   2.076075723   
42.0   15.5037744907   -9.76635895819   18.3234492048   -0.562139692568   232.865352041   2.82531006591   
43.0   0.975941937538   8.39936261364   8.4558710362   1.45512264263   234.948229274   5.33860996511   
44.0   -2.668989998   -7.29269320796   7.76575056481   -1.92163692349   209.206850284   2.64302646573   
45.0   -9.19397812031   14.020753918   16.7663584033   2.15119656535   208.076717489   3.64501787224   
46.0   1.06056972909   -14.1230127528   14.1627785892   -1.49584186424   238.194938464   2.84947457201   
47.0   -6.62590405252   7.1372228953   9.73871424627   2.31906021143   242.833941697   3.36258470745   
48.0   0.530811566236   1.12549769823   1.24438980532   1.13010622153   213.795982605   1.5083503842   
49.0   6.54932446043   2.23398377935   6.91985075087   0.328725451634   238.621485274   2.18384536566   
50.0   -3.64723691959   -0.202272239243   3.65284152495   -3.08619037263   249.857829712   1.82927179003   
51.0   2.75818515796   1.20612005992   3.01036724745   0.412232118053   219.509692034   0.167108872458   
52.0   7.12083131049   -2.30652971733   7.48507300495   -0.313248416225   237.395945027   2.00941784358   
53.0   -0.374389518588   -6.85157165492   6.86179288918   -1.625384906   232.228799067   5.33195471309   
54.0   8.3772015874   -1.26019118795   8.47145726933   -0.149311480713   244.745462778   0.755602102547   
55.0   -0.0413533912709   1.90952657771   1.90997430714   1.5924493002   212.496388685   1.21852990566   
56.0   -1.12265358428   1.97086505549   2.26818432611   2.08858160733   229.743204392   3.36234902238   
57.0   0.760112227498   -0.986015349422   1.24498870183   -0.91405730373   228.811323157   5.26388222496   
58.0   11.3400967208   8.6889763123   14.2862207386   0.653799536955   208.420073842   1.73009957418   
59.0   1.29568109314   -0.961021526337   1.6131806685   -0.63817531014   266.752028633   4.89491324708   
60.0   -1.89416260516   -1.48444153331   2.40653664851   -2.47687454221   253.859911823   4.21617949594   
61.0   -0.819768086053   -6.44792929825   6.49983168629   -1.69725453684   209.303416474   0.292516189778   
62.0   1.1345325286   4.15592392743   4.30800043513   1.30429822029   229.117385484   0.527562467436   
63.0   2.60263020727   9.80229540612   10.1419268004   1.31127195278   227.499196453   3.16335685581   
64.0   3.85416557877   0.0708397174082   3.85481654222   0.0183779706435   221.99781519   4.49619766254   
65.0   1.00270734883   -5.4222971497   5.51422962951   -1.38793903255   270.176109728   0.840906325577   
66.0   0.525657655227   -10.1768937393   10.1904603503   -1.51919011553   219.007467997   0.21066651744   
67.0   -10.3019037667   -0.389880350156   10.3092787287   -3.10376524037   237.756099431   3.89385535207   
68.0   -1.83999799172   4.71200750436   5.05851829399   1.94307877865   219.619149058   3.96474896172   
69.0   0.93853677175   1.86140187921   2.08462663992   1.10378667953   234.473147134   6.09924935002   
70.0   -6.20238231807   -7.32898209062   9.60122517724   -2.2731276737   218.493443531   0.237847085071   
71.0   8.03074496267   2.56140300851   8.42933271543   0.308749837025   232.897321733   3.85819763717   
72.0   2.74915340136   5.52339015189   6.16973931331   1.10896688553   217.91967727   6.1596227645   
73.0   -3.15934689549   -9.02005839063   9.55734932795   -1.90770090105   240.83166747   1.19333683763   
74.0   17.4898562131   -5.07509920161   18.2113069894   -0.282417793162   237.283528824   4.5888079054   
75.0   -2.23815538238   0.681349888271   2.33956773484   2.8460814171   241.405576247   3.19541561832   
76.0   -6.12751927242   8.76978714456   10.6983951598   2.1806545615   216.848523473   1.49677295027   
77.0   -2.89182549975   -3.1334006847   4.26390133233   -2.31612199231   230.657000583   3.07587599945   
78.0   -5.0667255308   -0.753006190956   5.12237502806   -2.99405465034   255.375783047   3.89910711649   
79.0   8.81687063885   -0.767232325279   8.85018945013   -0.0868000166818   249.976556718   4.50910738386   
80.0   -7.14190399984   0.272691768465   7.14710805455   3.10342924944   233.740010903   4.48819261085   
81.0   3.44341111023   -3.30602711977   4.77356212809   -0.765046096039   269.012918332   4.09043111798   
82.0   -0.817586717958   4.80586619515   4.87491517127   1.73930569162   221.151255717   2.74715711203   
83.0   -13.3247732263   -1.49210573974   13.4080558274   -3.03007739716   264.57539735   4.56779491772   
84.0   -5.02269511323   2.48324986241   5.60303454207   2.68243036871   215.101844205   4.55328097154   
85.0   -1.79650868276   5.60857680603   5.88927646119   1.88078456548   228.466924656   0.0335218052669   
86.0   -12.8628018723   3.22030738524   13.259790785   2.89627692887   229.39903815   6.02778708714   
87.0   -0.137957146664   11.3954277278   11.3962627766   1.58290209506   247.527206165   0.626677446091   
88.0   -7.23336217202   7.12473507517   10.1529984834   2.36375990938   218.104652775   1.9578743886   
89.0   -0.0945702922306   7.61601783453   7.61660496521   1.58321297736   216.475512085   1.166607972   
90.0   -4.68785284229   1.46103886177   4.9102544564   2.83946883213   243.493970087   3.75418542508   
91.0   4.21779855679   7.21733682842   8.35941239326   1.04192774444   237.212097499   4.38080372383   
92.0   -14.2948014653   5.69965824198   15.3891992322   2.76218809887   252.571606999   1.0069724788   
93.0   2.8115477524   1.78992366629   3.33296077012   0.566920812891   232.346361765   5.97791318913   
94.0   -2.8801944261   19.4015915086   19.6142109961   1.71817145884   236.142357541   0.729046032478   
95.0   -0.182728230574   -13.5424119185   13.5436446415   -1.58428854248   212.236129741   2.45554375996   
96.0   -2.66071367479   7.3637446565   7.82969556403   1.91752543075   235.775774105   5.5793254365   
97.0   1.69929690736   -9.70355298627   9.85122076378   -1.39743315779   213.085777552   2.59396836608   
98.0   3.65644338965   0.569078046284   3.70046322566   0.154398339639   241.13002571   2.81542672325   
99.0   -16.2653693836   1.89509969271   16.3753975228   3.02560428791   249.701487307   0.140701441677   
