0.0   -0.46234244188   7.37922002315   7.39368978817   1.63336918275   123.524925899   1.49476779151   
1.0   1.55648856598   -1.17249241305   1.94869061544   -0.645605493066   160.317684142   0.598358772867   
2.0   2.82393352695   -4.03667845433   4.92639558991   -0.960359945967   166.934267515   3.23595910507   
3.0   -6.1147012098   -15.1572838356   16.3441984863   -1.95424464805   186.317103202   6.22220637004   
4.0   3.65075176661   -4.36452339213   5.69008373416   -0.874215298813   126.848508978   0.800733309758   
5.0   -0.782572448453   -2.08424708181   2.22632107638   -1.92997907087   135.537173179   5.77376817762   
6.0   -1.36785533265   -1.30295661035   1.88910670411   -2.38048895756   151.338857129   4.42607750145   
7.0   3.17174560634   -1.20783842855   3.39394223003   -0.363856261753   156.310642345   2.75246773589   
8.0   -3.10408875676   0.268142302148   3.11564877739   3.0554229841   156.061516647   5.08633587473   
9.0   7.47324804335   -7.88837473251   10.8662731531   -0.81241521017   144.300845727   0.0424528010732   
10.0   -7.11166962076   -0.190933348227   7.11423223815   -3.11475120809   133.085145546   3.11515305144   
11.0   1.0000617944   -12.0767498597   12.1180861017   -1.48817598147   143.036947968   0.829763145809   
12.0   -7.82945568737   14.382990873   16.3759214341   2.06929538072   142.802940482   1.20573761389   
13.0   6.73041473632   0.780044419975   6.7754669079   0.115383627568   157.23094388   3.8448993515   
14.0   1.40137666697   -11.0610874536   11.1495072635   -1.44477345355   133.079772021   3.1166873548   
15.0   -6.73556678777   3.79154188739   7.72940164802   2.62888908952   155.517886608   5.59720505026   
16.0   9.09626187868   6.11459639254   10.960395486   0.591830346958   153.678983566   0.314551434339   
17.0   6.02060146651   -1.9007527618   6.3135174887   -0.305804891875   143.64429215   4.78087985907   
18.0   7.05774836609   6.39845384947   9.52638565579   0.736441726485   154.855582072   2.78284903486   
19.0   -5.09819954828   3.38129748196   6.11758214457   2.55597052294   155.941651947   3.26996662218   
20.0   -5.34650926429   4.0571852058   6.71162522101   2.49245314794   144.493297329   3.59790576962   
21.0   -0.0241613380025   -5.32327767286   5.32333250442   -1.57533510414   149.054879557   5.19992978957   
22.0   0.474409432608   0.0168264410795   0.474707740475   0.0354533223861   152.208653241   4.52944520916   
23.0   -4.92608176187   -5.27819465916   7.21980750329   -2.32170177068   159.484726848   4.76152132838   
24.0   -3.62490291971   -8.03171345304   8.81182967204   -1.99475052715   150.342177121   2.3002700406   
25.0   -1.00307195847   -4.08604297027   4.20736265477   -1.81152332363   143.883911512   1.87560132858   
26.0   -4.60915911899   2.91544236383   5.45381994211   2.57759512637   162.989282588   2.41420974327   
27.0   2.25920741307   -0.231735712631   2.27106133246   -0.102216412389   163.937444325   5.09079384638   
28.0   -5.88207017625   -3.49936094881   6.84428788176   -2.6049168504   137.77015851   2.35651689125   
29.0   8.7796018709   -0.283271929535   8.78417053555   -0.0322535916973   162.578649685   1.68969475359   
30.0   -1.8290634983   -4.27471690525   4.64958900343   -1.9751033601   138.367023472   0.242148003307   
31.0   -4.67853440103   -4.87853148505   6.75934564823   -2.33527092436   145.222401799   2.48938330302   
32.0   -7.30983732629   5.94928999944   9.42484871147   2.45844873778   178.927847674   3.56772485652   
33.0   6.47674254071   8.92700958332   11.0290386725   0.943146013616   168.841364263   5.20355298294   
34.0   -6.09944704434   1.90900019466   6.3912077098   2.8382712576   151.922079734   0.55909203698   
35.0   3.0272677442   4.48195422193   5.40853618298   0.976748033747   154.063596639   5.44455122378   
36.0   -3.60577857775   3.09847175983   4.75417357679   2.43171999251   135.743484562   3.81563460173   
37.0   3.5258047919   1.05213185591   3.67944029341   0.289996516217   145.193215451   1.96761157132   
38.0   -1.89547060509   -2.78217011668   3.36649363179   -2.16885602228   157.821721011   0.650401754088   
39.0   -6.1057917728   0.647793185642   6.14005937953   3.03589318861   139.114179548   1.66755741276   
40.0   2.73343257204   1.12328563134   2.95523674779   0.389904461064   157.482210794   3.60118921897   
41.0   2.27705623473   0.875991150083   2.43974293547   0.367250456778   138.932578984   2.95226988563   
42.0   12.004209589   -1.97241260006   12.1651740358   -0.16285490667   147.791527665   3.4271454126   
43.0   1.87675713032   6.01808312378   6.30393066355   1.26850102679   151.224852855   2.20656712524   
44.0   0.227108689962   -5.52740218406   5.5320659126   -1.52973164403   142.348075796   0.294124061859   
45.0   -6.13099591703   7.24315635542   9.48959561434   2.27322792826   156.572492684   1.36736600305   
46.0   0.58385060989   -13.905042887   13.917294968   -1.52883256858   153.778990045   5.47454995416   
47.0   -5.19223878505   9.35453674709   10.6989112228   2.07750868606   152.646037151   6.05170775824   
48.0   4.87575208376   -2.57187754684   5.51248696128   -0.485391703035   146.933739548   5.19242024602   
49.0   5.79816501056   -1.74822842706   6.05599043286   -0.292845285238   149.207226698   3.73878682968   
50.0   -4.33571488089   1.16470392823   4.48942744332   2.87915799121   155.917044844   3.45903942612   
51.0   -2.01119938209   5.61148919107   5.96101785738   1.91494133344   145.820292714   5.07218998244   
52.0   7.07450136936   0.237227584509   7.07847770018   0.0335202038296   153.51294402   5.16740376197   
53.0   -4.40633951245   -5.48495851568   7.03566612467   -2.24757640476   139.278434518   2.28345140036   
54.0   5.79440306513   0.455469145631   5.8122765784   0.0784437199985   156.879136249   1.65728356254   
55.0   -0.0677006578978   1.65211576317   1.65350230541   1.61175156917   142.148301395   2.20163433662   
56.0   -3.07514823432   -2.04712237265   3.69421800543   -2.55426043724   161.750185728   4.70861875454   
57.0   -0.266571957405   -1.0407996242   1.07439493028   -1.82152876981   156.800496075   3.69305230025   
58.0   2.66227373959   3.43780867224   4.34812947501   0.91185491056   141.798014147   5.30597874556   
59.0   1.26994617888   -5.10811537598   5.26361149702   -1.32712307848   166.999957565   4.25084869239   
60.0   -0.142022661463   1.99932130859   2.004359282   1.64171264116   161.753929921   4.66557318858   
61.0   -2.12751411779   -1.92633289988   2.87003044628   -2.40578104344   135.828241628   5.26357391308   
62.0   2.11756586724   5.35492651717   5.75841325422   1.19422493826   168.68228031   1.10158833304   
63.0   5.15124085268   6.32299830328   8.15570903513   0.887166085   164.04670356   2.73312194861   
64.0   4.86237374918   -2.22949429761   5.34914229571   -0.429916306039   158.049803508   3.50399151445   
65.0   -0.932824647032   -3.22793977842   3.36002336826   -1.85211679687   174.819505286   1.46625782719   
66.0   -2.04383415934   -5.86835622914   6.21408584613   -1.90593849498   148.917300479   1.40802900904   
67.0   -10.363555638   -5.35352802793   11.6646280613   -2.66477510064   146.844114669   3.00802023802   
68.0   0.162479429905   3.46065754001   3.46446968155   1.52388032925   155.280421889   3.20858248349   
69.0   2.44258319851   -1.41757558798   2.82413406716   -0.525852520271   147.81801185   5.62758441169   
70.0   -3.35379730389   -5.36965278262   6.33096575267   -2.1290961843   134.253137338   2.30332123411   
71.0   5.09600883527   1.73255158106   5.38247536271   0.327722425566   162.106541362   0.432117652997   
72.0   3.28056242809   6.38211206653   7.17589327362   1.09599211177   141.573406253   1.42336327287   
73.0   -6.49478273851   -9.26276953156   11.3128732962   -2.18230757411   162.651920486   2.67470069804   
74.0   11.6591546247   0.503626869362   11.670026846   0.043168994669   156.868515134   6.2115109558   
75.0   -1.97611896727   2.80691121975   3.43275352572   2.18421454955   165.45685107   5.11546147819   
76.0   -6.363571079   2.55814160747   6.85850751704   2.75936521789   137.315428438   1.2111380335   
77.0   -4.51540875138   -2.9455737015   5.39122626338   -2.56357544985   138.154055717   2.1850325485   
78.0   -0.412589051245   -2.12900412233   2.16861436823   -1.76221789387   159.133804056   4.97055438535   
79.0   6.73153129063   -2.2453242246   7.09612530824   -0.321948477717   165.242868723   3.4918189555   
80.0   -2.64536132246   -2.62178983549   3.72447559636   -2.36066964743   158.508539906   1.99864226692   
81.0   0.202505796028   -11.7196888103   11.7214382397   -1.55351893581   183.15872104   2.06187402564   
82.0   -3.67929534641   3.51678314989   5.089693308   2.37877409064   144.377907443   1.02801141977   
83.0   -11.417936599   -2.91299628118   11.7836676596   -2.8917967021   178.069672461   5.48978751605   
84.0   1.71793172098   6.59266425071   6.81281963071   1.31588290138   135.18932467   2.54271332112   
85.0   -1.90228171229   7.3491495216   7.59135524157   1.82408108108   154.259337197   3.65676236587   
86.0   -11.7703706985   -0.700964248336   11.7912245868   -3.08210962228   141.38752689   6.24043529081   
87.0   1.08545726802   7.73707426314   7.81284427299   1.43141304089   153.501910037   0.0265273966062   
88.0   -6.37179491631   3.39601273511   7.22029590477   2.65191369546   145.042581792   0.195888629684   
89.0   -1.02021953038   1.69790014544   1.9808363875   2.11185626971   158.775210554   2.36421362093   
90.0   -0.0483400420088   1.77670918167   1.77736666895   1.59799724398   168.993722196   4.17417727527   
91.0   -1.83025575145   10.7818024909   10.9360459522   1.73894753281   153.552922761   4.02718758343   
92.0   -11.7343735317   2.84617956743   12.074612222   2.90363736754   162.069611313   5.62579369418   
93.0   -1.96803006521   5.37315849756   5.7222351033   1.92189196068   162.846750301   4.12256929369   
94.0   1.59319549083   16.5493348342   16.6258460034   1.47482262844   162.726845934   4.57261081316   
95.0   -6.17570122329   -10.0910707159   11.8308492423   -2.11999020912   134.930164645   0.667356567468   
96.0   -0.0450976986678   5.48890520528   5.489090467   1.57901229742   145.644966998   1.35874075561   
97.0   -4.37769115076   -9.46673415949   10.4299202038   -2.00393789514   139.435555431   0.113394551834   
98.0   -1.48872128908   -1.19402180913   1.90839701248   -2.46560586332   150.556333   0.286696639756   
99.0   -7.49843564052   0.298773607725   7.50438556603   3.10176892758   162.467901506   4.33695911176   
