0.0   -3.73611970541   6.4441053058   7.44883102543   2.09621041153   57.9165377764   5.23411549142   
1.0   3.29617116294   -2.80134071571   4.32576630678   -0.704422767673   74.6260014193   0.897326821671   
2.0   -0.47517440731   -1.36127600836   1.4418263031   -1.90663833255   81.3696882222   3.7374015327   
3.0   -1.15887351067   -4.74650847934   4.88593190274   -1.81026425162   90.9880861353   0.62066502804   
4.0   0.382243125081   -6.79300505943   6.80375099075   -1.51458549652   63.3572996273   2.1751090972   
5.0   3.22495408728   0.0447397522314   3.22526440939   0.0138720989975   64.1243666153   1.50277204578   
6.0   -2.63059006908   -2.06118946244   3.34193149415   -2.476965205   71.12147153   4.68742516734   
7.0   -0.816625862286   -2.01049921943   2.17001956449   -1.95661946139   85.2099499723   5.86978285632   
8.0   -0.0852059027109   -1.84692015763   1.84888455955   -1.61689768645   88.1571907788   3.96780556267   
9.0   4.69046418478   -3.856082755   6.07205306977   -0.688078672198   79.3798728777   5.32592153277   
10.0   -0.936343440382   3.87800952049   3.98944819234   1.80771140725   64.829497564   0.176123212272   
11.0   -0.56568009111   -3.44271633416   3.4888808697   -1.73365324318   73.1942992574   1.83027595325   
12.0   -5.51273375173   8.74953861766   10.3414050999   2.13302597681   64.8927764013   4.64073363048   
13.0   2.24157957586   0.428950893462   2.28225280456   0.189075190987   79.8357607644   3.09950579114   
14.0   0.811152719135   -5.92849865166   5.98373336609   -1.43481803574   68.4332997188   0.596336502248   
15.0   -2.26929599443   3.3454483552   4.0424904462   2.1668256381   65.1559430926   2.2680574165   
16.0   7.94895872035   2.96244739163   8.4830442228   0.356738401601   74.1823509321   0.347546050778   
17.0   1.77925607642   -4.32964781778   4.68098306037   -1.18088858882   79.6511053575   3.32416709811   
18.0   2.01319706041   3.78196758175   4.28441841951   1.0816323645   71.5880357643   3.5376431555   
19.0   -6.56630537134   -2.88392926533   7.17170929676   -2.72775520344   90.1460655942   5.20801714111   
20.0   -7.80269177339   -1.51759710954   7.9489055786   -2.94949437041   69.0773569172   2.85236664981   
21.0   -3.57108712516   2.38098733628   4.2920582418   2.55353914558   68.6309341897   4.06611305502   
22.0   -2.26419434889   0.979486227549   2.4669757436   2.73330396954   71.0715206501   2.16807713518   
23.0   -1.66152469655   -2.10536339423   2.68201777381   -2.23890889975   84.399368706   4.16856881131   
24.0   -3.67950540606   -0.0178507401287   3.67954870631   -3.13674129502   74.1136980308   2.35228613696   
25.0   -4.21201814247   1.02755716703   4.33554732001   2.90230824436   70.9892528486   6.07239994325   
26.0   -0.999089866771   -4.74818887257   4.852162212   -1.77818589986   83.5175873096   2.57792376158   
27.0   1.92424430754   0.6328761615   2.02564764728   0.317751608135   77.1035058646   2.91135917786   
28.0   -0.890678822515   -3.91598798378   4.01600182445   -1.7944384172   66.9078190695   3.16481955963   
29.0   2.61988713595   -0.746327532356   2.72411699284   -0.277519019249   75.0807006955   2.04684870741   
30.0   -2.9737630617   -0.580425323552   3.02987793539   -2.94883395145   70.3121132333   4.27258854726   
31.0   -1.66727125182   1.79757663157   2.45174941083   2.31860438413   70.3770759433   2.594297751   
32.0   -5.41648766198   3.93889484761   6.69725549855   2.51284091498   88.6553651279   4.53026480058   
33.0   7.18362505143   6.06312207502   9.40031479133   0.701012012348   93.643404741   5.38236252522   
34.0   -3.77046600826   -2.0140132793   4.27465360102   -2.65099583793   77.5702762578   3.30822288725   
35.0   5.59684488016   3.79046902228   6.75961004951   0.595294495956   75.6496581724   3.16543550416   
36.0   -3.31581064847   1.82036638514   3.7826358578   2.63952068692   70.5158036752   1.95561388188   
37.0   4.36380677949   -1.22492460543   4.5324662048   -0.273658553527   81.7401462198   5.74887731794   
38.0   -1.47773389704   -1.60018602582   2.17813975394   -2.31643140714   76.4952730797   3.32069204829   
39.0   -6.88102545228   2.75074185157   7.41047178046   2.76129530567   83.3488278231   1.04192908366   
40.0   0.893513678617   3.45960189241   3.5731235562   1.31804878427   72.5795177459   5.14669070265   
41.0   0.529506735144   -2.56400499153   2.61810981037   -1.36714379883   54.8682193786   2.88052549134   
42.0   8.00298733728   -5.4450188123   9.67967128507   -0.597431871225   67.0104041109   2.34007663658   
43.0   -2.37704832479   7.34950594959   7.72435087508   1.88360726617   76.3540907698   5.63887995257   
44.0   0.909162981276   -3.45036170762   3.56813301881   -1.31315467672   71.5144615258   3.22583873568   
45.0   -2.11652387258   6.4610950666   6.79892805984   1.88735974449   91.7219007066   4.35410425313   
46.0   -3.58794518682   -10.672986352   11.2599284338   -1.89509832489   72.775813628   0.359216840045   
47.0   -3.34473027262   2.79390319437   4.3581091836   2.44568603893   72.3906199223   2.99895677778   
48.0   7.0810147283   -2.39554209249   7.47525193551   -0.326218285472   71.8187617965   2.76816356788   
49.0   1.28907784077   2.04348412097   2.41610203266   1.00802026979   78.6857490788   2.91779208694   
50.0   -2.39768717163   2.04924774024   3.15409576168   2.43438969031   76.6259953344   4.8512237903   
51.0   1.45568735225   4.9689709322   5.17780820353   1.28581484286   69.6551173171   4.86184019034   
52.0   4.22892801971   0.879007880904   4.31931557664   0.204937826924   78.9738301079   4.63349751129   
53.0   -4.05233730133   -2.3252440069   4.67206563475   -2.62065828521   60.6182759045   1.10103888009   
54.0   -0.719827659332   -2.78762315997   2.87906143407   -1.82349893095   78.1403388103   5.4775739803   
55.0   -0.371133131978   4.35685928269   4.37263794646   1.65577482105   72.1153361113   0.253703181856   
56.0   -0.185625272492   -3.38994044249   3.39501884317   -1.62549937607   86.5366351923   2.12131938692   
57.0   -1.45092073408   0.660881476021   1.59434478766   2.71418172279   75.385552157   2.9422147164   
58.0   2.74416654125   6.08829956909   6.67816154709   1.14733723488   58.506988756   2.51979486236   
59.0   -0.26064049254   1.86850400262   1.88659499474   1.70939354339   78.5666159632   1.25376256466   
60.0   -1.40866936436   1.54033131769   2.08733560942   2.31157782449   76.6399529874   4.52840335818   
61.0   -2.82875612973   -3.871889976   4.79514267022   -2.20175752555   72.7745882983   4.55275449103   
62.0   -2.21819818294   5.34020362711   5.78257537416   1.96448812321   83.4830983443   5.41295178712   
63.0   7.51579099479   2.06897347842   7.79536821014   0.268629787703   86.6162697654   4.09229181611   
64.0   3.78518654127   -2.25622602494   4.40660788224   -0.537522811483   74.1696240226   5.57269579034   
65.0   3.4899715039   -2.79700504669   4.47248681711   -0.675618773033   96.0032188277   2.61455721368   
66.0   -0.486986159109   0.67151153456   0.829507842163   2.19824145033   70.2605856722   0.54766692542   
67.0   -6.6378968907   -3.02798955163   7.29591638222   -2.71362209305   78.8031562127   3.63501074242   
68.0   3.90769963645   0.961934936895   4.0243552616   0.241365055523   85.4466307129   3.42148395863   
69.0   0.585375881933   -0.320212423247   0.667233781482   -0.500552566865   76.2694201345   3.1779575874   
70.0   0.44436228727   -1.64323501449   1.7022570767   -1.30669382292   61.8744197556   0.838464264228   
71.0   3.58390304018   4.47036870907   5.72962105173   0.895018508334   70.0382725407   0.927799349707   
72.0   3.36279161366   3.91142514005   5.15825688223   0.860677302557   55.8353103885   1.58420809168   
73.0   -2.06385781231   -2.5021169015   3.24347006433   -2.26050394586   79.3901233277   5.05663768191   
74.0   3.8383241084   -3.73776188129   5.35757368987   -0.772125304315   74.001404518   4.13360606762   
75.0   0.672921849952   -2.97188225863   3.04711469677   -1.34812167147   84.5517896856   3.73500325051   
76.0   -6.30084289063   3.12768092907   7.0344160473   2.68083650911   69.2878849699   3.96951082001   
77.0   -5.167669687   1.13545377708   5.2909418135   2.92530696552   69.0160146165   3.53528597849   
78.0   6.98028155336   -2.3918768548   7.37871299433   -0.330122678785   75.0768058606   0.393725389234   
79.0   -0.190884664514   -0.323995299598   0.376045089462   -2.10320617805   88.2068959713   6.17541676087   
80.0   -4.17870519268   -3.71093305943   5.58861353637   -2.4154145915   86.9583207191   1.67343230406   
81.0   2.5481702899   -6.6700887433   7.1402559947   -1.20587714403   99.8967789785   5.25653340012   
82.0   -3.82303587014   3.49081758185   5.17700788623   2.40158644238   68.5469583908   5.48326173726   
83.0   -4.07705605288   -3.75446391356   5.54241692194   -2.39736272758   91.7030102548   5.35338223458   
84.0   3.06559462264   0.251330566783   3.07587994632   0.081801333214   68.9989560997   0.873322295785   
85.0   -3.30019399288   2.78917484021   4.32096941436   2.43991820356   73.1180940834   2.01011420505   
86.0   -2.73553668457   -1.80273979714   3.27613060314   -2.55891115633   66.3068011581   0.866218067793   
87.0   -0.302844661123   0.608326532783   0.679541065174   2.0327083571   72.3536300593   2.73462898085   
88.0   -7.00814568079   -2.16274388512   7.33427344703   -2.84226081932   84.2413948161   5.93596089763   
89.0   1.26928707181   0.355518656226   1.31813625457   0.273095109667   98.9064043654   0.287153538828   
90.0   -1.10616165197   -1.63568247525   1.97460141804   -2.16541739694   87.2546862468   5.24669596098   
91.0   -3.89451122512   6.97186903725   7.98587349982   2.08022099201   78.1274787027   2.0110068438   
92.0   -5.03920839351   1.97992589752   5.41421534416   2.76721831482   78.3003133942   0.200855739523   
93.0   1.3149978325   -1.21024016592   1.78714872316   -0.743937661633   78.0083983578   4.59960952349   
94.0   -1.12370208781   10.1307587009   10.1928886111   1.68126460095   77.3294939796   4.7553710435   
95.0   -2.2667697926   -5.37345532399   5.83200372183   -1.96999234464   62.4384443693   0.929278420952   
96.0   0.505925635903   0.720711394253   0.880559857631   0.958742133647   71.574039807   4.08524862712   
97.0   -4.17375830543   -3.44278300357   5.41045406614   -2.45187353187   72.2793335152   3.573383756   
98.0   -1.34963088714   0.479096488848   1.43214418867   2.80048524386   77.1253927356   4.06326151731   
99.0   -5.57540956797   -1.19231131773   5.70147332968   -2.9309142309   76.9306797471   5.77343122588   
