0.0   3.24251944411   -8.7423898653   9.32433981054   -1.21562832719   -8.92577111977   -1.76246597001   
1.0   -8.85479436629   -3.94110587777   9.69224941946   -2.7228364078   -13.2284378403   -2.20379121715   
2.0   -2.82488530753   1.88170709844   3.39423019329   2.55396995631   -1.99556680565   0.745632913107   
3.0   -0.796507704749   4.72397285387   4.79065173519   1.73783493754   2.405794314   2.48576343327   
4.0   0.811787721894   5.87650616377   5.93231185949   1.43352389844   5.70967262888   1.3677910017   
5.0   -5.54028439553   7.47792773024   9.30667256983   2.20843825946   -2.78825411987   2.5461388185   
6.0   1.72522902054   4.80805335254   5.10820831742   1.22628514527   -10.5768024028   2.11039650547   
7.0   0.468753856347   14.6401795204   14.647681952   1.53878894808   -5.69424851492   -1.30009115145   
8.0   -2.93219414848   3.24943926819   4.37682739916   2.30491887787   -7.7093630398   1.17128122866   
9.0   13.057597504   3.56150685749   13.5345921133   0.266276562935   -0.981595315496   -0.429175600403   
10.0   1.14744810441   -4.46958889366   4.61452728139   -1.31949982676   4.75609846407   2.03214100796   
11.0   9.57542707137   4.55731395024   10.604617581   0.44421375157   7.60842739167   2.4049702667   
12.0   7.41257416246   5.3797313461   9.15902642589   0.627804536103   -1.98106935677   0.995329953085   
13.0   -0.0974727061422   -3.25536891018   3.25682785388   -1.60072952189   4.23435511724   0.519694335932   
14.0   -1.08757851023   7.48280273185   7.56142603876   1.71512939054   2.73923180291   0.797048388367   
15.0   1.12347079183   -2.32740451125   2.58437582002   -1.12107288381   7.22447557369   0.865437096387   
16.0   -1.46250895678   -9.81394549588   9.92232123269   -1.71873117052   -2.40032524747   -0.478027245201   
17.0   -6.34593668688   -8.65531094711   10.7324424073   -2.20344813413   4.84102467253   0.993688947879   
18.0   -4.88913924581   9.06748828596   10.3016030976   2.06530568673   2.58525128327   0.766572749541   
19.0   -7.78481284834   -1.04625466524   7.85480489307   -3.00799628431   8.58073194773   0.984746597819   
20.0   1.51107358055   -3.24693755056   3.58133310697   -1.13522276785   8.8132704078   -1.60643351879   
21.0   -1.07420562925   -1.12273108029   1.55384774433   -2.3341103028   4.61519428442   0.459100954809   
22.0   -4.52920299494   7.68216613648   8.91792331868   2.10351414373   7.40581602413   -1.15055687545   
23.0   -1.85473835339   0.476192244585   1.91489253311   2.89027719093   11.3916359811   -2.4651378449   
24.0   11.9215585845   -0.972140488666   11.9611293871   -0.0813647203778   1.81776291041   1.06640815009   
25.0   4.98213674999   2.24679005513   5.46532269381   0.423659593024   5.37482544173   1.0359572005   
26.0   -4.94948124144   -8.11287321899   9.50347707036   -2.11859280607   -9.90671296872   -2.44631872837   
27.0   -7.64302462322   -4.68776155478   8.96609913985   -2.59142309066   -3.75925712499   0.149671321621   
28.0   -2.39315538059   4.29931324088   4.92049662319   2.07872058217   -13.2302903606   -1.32175246564   
29.0   4.8744207033   4.03351390902   6.32686428233   0.69127733284   -0.442343804304   -0.338540265208   
30.0   -5.5911448662   1.91385261676   5.90963050905   2.81179332602   7.13692160486   -0.303638704618   
31.0   0.225264784681   -0.434559906345   0.489475776132   -1.0925573852   -2.93856189681   2.01946253891   
32.0   -0.261473108363   6.46452810016   6.46981388791   1.61122165329   -5.31545745719   -0.199494700702   
33.0   2.24261745533   -9.7349520966   9.98992619463   -1.34437884517   1.70201850333   1.80458217817   
34.0   -8.59541290759   0.629206626942   8.6184119205   3.06852038353   2.9810728209   -1.5603245032   
35.0   6.22009034313   -5.06838964059   8.02359629003   -0.683725532051   -0.626010628617   -0.726867631552   
36.0   2.03726759027   -2.16966594477   2.97622404168   -0.816859242568   -2.36841095273   -0.086971487712   
37.0   10.2594467807   0.590021419941   10.2763988596   0.0574467844094   -1.03774207726   -1.80385742988   
38.0   7.4597253409   -3.37980235714   8.18966215024   -0.425406741202   7.22827129729   -0.329706682296   
39.0   10.0576441977   6.68968968922   12.0792448003   0.586941366881   2.56549640332   1.39569645276   
40.0   -6.42072750593   -1.11742252736   6.51723674651   -2.96928479323   3.19467012867   0.320305623694   
41.0   -3.27487086629   -11.6484688452   12.1000663481   -1.8448634562   3.997711891   -0.487242204803   
42.0   0.385683909556   0.887854426151   0.968007004172   1.16099086224   -6.94575558194   -1.03861494337   
43.0   -1.79089606346   2.89573583588   3.40478997022   2.12467871135   -3.62956635325   0.20620059889   
44.0   5.30689461394   1.78338927608   5.59853621526   0.324194801426   -1.90564208998   -0.916350266127   
45.0   8.6388999102   -4.90131734465   9.93244699817   -0.516069379342   -1.91843634591   1.4341942622   
46.0   -0.380243988213   2.28642728918   2.31782985555   1.73559296312   6.10126328824   -0.266654127086   
47.0   3.12871831577   4.21369675462   5.24824910225   0.932105107357   4.49460251763   0.336881396428   
48.0   4.16008050229   -1.88725200849   4.56814950818   -0.425891396897   4.94985396744   0.14586983561   
49.0   2.09300369456   1.53331757007   2.59455723316   0.632266523763   8.46802361389   -1.32904041883   
50.0   -5.28380838226   -4.26156027623   6.78819026018   -2.46288148655   -8.18495694402   2.0771329964   
51.0   4.96242540406   -1.81893105929   5.28527918745   -0.351333782904   6.96274699649   0.392020708029   
52.0   -10.0560233163   -3.21965909753   10.5588735025   -2.8317335132   6.00779526734   0.462211153733   
53.0   -13.4040542386   8.10686778388   15.6649281931   2.5976459825   1.31737298382   0.271990645725   
54.0   6.84195862511   1.63388655256   7.03434311747   0.234413737898   7.52595342381   0.870120986488   
55.0   -2.82159071494   6.57680176494   7.15651420861   1.97606845807   -4.59531205449   -1.41508021561   
56.0   1.78106561101   -2.3876691768   2.97878478722   -0.929896623127   -3.08944837591   2.7928415026   
57.0   -4.52172415759   -2.92796141627   5.38692374296   -2.56695431241   -14.8324575136   -0.262394729577   
58.0   9.28244884275   3.3790381235   9.87834779497   0.349113703178   4.98865037594   -1.14337719505   
59.0   -11.5493396499   -10.5987379342   15.675474224   -2.39908844518   16.2875802193   -0.279398467122   
60.0   0.00728934878115   8.0502680374   8.05027133758   1.56989084803   12.577305622   -2.25415532988   
61.0   2.86867533728   2.31153220786   3.68408459983   0.678257732692   1.21196942347   0.0922279370897   
62.0   3.2374397495   4.14830418159   5.26207598906   0.908105930779   2.76007619069   0.714024095094   
63.0   -5.74044702582   -1.81704824635   6.02116237829   -2.83503666305   4.34431804998   -1.6605755216   
64.0   -0.761731311779   2.04655392655   2.18371645724   1.92711163672   0.481198021937   -1.68862135996   
65.0   0.601071380746   -2.18668408024   2.26779057047   -1.30254352734   7.63435231865   0.842799217118   
66.0   -1.14320060618   -12.8775383873   12.9281824918   -1.65933899077   9.73441367264   -0.233986725685   
67.0   2.76871784469   -8.98691651799   9.40374749793   -1.27194036473   -6.76822644259   2.62361786601   
68.0   5.26234453587   0.88507439977   5.33625586974   0.166630596687   5.92640123728   -0.659543866233   
69.0   -2.67420646008   1.01994937301   2.86211056996   2.77722056952   0.66424463217   0.481751443774   
70.0   -3.20359397307   -5.43191615256   6.30624511359   -2.10366155542   17.2001518402   1.76596355387   
71.0   4.94043321347   3.54920530004   6.08315202823   0.62296825611   -7.9045909739   -0.555526734032   
72.0   1.07128218466   11.4021457666   11.4523610493   1.47711689377   7.2456902711   -1.22407716494   
73.0   0.293933547823   1.84976293772   1.87297086371   1.41321051298   10.0431914223   1.89250155517   
74.0   -7.43222442913   2.95317246746   7.99744881744   2.76337539064   -10.476201701   0.327501566656   
75.0   -0.524928471131   4.53208681534   4.56238542887   1.6861074035   -3.69089782749   -0.285697684356   
76.0   5.63586489839   -1.70112942028   5.88700386083   -0.293144005215   -3.36119209285   0.00782801827381   
77.0   -9.26282183912   -9.80214406538   13.4863596534   -2.32791337843   5.72342430915   0.322326695175   
78.0   10.1236848395   -1.2969688745   10.2064255737   -0.127418261651   -6.89167639611   0.557420027891   
79.0   -2.09645983636   -7.25140877461   7.54838214864   -1.85223323811   0.969327435794   1.05011892451   
80.0   13.2941774234   1.88928741344   13.4277533599   0.141168601857   0.714220226694   -0.354099441429   
81.0   3.86296404781   -6.08710338584   7.20939101898   -1.00531307207   -11.4342844148   -0.253398495811   
82.0   2.28348096917   1.86004708961   2.94517580327   0.683560055979   -11.3038768089   0.747568927226   
83.0   -6.63019454699   -1.21195723284   6.74005341708   -2.96079509633   -12.8607939802   1.84579656446   
84.0   9.41875224229   -0.966681404137   9.46822933492   -0.102275591829   0.541015205345   0.149127719044   
85.0   6.38309114322   -6.3659592643   9.01494813615   -0.784054387347   -4.94583450538   0.826870396053   
86.0   4.85168295748   -1.01396877685   4.95650685466   -0.206027729723   -7.07124828889   -1.51652860784   
87.0   -4.05232894403   -9.03816655965   9.90504036492   -1.99228343386   0.733189071239   0.322235776505   
88.0   3.6000161701   -4.751133817   5.96098892568   -0.922374429752   -0.389045196916   2.09763544576   
89.0   5.91513159439   -0.305970467605   5.9230397353   -0.0516806785217   0.936846058146   0.823116824976   
90.0   1.62629936866   2.53513970776   3.01194006819   1.0004177037   -2.23223602214   1.45162289954   
91.0   1.40280452559   7.6253173033   7.75327830746   1.38886384232   8.48656773954   0.701930985675   
92.0   9.00092884085   -3.55706069844   9.67829534631   -0.376351387238   6.26666406783   1.16720515914   
93.0   -15.3856205733   -2.19258344642   15.5410663275   -3.000037175   -2.92299682706   0.0183648206604   
94.0   7.60882999912   -7.41875017771   10.6269538512   -0.772750106747   -1.70518442137   -1.606416171   
95.0   -6.18346087644   -0.807526689931   6.23596726782   -3.01173296145   -1.3410031378   0.461007569167   
96.0   -5.36826407311   8.72195762216   10.2416211569   2.12252661064   -0.487532196002   -0.40185841704   
97.0   -1.33335146355   -3.27904774249   3.53977121053   -1.957003102   5.01842410026   1.33784348072   
98.0   -1.21965819755   -5.97730666609   6.10047220298   -1.77208126383   -11.6277618323   -1.82895912077   
99.0   -2.9623770703   5.91385348783   6.61432846041   2.03518096006   0.14900597671   -0.399200399764   
