0.0   5.67802852097   -3.47965035741   6.65942749001   -0.549797920235   -1.02900304339   -1.19432549985   
1.0   -3.78573357047   -0.701449212339   3.85017008248   -2.95838288932   -0.165413033715   1.76472883534   
2.0   -2.43833395301   -2.96348237616   3.83766859698   -2.25928202746   3.75073195674   -0.428650491124   
3.0   2.79712903525   2.14769076233   3.52654313038   0.654808510114   4.68247665788   2.62815157166   
4.0   0.0736564727037   -1.28631870152   1.28842581387   -1.51359733933   -1.88133376903   0.0683088715135   
5.0   0.85266669633   -1.41783379437   1.65447670382   -1.02935765758   -4.2208779247   0.799672179496   
6.0   2.8499256964   4.71360023313   5.50818514874   1.02698844252   -4.61630661731   0.807153157666   
7.0   -4.65604332082   1.52950516923   4.90082905926   2.82419936953   -3.18229912061   -0.71548013616   
8.0   -4.67377507518   2.06988450689   5.11161376917   2.72468209208   -4.49426868119   -0.714699198405   
9.0   2.01274409935   3.49385348215   4.03213975008   1.04814970577   0.911454225688   -0.0591575061296   
10.0   3.78458525701   1.35020979033   4.01822747558   0.34268931016   0.305489371717   0.534842769059   
11.0   5.42055236119   4.44545973281   7.01031384008   0.68688458204   -0.586555764407   -1.70143994514   
12.0   4.65238657272   3.31139141545   5.71051783364   0.618576302968   1.46467332628   1.74806437183   
13.0   -2.61364728385   -5.38901275147   5.98937480542   -2.02236849713   -3.11568167599   -1.23282054673   
14.0   2.05224021394   -0.192089587621   2.06121039813   -0.0933280393935   2.75913137764   -1.36739260592   
15.0   -0.639169715787   0.0549735918541   0.641529439216   3.05579597688   4.04648531293   -0.11032846468   
16.0   0.401944113759   -2.20032084458   2.23673218998   -1.39011333082   -1.90378121205   2.18584442589   
17.0   -2.21742080697   -5.68367616734   6.10091221133   -1.94277259691   -3.37699089906   -1.21621323813   
18.0   -3.48259804528   5.64553366076   6.63329024389   2.12353281368   2.84365205442   1.64004038854   
19.0   -1.6752009795   0.991261212683   1.94650895541   2.60727864276   6.28460482483   1.78807308322   
20.0   -0.38280685341   -3.10183286953   3.12536529665   -1.69358854498   -1.05962899114   -1.0919639462   
21.0   -0.881526200311   1.69528115579   1.91077644925   2.05030633201   -0.431392778586   -1.05714701915   
22.0   -0.615094398201   0.847008963682   1.04678808899   2.19888791939   0.872953931856   2.03473057565   
23.0   -0.887407686086   1.17747818166   1.47443116815   2.21663002531   3.57926485054   -1.25898218845   
24.0   0.661162090013   2.56047897367   2.64446362877   1.31809803491   0.632361906415   -0.175531450389   
25.0   -1.82813113108   1.29519169543   2.24044302769   2.52519902273   0.220324433211   -1.04448276547   
26.0   0.604289982488   -3.73896399916   3.78748177157   -1.41056226129   -1.94579652689   0.88427770389   
27.0   -3.97036001818   -0.235128013184   3.97731616251   -3.08244091015   -1.37461007228   2.06160601484   
28.0   -1.30896490167   3.36777971792   3.61321592799   1.94150003647   2.48428862987   -0.667704901689   
29.0   1.71021021942   -3.2849718781   3.70349284251   -1.09079195904   -1.81980205651   1.74801975437   
30.0   -2.77301460477   0.668469923846   2.85244842851   2.90504325134   2.4592215801   -1.32940385756   
31.0   0.6619657412   -2.7798956253   2.85762459572   -1.33702392713   -1.71835167275   -0.965040275053   
32.0   -0.68657377387   1.29290581003   1.46389513988   2.05895989326   -3.3730763464   -0.658088425607   
33.0   -2.24708417984   -5.28478556858   5.74267758255   -1.97283529915   -1.68128243744   0.375547873486   
34.0   -2.76029769752   1.79720401272   3.29381020131   2.56445110391   4.59125909124   -1.05590925959   
35.0   3.138298437   -0.479419109769   3.17470624822   -0.151592051081   -5.55673487305   -0.324779585797   
36.0   0.754477194985   1.99689638941   2.13467351784   1.20955132774   2.76598876217   0.406764480711   
37.0   3.33277993793   3.05772822812   4.52295523211   0.742384048261   1.60128553461   -1.64040045617   
38.0   1.88140153906   3.69946582699   4.15038783203   1.10032393398   -0.535683008133   -1.75708263594   
39.0   4.29432202879   0.647866058298   4.342917466   0.149736526558   -3.12282073934   -1.21926737293   
40.0   -5.81436952297   -1.54692097153   6.0166317356   -2.88156479781   2.71273086143   -0.737756833227   
41.0   -1.74332363768   -1.3467871296   2.2029554871   -2.48382135723   4.19999580709   -1.88129181771   
42.0   -0.323842448411   7.39574719594   7.40283395178   1.61455603133   1.17157847829   -0.472241099638   
43.0   -1.6057964942   1.75370476492   2.37782732411   2.31219605006   9.42030466676   1.02260010394   
44.0   1.17395857121   -0.162914781952   1.18520882257   -0.137893186263   -2.89590354945   2.06593023796   
45.0   5.30341478752   -4.94611841264   7.25191669562   -0.750552503204   -1.3157441008   -0.361213935429   
46.0   1.4784187017   4.50410442142   4.74053567612   1.25363846556   7.27172683104   -2.12881914946   
47.0   4.78968005235   0.114121048537   4.7910394089   0.0238219378239   1.23211567704   0.698609199418   
48.0   1.03711775801   0.848300907938   1.33986106533   0.685585109594   -1.7954080104   -2.28321816806   
49.0   1.95665686873   1.91723043369   2.73939384496   0.775221028449   0.924783578803   1.54578224764   
50.0   -4.42054770188   -0.910899054815   4.51342210221   -2.93837680308   -5.49737561405   -1.78648781295   
51.0   2.03095985806   -3.52746967026   4.07036119032   -1.04839449784   -0.727873965351   0.472624592742   
52.0   -3.75578211283   -2.46100315966   4.49026010727   -2.56153058031   -1.64666770627   1.56041109979   
53.0   -5.05030940571   4.02064190305   6.45532233168   2.46922330985   2.56589678576   0.545095208395   
54.0   3.40342593943   0.866739611312   3.51205718619   0.249366104625   3.14251726052   1.08024650283   
55.0   1.72403089009   3.43932686253   3.8472395009   1.10613334701   3.82541748037   0.920278613862   
56.0   1.08585232178   -3.27476350418   3.45009438611   -1.25062288508   1.85539227645   1.6302809547   
57.0   -6.02771708668   -1.15981274923   6.13828468632   -2.95150255619   -4.73548737478   -2.7016794865   
58.0   5.3056457715   3.07085553974   6.13025536162   0.524678016822   -0.892625777497   -0.194998062509   
59.0   -2.06915913008   -3.70403426025   4.24279263065   -2.08023585127   9.41339887404   -1.45584535406   
60.0   -0.0604858590429   -0.0668177705044   0.0901285393166   -2.30649678994   7.43154527767   -0.300491055367   
61.0   -0.183935959884   0.551427485325   0.581295715544   1.8927538176   -2.32856630912   1.05849587283   
62.0   0.157152199565   6.6689324591   6.67078383385   1.54723586621   1.10056931886   -0.0181427288515   
63.0   -7.46992567755   3.14018274381   8.10311898546   2.74364448658   3.01759994319   0.574640457747   
64.0   -2.58903767601   -0.126902014845   2.59214586958   -3.09261672109   7.49056638991   2.67473761821   
65.0   2.1013058288   -1.06756335256   2.35694244688   -0.470064931383   8.79842359227   1.18957035636   
66.0   2.2070137275   -2.3558627522   3.22815719886   -0.818008350941   5.02544918722   1.44978032077   
67.0   5.88266628294   -1.08771295393   5.9823809697   -0.182836381849   -0.622788188966   -0.558394974284   
68.0   -0.0681056225023   0.489207936777   0.493925886366   1.70912335767   7.75357852439   2.2874749068   
69.0   -6.7998115081   1.65780864246   6.99898321478   2.90245571695   -3.51303205757   0.048666675583   
70.0   -1.03214169242   0.0871838981826   1.03581731272   3.05732376914   9.90325264017   0.358575547248   
71.0   2.44713618772   3.76937403257   4.49406899354   0.994972771545   6.63589511881   0.0306537388316   
72.0   1.20518975888   5.93718191505   6.05826802373   1.3705272326   3.34960246257   1.60887188256   
73.0   2.18285679306   1.93868560932   2.91948037684   0.726224653927   1.67919679125   2.04501117455   
74.0   2.63452273434   -2.36481103179   3.54020356107   -0.731500884035   -7.30882691421   0.280273214415   
75.0   4.13268507534   3.81705211129   5.62574197349   0.745715434081   -0.381731662841   -0.635805733081   
76.0   4.55473068196   3.60001572788   5.8056597236   0.66885394512   0.0639741568933   0.192712755674   
77.0   -5.14757934916   -4.05671019939   6.55396603575   -2.47416168049   3.36005057097   -0.574939581993   
78.0   0.44348867519   -3.14155157232   3.17270050377   -1.43055435971   -2.93113327269   -0.0480401913736   
79.0   -0.768391517623   -3.69653517714   3.77555265361   -1.77574573506   -0.924910221442   2.11370725647   
80.0   7.38800400128   -0.22370446076   7.39139004577   -0.030270169183   -0.419363988581   0.792561184002   
81.0   -0.292529215919   -4.96778670132   4.97639207177   -1.62961362777   -1.05096718212   1.76948390068   
82.0   0.936889620745   0.0733415355055   0.939755895054   0.0781226181866   -1.89912484891   0.617572270892   
83.0   -5.02479224503   -3.82541748304   6.31524789896   -2.49089324748   -1.36203385164   0.356239722997   
84.0   5.80024576616   -2.39391170942   6.27484376063   -0.391428623049   -0.0886884239198   -0.717918095535   
85.0   -0.400260878801   -3.43933389664   3.46254623416   -1.68665260267   -8.23896211833   0.423257428847   
86.0   -2.80420128734   -1.70008490204   3.27930381851   -2.59658035842   3.97187147206   0.838218472131   
87.0   1.12441864357   -6.32817234979   6.42729200945   -1.3949470457   -2.54285480694   -0.733198866534   
88.0   1.11725941368   -3.66961614486   3.83592899413   -1.27525081287   1.49365437529   2.12777628903   
89.0   -1.89735830918   1.08009151778   2.18324671996   2.62408230757   -3.66987573328   -1.57831212016   
90.0   -0.378757561724   -1.39557026454   1.44605451274   -1.83581243672   -6.06480564742   -1.14524079422   
91.0   1.1014022877   2.61971035587   2.84182500306   1.17280369249   1.47341822706   0.0216303392733   
92.0   2.33036178589   0.74933204951   2.44787347989   0.311109974636   5.4500325443   -0.405645469187   
93.0   -6.62461991042   -0.358263130487   6.63430037217   -3.08756472815   4.18995244656   0.177492067267   
94.0   1.34920217411   -0.845287590187   1.59212361855   -0.559683854927   3.9251345855   1.97812209423   
95.0   -0.647628762286   2.64207129373   2.72028743608   1.81117831757   1.04679461946   0.939281695613   
96.0   -1.12001301972   4.59936789906   4.7337737837   1.80966178752   3.23039989197   0.16764481548   
97.0   5.72818033153   2.53308974476   6.26327339061   0.416361451067   1.65461657592   0.170106834439   
98.0   -2.45033253333   -4.81869731645   5.4059202132   -2.04122490402   -4.67827031369   -2.06650112297   
99.0   -2.07160706996   2.53158424798   3.27115799939   2.25659938897   1.02390239962   -1.26942833654   
