0.0   9.96082145686   -16.5791208796   19.3412826161   -1.02978500368   -13.1623683785   -1.21971858381   
1.0   -1.7665051707   1.05404758718   2.05707482463   2.60361403093   -13.4243383015   -0.287153875764   
2.0   -5.43802313696   -2.17369487083   5.85636790422   -2.76132636901   4.75796577919   2.72341379742   
3.0   -2.4149704901   1.18853087112   2.69159582769   2.68424369439   -1.82024817247   -0.888005976529   
4.0   8.44786804266   6.16050604279   10.4555396403   0.630080452527   20.1480711493   -0.468978513816   
5.0   -18.6013364486   8.85876079144   20.6030910407   2.69713043146   -1.20556060284   0.699462606824   
6.0   1.02021148759   -3.7646985381   3.90048542648   -1.30615807227   -0.473068147811   -0.129004302278   
7.0   12.9613650272   5.50871489604   14.0834272524   0.401879453771   -3.12693727708   0.792062453878   
8.0   -6.10704035004   2.02739245031   6.43476976935   2.82106395684   -4.91875224587   2.88928934517   
9.0   11.4411441073   7.83586093834   13.8672454052   0.600509055604   1.55744722127   -1.41488900808   
10.0   5.1681926144   -12.9864311554   13.9770386367   -1.19204232992   14.9473377093   2.16339109339   
11.0   8.54490373661   5.5172716547   10.1713158627   0.573332168609   3.1644227758   1.75008259309   
12.0   -3.1603534118   -6.18026353488   6.94143292469   -2.04349235647   -9.16917920808   -0.067716461683   
13.0   4.56621389086   -9.37528390507   10.4281473713   -1.11756384906   5.76683569805   1.55746865053   
14.0   2.74400811081   12.1384986061   12.4447872189   1.34847482735   -0.813247557151   -0.134504226849   
15.0   2.17254243941   4.42003030852   4.92509985475   1.11395403642   1.30312387552   0.662734350588   
16.0   -2.47207810911   -12.2686668155   12.5152449279   -1.76962921446   3.20186533425   1.29337020634   
17.0   -0.681123464251   -8.38477628213   8.41239576309   -1.65185169826   4.51844383521   -0.830633466185   
18.0   -3.24659473834   11.3353397426   11.7911112486   1.84974234307   9.76629655844   0.853552165225   
19.0   -9.30728913038   8.90243039412   12.8793981955   2.37842394006   13.9352112841   1.26974751528   
20.0   0.0186006804288   -2.13991694419   2.13999778349   -1.5621043016   26.6684947661   -0.915782306842   
21.0   -11.2039036412   -5.0726274784   12.2987400304   -2.71644972816   3.87922171822   -0.531328331288   
22.0   -7.90579471003   -5.96791377642   9.9054320875   -2.49497666351   3.77202300786   1.78536118267   
23.0   -2.18694286039   -9.13978322137   9.39778465428   -1.80565787748   8.76633264298   0.276276515102   
24.0   12.9418665294   -0.705367850921   12.9610745338   -0.0544489194855   11.9318034368   -1.86950348166   
25.0   2.74842183752   6.22124123903   6.80129878414   1.1547988911   14.9161169417   0.900967910829   
26.0   5.36165667936   -3.05690770367   6.17187548936   -0.518175987117   -16.2037636363   -1.3463515319   
27.0   -17.8278476417   -10.3679228026   20.6234326623   -2.61484402321   2.4970884589   -0.895561236648   
28.0   -1.09630054032   8.69712986162   8.76595361068   1.69618812582   2.68112236686   1.17756851245   
29.0   4.29833729645   7.54952098649   8.6874029859   1.05321678575   -6.61246662636   -1.05181859213   
30.0   -5.03883187437   1.53481162004   5.26739720993   2.84592404587   14.3310071556   2.73521288656   
31.0   -6.07308550859   -8.57781288229   10.5100543023   -2.18687079711   -15.7529308349   -0.249749489232   
32.0   -0.929923481555   5.17120567597   5.25415319769   1.74872189128   -8.73632048812   0.0207610029202   
33.0   8.05131111922   -10.145074833   12.951685377   -0.899959154936   10.5116226352   2.55320301236   
34.0   -2.58703844713   3.43528569216   4.30045994211   2.21626451538   5.19748967988   -1.04550587705   
35.0   15.1101942788   -5.11675388317   15.9530292247   -0.32650929042   -5.97074762751   0.130319154554   
36.0   -0.484926562933   -12.1740624209   12.1837165758   -1.61060804458   -0.593388009562   0.411978364672   
37.0   17.0442635615   0.836698221349   17.0647878471   0.0490503503607   -5.3719035134   -0.540465214465   
38.0   9.59786865489   -6.4816695628   11.5814991706   -0.593972111545   16.5058739161   -3.00944415433   
39.0   -2.64903401127   9.44865203935   9.81297134173   1.84413980048   6.56256507269   -0.16791519222   
40.0   -7.94971686436   -1.31837908894   8.05829520715   -2.97724864761   6.47509852494   -1.50558899737   
41.0   -0.32337529864   -15.920596031   15.9238798528   -1.59110529247   9.3144094693   1.03720495332   
42.0   -0.103028699166   1.14477773362   1.14940461642   1.66055337724   -4.58306086131   -0.25120903771   
43.0   -1.25079739405   3.93231959581   4.12645507967   1.87875784288   0.0183937517373   2.29817328446   
44.0   1.46559790884   2.94134189757   3.28625461412   1.10852945874   -5.40068479932   0.630763373041   
45.0   12.1626187744   -9.79545080911   15.6166626398   -0.678008886832   17.9109558982   0.118457253139   
46.0   -16.8886249557   4.52016410051   17.4830642734   2.88007665664   -0.566852478887   -2.34014379471   
47.0   13.8698870921   3.18977724505   14.2319516168   0.226048065098   6.45028787907   -0.405688457293   
48.0   1.59356512089   5.22006906796   5.45789069777   1.27450564043   9.78570287051   -0.480749518765   
49.0   7.29774099817   -4.41474298998   8.52918397879   -0.544048708294   18.9970653312   1.43528592526   
50.0   -0.966293806466   1.03019298788   1.41245223377   2.32419959989   -11.8612622217   -0.773261755803   
51.0   8.04161698453   -8.81325831346   11.9306800236   -0.831147709824   -3.97261794737   0.89382502762   
52.0   -15.4687519701   -1.06668887749   15.5054865346   -3.0727439883   -2.54403519314   1.2103425571   
53.0   -20.3589268999   11.01358133   23.1470274167   2.64570820771   -3.94320541464   0.756804524296   
54.0   2.41215673013   6.77949032812   7.19583137655   1.22896200046   2.79377581493   1.20348244722   
55.0   -10.6423941   8.01859693565   13.3251059656   2.49588209801   -14.8269842167   -0.228557620509   
56.0   -1.46655521143   8.91101534937   9.03089025207   1.73391189763   -10.2439439019   1.0751308631   
57.0   2.17564390266   2.1883762423   3.08584137134   0.788315726353   -13.9246771404   -2.69092719236   
58.0   10.708870357   -0.149131702983   10.7099087106   -0.0139250974746   10.8315830327   1.02535400335   
59.0   -6.64504939397   -15.148023708   16.5414420081   -1.98419202381   17.6762251923   1.77904780344   
60.0   -7.38963756073   11.6023068768   13.755735827   2.13791508388   8.21958734562   0.947693314474   
61.0   11.5883994418   -0.969888779724   11.6289159369   -0.0835001954525   -5.8410451321   -2.05116885586   
62.0   4.82858400289   4.32652139975   6.48336416496   0.730613407924   6.60658074722   -2.15466049824   
63.0   -12.717167707   -9.48133410891   15.8625991241   -2.50094312026   7.086183668   -0.995347056012   
64.0   -11.6242098595   9.06889753472   14.7433767283   2.47905865574   7.52674307745   0.673574937292   
65.0   -6.77616342391   -8.05731849977   10.5279044522   -2.2700391547   9.85532303391   0.300284596087   
66.0   5.48724243242   -18.1442808453   18.9558633912   -1.277118355   17.5894342139   0.318813844262   
67.0   -1.5119870533   -9.98911165739   10.1028934743   -1.72101951804   -7.68456730674   0.675897711989   
68.0   -2.21927996104   -5.37169035177   5.81207886912   -1.96258186803   -2.09010556816   -0.27804211507   
69.0   9.62443354071   -3.72439983262   10.3199261186   -0.369226362377   3.45798416791   -1.25966607496   
70.0   -2.84921892848   -6.32151762492   6.93394790755   -1.99424680683   22.9318809587   1.79395569177   
71.0   10.0727550997   5.05193644551   11.2686493045   0.464882566493   -0.798416740113   -1.54142900416   
72.0   0.494949543119   14.5902307186   14.5986234787   1.53688597801   13.0561728643   -0.442303145315   
73.0   0.968032808587   -6.64520546161   6.71534385907   -1.42613997293   11.939157154   -0.65791595952   
74.0   -1.86484855842   0.161301179046   1.87181147987   3.05531180422   -13.6996994167   -0.850224743018   
75.0   -4.89649617285   -0.845832626169   4.96901475166   -2.9705383142   0.421586722479   0.177828747948   
76.0   -2.43723444696   -19.2693996183   19.4229213405   -1.69661036884   -1.66078312953   -1.09407375249   
77.0   -10.6797222603   -23.1625692835   25.5060989445   -2.00282340834   4.95807902625   -1.77397628495   
78.0   16.3811283262   -8.91246372448   18.6486829261   -0.498278240955   -13.6706604212   0.186144766635   
79.0   -1.97743255975   -8.96764248312   9.18307417119   -1.7878306655   -1.04299967467   -1.33552637106   
80.0   6.22171975235   14.2870706845   15.5830095111   1.16008342887   1.1145720914   0.824110127696   
81.0   2.75081344607   -7.19351487442   7.7015343188   -1.20555220099   -33.4328058534   -1.0193931126   
82.0   -1.18986671733   5.07066611179   5.20840067797   1.80128310472   -9.10840027917   2.15357311858   
83.0   6.29594193854   -1.22192609933   6.41342250952   -0.191698308884   -19.3889378166   0.994361610489   
84.0   8.67643242687   4.21365310723   9.64548351127   0.452096595861   3.17229941545   1.28248854974   
85.0   10.2810316305   6.33499093997   12.0760805561   0.552233440903   -9.78759464515   -0.313759433593   
86.0   12.7287251815   0.41427954939   12.7354651384   0.032535336798   -3.42760926038   -2.86016419376   
87.0   -0.718879344972   -4.85119703523   4.90417171266   -1.71791169289   0.976486604456   2.13623300278   
88.0   -2.66740173564   -7.09922498595   7.58380032836   -1.93020806933   2.69763860766   2.6307936551   
89.0   16.2116451544   -5.73016827988   17.194541783   -0.339753903225   1.15275647428   -1.1729650824   
90.0   3.01954138832   8.59969712463   9.11440732199   1.23312245445   4.70886818065   2.45275363817   
91.0   -9.41572656088   21.9608172475   23.8942127061   1.97583997186   18.5832158175   -1.48746078718   
92.0   8.95160943249   1.0031438404   9.00764170005   0.111597362621   17.1257996949   -2.02663286664   
93.0   -21.4622719642   -1.62651400334   21.5238162431   -3.06595244083   9.71863313191   1.80750665025   
94.0   7.45962969282   -12.075939962   14.1941678558   -1.01744440559   -2.24783787668   -1.02685398376   
95.0   0.325661191064   6.47601408821   6.48419722727   1.52055136277   -3.551302051   -1.65566363475   
96.0   -8.45607390619   8.72828978956   12.1527045779   2.34035490939   8.51422609202   0.0255152593326   
97.0   3.58293496044   -6.98462821837   7.84999708787   -1.09682321158   -0.933943368478   -0.598933616563   
98.0   -3.23406356262   -3.22879651857   4.5699337069   -2.35700946109   -8.09115296489   -0.220136370015   
99.0   -11.2989568294   2.38842901097   11.5486370873   2.93327441116   -8.45468483689   0.537896850174   
