0.0   3.44586991401   -6.22089561509   7.11150910273   -1.06494955749   -6.17958917368   -1.79147177665   
1.0   -8.40962498959   -5.35079200486   9.96758584337   -2.57493009334   -8.46870138771   -1.65773612985   
2.0   -4.10420995003   3.83739112893   5.61872850299   2.38977946776   0.798611419011   1.0628959279   
3.0   -3.41726901176   3.44545723909   4.85272120415   2.3520870746   0.00674290917705   -1.92959631952   
4.0   2.67587215573   6.42568425102   6.96058258249   1.1762036364   1.6434512275   0.159157282434   
5.0   -5.65455792757   4.60252698748   7.29090392385   2.4584033531   -4.06700231417   -0.401828596492   
6.0   0.425108986954   3.16301235757   3.19145183653   1.43719686722   -8.01503552272   -0.125834198248   
7.0   -0.568895929861   10.3074028135   10.3230903967   1.62593333125   -5.68050296333   -0.202077599293   
8.0   -2.62908926624   5.83867631279   6.40330004415   1.99389021042   -6.41758986794   -0.250763597516   
9.0   9.43981733261   5.45409128913   10.9021678149   0.523917331023   -1.53330607742   1.38528604298   
10.0   3.79394965092   -2.02576971676   4.30090652062   -0.49043531776   6.36273237629   1.6491141897   
11.0   9.18736426395   3.54144558021   9.84629366392   0.367917373273   7.11979290002   1.52229085189   
12.0   6.99768511214   7.42772855229   10.2048394586   0.815200851976   0.591968526033   -0.127850881368   
13.0   2.6320219672   -4.27598323974   5.02111265582   -1.01903149013   1.87311452889   2.13500391289   
14.0   -1.42359383568   3.63402356418   3.90291515075   1.94416214066   0.740880621943   -0.897432497662   
15.0   -0.573075475224   -1.59818627466   1.69782651316   -1.91509305966   3.67955596665   1.73894906539   
16.0   -1.62924976485   -5.54377476229   5.77822580134   -1.85663653968   -1.31135508099   1.00150798742   
17.0   -4.4665812974   -5.23040952108   6.87804712433   -2.27758718507   5.6017878724   1.55124141918   
18.0   -3.83531602915   7.25683975102   8.20800659206   2.05699133803   -0.641481929608   1.65863449779   
19.0   -5.75282773174   -3.51236643945   6.74030747934   -2.59345474561   10.5388741941   -0.150018233588   
20.0   4.5433825017   -2.04111034559   4.98080876963   -0.422229273378   9.19141539585   2.10208745122   
21.0   1.23913976028   -1.32331763742   1.8129084133   -0.81823680359   0.561907864802   2.15316784326   
22.0   -3.73459344452   4.27680996678   5.67787739281   2.28861695617   6.69849589049   -2.51422040529   
23.0   -3.00028102398   -1.95254373427   3.57968060825   -2.56466441632   15.1107911072   -0.190844684126   
24.0   8.83626873826   -1.45122458569   8.95464672741   -0.16278180141   -1.57713583935   -1.08785022317   
25.0   5.43659412738   1.21925554928   5.5716370844   0.22061786034   -0.145764523096   0.335256528205   
26.0   -2.81683021766   -5.32365228833   6.02293999324   -2.05746460417   -10.2329965826   -1.01329974642   
27.0   -5.26293470436   -4.63485256408   7.01286959761   -2.41956634363   -2.43286170768   1.45792526879   
28.0   -4.79636465616   4.96501945871   6.90337107073   2.33891845421   -5.80923742534   0.345542840333   
29.0   1.08012797225   2.77719721915   2.97984912882   1.1998716244   2.38708524262   -2.91118476525   
30.0   -7.94103686883   1.25799749505   8.04006369687   2.98448098088   7.44407905803   -1.77815928215   
31.0   3.09879318897   -0.43763137013   3.1295431686   -0.14029855154   -4.76763172279   0.560636366442   
32.0   0.19887672807   5.95893002812   5.96224781714   1.53743413995   -9.67556930761   -2.11455570576   
33.0   -1.2972697449   -9.45737842291   9.54593711613   -1.70711571717   -2.01669128747   0.314834193894   
34.0   -6.01104783952   2.6720033603   6.57816829265   2.72330907048   2.80677263938   1.04050914268   
35.0   3.06420019826   -2.66605984845   4.06167428169   -0.716029318073   -0.791397236659   0.0634255479639   
36.0   4.60275269871   -0.202957897818   4.60722522933   -0.0440663497003   -5.71919623185   -0.82208682567   
37.0   6.82690728385   0.391064993273   6.83809877753   0.0572203604739   2.21122754553   1.79545937529   
38.0   5.71121451602   -3.40138393793   6.64735917047   -0.537150081456   4.04245760849   -1.53705475663   
39.0   9.39993399434   2.78194262713   9.80295689466   0.287740214902   -0.37499501143   1.23533950188   
40.0   -5.02300568993   1.06126936409   5.13389509283   2.93337317711   5.68949717189   -0.380422322562   
41.0   -2.67212451776   -7.84438271127   8.28701330754   -1.89911000209   4.11681122339   0.646481723825   
42.0   -1.04185980093   -0.5790726716   1.19197189723   -2.63430224729   -2.09423989085   0.618641127663   
43.0   -0.872614358171   3.11623634124   3.23610641861   1.8438253189   2.52905175418   0.769148448857   
44.0   3.16210778397   1.46229636347   3.48385365538   0.433153668407   1.01167264842   0.209284049005   
45.0   11.1106454987   -4.73628019897   12.0780293724   -0.40295692673   -4.56490832087   0.747724022882   
46.0   -3.95163155228   1.72047695852   4.30992260833   2.73095968479   7.2581469787   0.0272577421713   
47.0   2.83457333332   7.3639792662   7.89069050305   1.20335355972   5.97285565914   -2.2485510223   
48.0   5.71664174732   1.34799485977   5.87342174624   0.231571736427   4.81121110499   2.32125138984   
49.0   1.61179933571   0.538351623183   1.69932915257   0.322356375967   11.0612720397   0.0119324225648   
50.0   -2.51280563903   -3.2270384009   4.0899839878   -2.23239665368   -7.16933292459   -1.75437545624   
51.0   1.71240547105   -1.43016054934   2.23107411221   -0.695824972171   2.25876214192   1.33383744036   
52.0   -11.2657924751   -2.52009824686   11.5442182613   -2.92152094621   3.26086270725   0.556728763164   
53.0   -15.5217295679   3.89426071676   16.0027921098   2.89577567131   3.91685213989   -0.325409868725   
54.0   5.93911571373   -2.59639796338   6.48184987833   -0.412132681842   8.1215385732   -0.337605821069   
55.0   -3.20881307265   7.20233357108   7.88480121527   1.98992185037   0.229156355327   -2.00545512874   
56.0   -0.60520353378   -3.92492893658   3.97131445173   -1.72378619776   -8.08610623345   -2.4952481287   
57.0   -0.864279254675   -1.93399108429   2.11832484388   -1.99106009562   -14.6698247745   -1.28871776096   
58.0   6.84658955333   3.04330868746   7.49249733259   0.418270675372   6.89112055621   1.57185350469   
59.0   -8.7792150494   -8.21284174228   12.0218711675   -2.38951380563   16.8977044982   -0.0320900166349   
60.0   0.635850447973   5.28048439354   5.31862963766   1.45095814036   13.9795819289   0.960938440097   
61.0   2.8862657064   2.02258004741   3.52439495178   0.611235963496   -5.0592686833   -1.19505554581   
62.0   5.08917825246   2.28707889535   5.57946817885   0.422355211423   -2.0509899392   -1.56134308244   
63.0   -5.80967722795   0.927446861422   5.88323951354   2.98329010552   5.09068873051   -1.68458421996   
64.0   -2.61523912544   0.196110538343   2.62258174829   3.06674512402   2.31395776849   -0.111341086791   
65.0   0.145212831201   -0.86108131395   0.873239827069   -1.40372817739   3.72265341959   -0.889078865   
66.0   1.55242983604   -10.3331701557   10.4491360343   -1.42167409596   11.4992682279   0.60551508131   
67.0   2.46470117164   -8.27819150538   8.63731477168   -1.28141949251   -2.7667114609   1.36886413424   
68.0   0.440483565119   0.870580890651   0.975672515912   1.10238801682   4.15757868799   -0.686106658987   
69.0   -5.58652626079   1.31467646289   5.73913319802   2.91046811592   -2.27991206028   -0.13895457375   
70.0   -0.477781466541   -5.69711689152   5.71711605667   -1.65446427319   14.2785082776   1.69963150605   
71.0   4.1273995133   5.57335116114   6.9352483667   0.933364408638   0.406968029953   -2.29743137962   
72.0   -0.588924516676   7.8998821217   7.92180343249   1.64520720433   5.29826999511   -0.869785323715   
73.0   0.72682177666   3.40879377961   3.48541890265   1.36072248856   10.8016421804   -0.0578820625139   
74.0   -4.30697793724   2.18814446999   4.83094557757   2.67152869505   -11.753685934   -1.7377167415   
75.0   3.16848178517   5.74857454829   6.56394592911   1.06704995668   -0.981406776034   -1.7122209105   
76.0   7.85842050385   -4.23321812822   8.92608024479   -0.494115067936   -2.03870900265   0.800378882949   
77.0   -10.2448174401   -6.0723813168   11.9092442765   -2.60653800869   4.65724129288   1.10509959174   
78.0   8.52790853932   -1.77409758831   8.71049058939   -0.20510878953   -5.02673971431   0.811907054441   
79.0   -5.4670973621   -6.43240389558   8.44185841167   -2.27525014087   0.583592426608   -0.449279007563   
80.0   12.1116204359   -0.507771654107   12.1222597578   -0.0418997998807   3.25020946112   0.666271679414   
81.0   5.62394016321   -8.53865078041   10.2243464392   -0.988367721615   -7.31734098064   -0.205537742599   
82.0   -1.2559036706   -1.34662598015   1.8413841425   -2.32134931998   -9.76323931912   0.444743212303   
83.0   -8.13232236863   -2.10718971302   8.40088778606   -2.88805569433   -9.91257675091   -2.52861325147   
84.0   9.33795084657   -4.24103724852   10.2559116102   -0.426318070279   2.3888562649   1.27622462137   
85.0   2.45837058786   -7.01302547563   7.43142733726   -1.23363739071   -5.85074221227   1.22215706072   
86.0   1.01531691414   -2.56213134128   2.75597268603   -1.19350247003   -8.44493272859   -1.83948999205   
87.0   -3.80025920112   -8.96107947993   9.73359725083   -1.97189168782   -5.04754488111   -0.594584851977   
88.0   3.19343920011   -0.937820782466   3.32829712388   -0.285640392277   -0.941078546029   0.0813472534153   
89.0   4.00793991661   0.97649679727   4.12518222267   0.238984426936   -1.68511260086   -0.0868875924745   
90.0   3.28877969802   -0.151219626539   3.29225443694   -0.045948104074   -6.76698274107   -0.166398182248   
91.0   1.25502543862   4.04495736337   4.23518227743   1.26994513303   8.25599603963   0.825577457642   
92.0   7.35636783322   0.214336083821   7.35948963274   0.029127888733   5.56688523415   0.542611881476   
93.0   -12.1120998104   -4.17742366313   12.8122531304   -2.80947138815   -3.0694166644   -1.79875040567   
94.0   5.90411266235   -4.93274411772   7.69353695387   -0.696001437781   -0.322379703734   -0.634534869842   
95.0   -4.88829407017   3.08640950822   5.78111949098   2.57841300645   -0.450758255345   0.74248791807   
96.0   -7.65013776136   7.71617621323   10.865725154   2.35189690488   2.86327374046   -0.373509240468   
97.0   0.944962393366   -1.97766806845   2.19183140634   -1.12505250585   3.73893106921   -0.0611060301569   
98.0   -3.3395437459   -5.50055477019   6.43495572718   -2.11644091483   -8.46271863692   -1.5019381503   
99.0   -5.48354776933   7.82925447658   9.55858367111   2.18178537865   0.353428247892   -1.58425606117   
