0.0   7.30741220515   -14.0164152306   15.8069025762   -1.09021753814   -20.0214627599   -0.387117048009   
1.0   -5.96899306887   -2.92721921063   6.64811932529   -2.6856511191   -12.4606062498   -1.28166106388   
2.0   -12.0762809395   -3.45892363417   12.5618754188   -2.86263796601   -3.80888277889   0.941809163096   
3.0   3.995429289   -2.33824019144   4.62934362478   -0.529487497887   -7.89563690514   -0.724308805089   
4.0   7.74907908853   14.9096357973   16.8031385857   1.09148462197   22.0292353817   1.19059341302   
5.0   -23.7676199061   9.54703731506   25.6133886375   2.75963667544   -3.12642456454   -1.16722558366   
6.0   1.44567158166   -10.6369427503   10.7347341558   -1.43571356165   -15.2660852909   -0.48366675644   
7.0   14.9433605082   7.80178359641   16.8573975027   0.481163272548   0.460115344641   -0.662748597174   
8.0   -5.42898930125   -2.66346302803   6.04714479195   -2.68549315297   -3.50349624914   1.46977336112   
9.0   9.14947379075   3.2581755789   9.71229008785   0.342103400321   -6.95574899349   0.709165101328   
10.0   16.1212058261   -5.15667277489   16.9258545248   -0.30958404021   12.6968649767   -1.02033545258   
11.0   11.2794024619   2.34734898731   11.5210662339   0.205180702542   6.01546222202   0.154531749686   
12.0   -4.85401305224   -8.17173936512   9.50467079718   -2.1067923702   -20.4669466147   0.313267187895   
13.0   7.29109557681   -19.059718555   20.406688759   -1.2054321064   -2.09610672106   -1.43458293521   
14.0   7.67159746731   20.1807984588   21.5897668846   1.2075240115   7.84533362927   -0.57679292257   
15.0   2.1294660702   10.4499391728   10.6647013301   1.36977087814   19.070892427   -2.42219623441   
16.0   1.23212131908   -10.0949320295   10.1698463915   -1.44934359143   5.7944676903   -0.904849542396   
17.0   2.93537252145   -2.64225858826   3.94942303215   -0.732894771778   8.18806294913   0.852477812927   
18.0   -4.57741847976   25.0993470077   25.5133294603   1.75118588445   1.24812152445   -0.92729155979   
19.0   -12.2611843507   11.1608334185   16.5801340247   2.40313931366   20.6467387573   2.24224626747   
20.0   5.89405211596   10.2221063055   11.799631675   1.04776149163   32.0334003129   1.02835664119   
21.0   -19.1280793906   3.15684565779   19.3868278912   2.97802977034   5.97966410437   1.52580393809   
22.0   -1.56064955252   -1.94225971784   2.49158580773   -2.24768149994   0.726400549966   -0.464644979121   
23.0   4.15949397202   -8.12976017167   9.13205292101   -1.09788174963   -1.60920274495   -1.31197712665   
24.0   10.0731066443   -3.70500588968   10.7328722209   -0.352453702699   7.36686420796   0.672354195337   
25.0   2.29233868601   -1.48791613031   2.73289426474   -0.575729714985   20.2190270506   -0.867647497374   
26.0   3.31855747566   -3.0256829337   4.49083298894   -0.739267068056   -7.24367349797   1.31831405841   
27.0   -21.9209980311   -3.66710891393   22.225612308   -2.97583998496   4.2774763424   1.35581100504   
28.0   -11.9665275466   13.4604806134   18.0106168653   2.29750738405   2.3153087777   0.0229876526726   
29.0   4.68809560215   -2.20438990229   5.18049951416   -0.4395329596   -8.0108532336   0.799980647874   
30.0   -5.20274273596   -3.45428398779   6.24504682488   -2.55548345696   5.19553068136   0.358335735142   
31.0   -5.07844619303   -13.4912294367   14.4154045191   -1.93081638558   -14.535411314   -1.02445546857   
32.0   -9.50837223841   12.7142527584   15.8764405907   2.21292093869   -4.9526735075   -0.145236333998   
33.0   -0.127896994271   -8.70791312142   8.7088523108   -1.58548271571   9.90029900183   1.03214935486   
34.0   5.55880308495   2.45441770448   6.07654984389   0.415793916032   15.7679055683   -2.73954561629   
35.0   14.2401463073   -0.416174944833   14.2462264631   -0.0292171518219   -8.82180398726   0.565289619819   
36.0   -3.78413142135   -12.3319617341   12.8994934329   -1.86853072785   -3.94726962487   -1.49102855562   
37.0   15.8328982022   -1.92414623512   15.9493888352   -0.1209353217   -7.10417903873   -2.56277024278   
38.0   10.0180963525   -10.4990839917   14.5118234276   -0.808837034928   9.38751569747   -1.78275809919   
39.0   -8.1237702698   3.89402879858   9.0088347571   2.69461115357   9.49920484266   -1.71142748012   
40.0   -22.8057290229   -5.70234971597   23.5078299413   -2.89657612788   9.14059472478   -0.692842247268   
41.0   8.42490099591   -9.03277128622   12.3519194419   -0.820203766147   19.691383038   1.90487836621   
42.0   0.900832695045   4.94733128039   5.02867640064   1.39068497412   -5.70155177438   -1.87129394831   
43.0   1.00654245771   -0.785469959617   1.27675008386   -0.662652850496   7.62270804201   1.05937516397   
44.0   0.557222334236   -4.10340764275   4.14106882487   -1.43582688848   -1.37104693491   2.63373422954   
45.0   8.76116276734   -7.48300584473   11.5218639772   -0.706875898437   21.0775284305   2.19700662134   
46.0   -6.95402246707   -0.00227159239416   6.95402283809   -3.14126599484   -0.65199660349   -0.549413817139   
47.0   19.9292566028   -7.32413339847   21.2324798076   -0.352184987518   9.21324050351   0.970593150845   
48.0   4.83628710126   -1.33287797376   5.01659611876   -0.268923411781   15.0081881692   0.132102368374   
49.0   9.06640392117   2.4945993691   9.40333483792   0.268503437456   20.8283537202   0.391999711285   
50.0   0.90391392953   0.531356543108   1.04852285044   0.531430158544   -10.2925834747   1.60774865245   
51.0   8.73108414418   -7.21641865323   11.3273354551   -0.690703998806   12.4772090794   -0.0201516091657   
52.0   -15.2537965009   -4.89777983566   16.0208163029   -2.83090493613   0.0735402760449   -0.732179032144   
53.0   -23.1001183201   8.58425433373   24.6435567414   2.78579660886   -9.81981194297   -0.721166452911   
54.0   6.69629853924   9.91874547681   11.9675363363   0.976967335861   -2.9059630212   0.767118867867   
55.0   -15.0809998809   4.01531811622   15.6063876981   2.88137918881   -21.8991864985   0.491113534126   
56.0   4.74497875827   14.0065495452   14.7884500059   1.24416206164   -15.9677604989   -2.73454599564   
57.0   3.86928699021   -0.400487565814   3.88995785362   -0.103136968672   -13.9672072823   1.36344930263   
58.0   4.41968045392   1.78346013056   4.76595272239   0.383543140249   19.1207895322   -2.60761551731   
59.0   -11.9742200509   -28.3955275951   30.8170072076   -1.96986332683   18.7345344218   1.67080979034   
60.0   -7.83492962185   14.4975902642   16.4792671454   2.06626228615   21.5332929318   0.65541395104   
61.0   15.5642270209   11.8595017052   19.5676504326   0.651119120673   -6.1939730582   -1.13891409678   
62.0   9.87073702735   3.08985451934   10.3430484101   0.303369276324   10.0033656253   0.752100295654   
63.0   -12.9426915704   -6.81810164876   14.6287311541   -2.65674217269   9.54258418692   -0.794048867511   
64.0   -2.17011672531   12.5239830109   12.7106080523   1.74236958982   14.4279509673   -0.0759783719649   
65.0   -6.68080906147   -2.43716344158   7.11146787638   -2.79179372958   19.8666298022   -0.800600328706   
66.0   7.51911970387   -6.61754163069   10.0164374083   -0.721708535576   14.538228037   -0.0924011197205   
67.0   -1.37825679522   -19.2581504627   19.3074066368   -1.64224196769   -9.86702519012   0.223110507781   
68.0   -1.4475091641   -11.076308676   11.1704922303   -1.7007450443   -2.84478360745   1.09544621615   
69.0   11.3858032758   0.155257563447   11.3868617778   0.0136352207901   0.453591237997   -0.868383419357   
70.0   0.865563714151   -8.69355656507   8.73653972081   -1.47155955282   20.601605988   0.966536264499   
71.0   11.694632064   7.40059984715   13.8395555279   0.56420310277   10.1092843944   0.726617355993   
72.0   -6.18946751181   11.6587367331   13.1998352373   2.05884684918   14.6167492923   0.731769608747   
73.0   -12.2058217549   -8.09866804088   14.6482254471   -2.55577957266   11.8065272067   -0.912961813432   
74.0   -8.23450514489   -4.49633872265   9.382117932   -2.64179768287   -22.9823690109   0.0161563477001   
75.0   4.98494333062   6.34285737258   8.06731055919   0.904703334015   5.07295008878   0.308092052584   
76.0   -2.6198821213   -23.9938511361   24.1364594477   -1.67955520004   5.02641508015   0.924527665333   
77.0   -11.2233371696   -21.4770268979   24.2327460597   -2.05233966517   6.17080523345   -0.276370215173   
78.0   24.9068795397   -10.4597487924   27.0140517732   -0.397589062671   -4.82660304541   0.127618115224   
79.0   1.66022849534   -8.4767221109   8.63777612596   -1.37738722017   2.42765772352   1.48368694639   
80.0   6.69893631138   14.8604557044   16.3005794819   1.14728610652   -14.8611574085   -1.68623320957   
81.0   1.02110332254   -3.15512487627   3.31624259971   -1.25780110122   -44.8211694881   -0.0292797549528   
82.0   -7.84602985084   6.92966339625   10.4680666412   2.41813366768   -7.62865037613   1.60876924031   
83.0   -2.15181903514   -1.64165849653   2.70654166405   -2.48987603252   -16.6792072893   0.150054128685   
84.0   8.11829386175   8.9693996448   12.0978024952   0.835165149626   -3.47181776239   -0.650329061051   
85.0   0.160504677113   10.718920305   10.7201219329   1.55582348643   -3.28724944114   0.0412797370926   
86.0   13.784699931   -4.99686936449   14.6624232524   -0.347761578768   3.38122318753   1.60120936493   
87.0   -9.60386431285   -7.65635691911   12.2822640833   -2.46855141196   -1.81208192889   -1.10224100927   
88.0   -8.57241654833   -13.0258305567   15.5935431243   -2.15285098126   0.187454269958   1.42616864512   
89.0   14.6107638656   -10.252639415   17.8491186256   -0.611878210842   4.23785659746   2.2090728337   
90.0   3.95044383756   3.55310393656   5.31324327485   0.732493971269   -0.89585151082   0.782843532476   
91.0   -9.92887506611   24.1776852891   26.1370049167   1.96046081212   7.23703970078   -1.74271531719   
92.0   -8.4830666181   -2.60913524783   8.87524681282   -2.8432056227   16.9284505586   1.48304624068   
93.0   -21.7230074836   -4.84738676723   22.2572732517   -2.9220442522   4.26822140749   1.59856419072   
94.0   7.76276983525   -8.98773624333   11.8760261997   -0.858398326527   -4.16622824968   -0.390073826464   
95.0   -1.6924579224   17.6057672867   17.6869289469   1.66663271922   -2.55746198542   1.12194148805   
96.0   -6.52412203239   16.9549186818   18.1668223914   1.93812426214   -2.07306088142   -2.48835819061   
97.0   5.80463671709   -9.39582538789   11.0442447518   -1.01739932859   -14.0745878537   -1.22742484208   
98.0   -9.20149766275   -1.9294437651   9.40161222771   -2.93489928724   3.02855353526   0.975502267484   
99.0   -15.4181548552   -0.473587402986   15.4254265473   -3.11088609041   0.322782349128   -0.351709162988   
