0.0   5.9025296545   -7.56565813448   9.59578237197   -0.908261869487   -0.548423190273   -0.575512672359   
1.0   -6.84778923632   -5.08753584821   8.5308404294   -2.50262157859   -2.41983324097   -1.14837086908   
2.0   -3.23134221899   -1.59954416679   3.60556709517   -2.68194563982   2.01371764992   0.940541170122   
3.0   -2.54358407465   0.622389028413   2.6186233115   2.90161805497   2.83418849628   -0.718249055889   
4.0   3.57616301454   -2.17894812807   4.18769111222   -0.547228057334   -0.0726220653937   1.67256638638   
5.0   -2.76861219941   -1.93417218   3.37731187968   -2.53180212349   -4.10458155226   -1.17183941535   
6.0   3.49343401856   1.2742988603   3.71859097339   0.349771610244   -9.62679889586   -1.79565971179   
7.0   -2.27020957224   5.98102835335   6.39738631517   1.9335661725   -5.63402638724   0.0904690809806   
8.0   -6.56621323924   5.68641574123   8.68622359171   2.42787625761   -4.13472293118   1.4323366713   
9.0   5.60758909886   5.65442715104   7.96351693086   0.789557079625   0.332589455998   -2.37528534723   
10.0   6.18249313758   -1.90502600314   6.46933887417   -0.298900846325   -0.918582356443   -1.52375988869   
11.0   6.1026963806   3.70953085675   7.14167503398   0.54617239568   6.4109141165   1.21267558072   
12.0   7.1554389727   6.62538227171   9.75171765067   0.746953753632   2.20623257509   0.169762363456   
13.0   -2.53588195782   -7.00843447966   7.45311016688   -1.9179735414   -2.12243670971   -2.67892392167   
14.0   -0.430462494039   0.428191650602   0.607162291665   2.3588391384   5.02409118058   0.249830649152   
15.0   4.03596785701   0.968721542127   4.15059730268   0.235565891406   6.18456943636   0.399509032587   
16.0   0.117850847128   -3.54573514953   3.54769313396   -1.53757120607   -2.53074419321   0.497124269914   
17.0   -3.21774882909   -7.78427257799   8.4231114854   -1.96277122656   2.4300576338   2.95878073844   
18.0   -5.23893974811   5.91869083367   7.90426409407   2.29534716507   1.07020282939   0.322958610018   
19.0   -3.03644569706   -1.73009395464   3.49474284649   -2.6236931931   4.37505018921   -1.52247650419   
20.0   3.91200891847   -2.21918972519   4.49762346296   -0.516010299318   -0.938768146589   -2.21058348928   
21.0   3.23318757656   1.32240847361   3.49317421213   0.388250048465   0.259970146049   -0.54827847655   
22.0   -1.83668486834   6.14153323401   6.41029186309   1.86139020502   2.021241318   0.327345663383   
23.0   -0.439877870335   -0.821075507771   0.931481363352   -2.06262063556   10.2609737787   1.59140082727   
24.0   1.45813033696   -0.279000878875   1.48458262484   -0.189056408381   -2.70542086077   -0.193868236517   
25.0   -1.43099943425   1.11600896191   1.814727358   2.47924048438   -0.501818198549   1.73787147053   
26.0   1.39305462975   -3.6846235174   3.93916890555   -1.20933472896   -7.90414790682   0.416402554848   
27.0   -4.03899414004   -2.86315518564   4.95087176973   -2.52493293716   0.146044028371   1.24891318713   
28.0   -2.09240370578   4.72820067829   5.17049658371   1.98742670823   -1.62411640438   -0.708178519467   
29.0   0.0636069975507   -0.429700529639   0.434382775107   -1.4238371637   1.80330747969   -0.865629096152   
30.0   -4.92788109312   -1.37490570124   5.11609008475   -2.86950643074   5.96460348256   0.792594962831   
31.0   2.31542680327   -5.21907836062   5.7096392369   -1.1532383663   0.143730093406   0.502871092446   
32.0   -2.54449106478   4.85130578914   5.47810210186   2.05384824031   -2.7969124825   2.04969675383   
33.0   -0.414381686954   -7.2140489019   7.22594033614   -1.62817420811   -0.585510311788   1.34757220112   
34.0   -1.89113926345   -1.91295410705   2.68994444727   -2.35045998203   3.68307541677   -0.764124811312   
35.0   3.36167431953   0.889045119199   3.47724825897   0.258545747255   1.62301781095   1.0776678133   
36.0   2.64846278475   -0.574110417544   2.709973781   -0.213468472234   -2.89200571504   -1.37515706909   
37.0   6.7995445099   3.13587267692   7.48782364829   0.432119346728   -0.318599074784   0.427793623158   
38.0   2.53947339642   0.984977413992   2.72380352397   0.370003160529   5.46832128461   -0.193559048651   
39.0   5.61925894957   1.79445689843   5.89882587492   0.309104579504   1.65229775421   0.998652141499   
40.0   -6.05400316514   -2.24739160618   6.45768715215   -2.78613650307   5.62339856761   -1.4639909417   
41.0   -3.78658697208   -4.16318200811   5.62763941007   -2.30885805673   3.99800891479   -0.0484857070952   
42.0   3.14703437175   3.51904296207   4.72096268846   0.841146560145   -1.83541350204   -0.948437840788   
43.0   0.0215182099099   2.43648446003   2.43657947896   1.5619648933   4.84748412226   -0.727092018119   
44.0   5.81750054077   -0.571339129871   5.84548893962   -0.0978964718747   -0.371265011017   -0.536786875322   
45.0   8.72255665022   -6.21598545342   10.7108108784   -0.619154549803   0.966705799493   1.67045912613   
46.0   -2.12648959515   0.282499255773   2.14517221402   3.00951830043   9.78260177409   -0.357857974443   
47.0   4.02461457547   1.70645591729   4.37144304306   0.401027406222   7.75705365252   1.8815439003   
48.0   4.92132390487   0.0438097321809   4.9215188986   0.00890178655871   0.259706061668   -0.379977134182   
49.0   3.49237171234   2.83895877137   4.50070517616   0.682559139601   0.83973882021   -1.38365965062   
50.0   -3.59329539255   1.78985556881   4.01439344551   2.67945836556   -7.01603675971   -1.38357126974   
51.0   1.02865120731   0.316791819136   1.07632725645   0.298750906443   0.178665908518   -1.52802460183   
52.0   -5.03181902683   -2.68532744091   5.70352401447   -2.65137378213   3.49644141696   1.31759609444   
53.0   -8.43289099504   6.47528786901   10.6321683358   2.48675817667   3.50539251616   -0.387024886498   
54.0   2.22131413394   -3.49375690882   4.14011760938   -1.00447175312   4.63202125798   0.0812517871377   
55.0   0.222644353839   4.97772062233   4.98269737213   1.52609794497   3.75043267556   1.17793517695   
56.0   0.964308416348   -6.62710404248   6.69689470663   -1.42630066385   3.59965702255   -0.0248905600597   
57.0   -3.71405466496   -3.00019677369   4.77445104019   -2.46211637917   -7.62234145563   0.431013622715   
58.0   6.17754583167   6.29404774412   8.81913314945   0.794739273113   2.51349819334   1.07717543728   
59.0   -6.9951683463   -4.26319880071   8.19190113511   -2.59425426586   10.4432774007   0.680127208469   
60.0   -0.484681403421   1.84853020544   1.9110154325   1.82722234776   10.9740534615   1.64935777243   
61.0   0.679598114723   4.15711941624   4.21230286642   1.40875160286   -5.70021993345   -0.588219306027   
62.0   0.529919977526   3.28136766391   3.32388160564   1.41068505678   -1.39219633033   1.47948725643   
63.0   -10.0845800542   2.79390981613   10.464448716   2.8713237009   0.209189459324   -2.20087859648   
64.0   -1.0740338241   -2.57915032532   2.79384413594   -1.96538519587   8.00079482022   2.20461903725   
65.0   1.01692964662   3.54457684021   3.68756977999   1.29140324804   6.84984204511   -1.88507551314   
66.0   0.926297377854   -7.66069987515   7.71649852001   -1.45046499197   4.67255271951   0.765106409141   
67.0   7.50115178339   -5.2385174609   9.14928102452   -0.609625619022   -1.42889847888   1.08062317093   
68.0   -1.15727417335   1.12659059248   1.61508200267   2.36962861967   10.8470768672   -1.36973781741   
69.0   -7.08566886904   0.546970568694   7.10674891386   3.06455151621   0.22991720103   0.135143072731   
70.0   -3.64507709842   -4.77248837306   6.00526704856   -2.22305130546   10.2867446394   0.0621086971941   
71.0   4.47066096584   5.50731853295   7.09347354227   0.888921288427   8.7652453276   1.06719085074   
72.0   -0.0438829070728   11.120545638   11.1206322211   1.57474241728   1.6735460156   0.523863189371   
73.0   2.18363367089   2.70855684347   3.47915739554   0.892287400476   6.34905912363   2.6898145919   
74.0   -1.74204697711   -2.06590159674   2.7023465873   -2.27135164849   -9.80612041393   -1.48077693279   
75.0   6.93315891085   5.46015560785   8.82507743564   0.667098461612   2.20967244643   0.908441326123   
76.0   8.65746673439   1.41447108691   8.77225505288   0.161950739615   -0.492370826176   0.0255966667818   
77.0   -7.74167611704   -3.00724445086   8.30524342138   -2.77108373612   -1.25693253892   -2.24835379081   
78.0   3.4507571009   -0.506029462463   3.48766259639   -0.145605237426   -5.26399650262   -0.138030988767   
79.0   -4.80055845684   -5.46567891044   7.27454517132   -2.29149773915   -2.36875737205   0.796722374703   
80.0   11.6179099671   -2.51996432974   11.8880634347   -0.213594762309   -1.26321985066   -0.416604855049   
81.0   0.57621266065   -3.72884319247   3.77310118925   -1.41748046726   -5.66638839229   -2.60100438314   
82.0   1.4430790557   -3.34247652334   3.64069038372   -1.1632311613   -2.91155907158   -1.78052401131   
83.0   -4.56688973544   -3.80770722392   5.94601683135   -2.44660040026   -3.02989736245   1.18298130695   
84.0   5.61590403891   -7.35143829199   9.25105524441   -0.918446354592   -0.544087512328   1.67375666693   
85.0   4.10937735197   -3.98626657587   5.72514658631   -0.770192296075   -5.36739554012   1.48116808475   
86.0   -5.06138058959   -1.81519829141   5.37703620127   -2.79724422895   -3.67457121159   -0.42829709231   
87.0   -0.000667119447126   -8.3001863134   8.30018634021   -1.57087670083   -1.3403909544   0.0945328450796   
88.0   -1.27503542569   -2.23211723492   2.57061523515   -2.08978702654   1.6947848616   1.2356052759   
89.0   1.01859359331   1.38022859854   1.71539030327   0.935026645989   0.365190287321   -0.63946843704   
90.0   -1.15984087607   -0.864904465022   1.44682085671   -2.50084306626   -3.84142582987   -2.57568171015   
91.0   2.1045815643   0.698226397742   2.21738216447   0.320338345994   -2.2208735794   -2.35357354653   
92.0   4.80238441448   2.15364269967   5.26318087684   0.421566522109   0.813536441888   0.271401532832   
93.0   -8.14914849606   -3.45886262769   8.85281604282   -2.74019247139   4.29341032239   -1.93845239784   
94.0   0.904071243889   -3.93621612891   4.03870551384   -1.34503161144   0.463909941729   -2.95430359356   
95.0   -3.67152895352   5.2284009745   6.38876369939   2.18301595095   0.703383724715   -1.57607815111   
96.0   -1.64269536692   6.22826308626   6.44125058821   1.82867236314   3.6003181414   0.616760148421   
97.0   4.24758438817   1.66934333721   4.56384490447   0.374466069145   3.9538239779   -0.888161414872   
98.0   -0.197049205821   -5.85679652708   5.86011040417   -1.60442817743   -11.5562601819   -2.49978595716   
99.0   -3.0639863259   6.15835775754   6.87847239401   2.03246840396   0.66417836855   -1.07919916801   
