0.0   4.62063118019   -9.26454523247   10.3528754879   -1.10815446916   -6.41408333191   -0.788009792829   
1.0   -6.86893104986   -2.66262612994   7.36693909813   -2.77179250819   -12.908355561   -2.39764635791   
2.0   -1.81788119257   2.26230164002   2.90218895676   2.24770049717   -0.31847324555   -1.3648422942   
3.0   -2.71429405962   5.98196254009   6.56896248072   1.99676140325   3.11631948887   2.5045454705   
4.0   3.10162413358   7.9141886857   8.50026204413   1.19728628247   8.36168826079   0.00238624274616   
5.0   -9.36482574712   9.79233743832   13.5495326037   2.33388217074   -4.13271881069   -1.12413722482   
6.0   2.38604364169   1.69275970262   2.92551528296   0.617034844121   -6.78938479202   -1.92107571731   
7.0   0.590966460354   8.64279584604   8.66297647426   1.50252582177   -8.04210594618   -0.99910995946   
8.0   -4.20400971147   2.56030682643   4.92228287481   2.59457051061   -14.2540801938   0.790880373141   
9.0   14.9409194611   5.50471709448   15.9227191344   0.353000277604   1.56159097272   -0.572549112852   
10.0   4.52349299875   -9.46533451673   10.4906885581   -1.1249836829   5.40863063692   1.02567850918   
11.0   11.3607591795   8.7773591159   14.3564926839   0.657810926714   6.80407110907   0.509617632882   
12.0   3.80037851594   3.2407607418   4.99453772136   0.706086582073   -2.54928866694   0.587933360338   
13.0   -0.0369212808788   -7.85211096299   7.85219776598   -1.57549837558   5.0355263939   0.736697173924   
14.0   2.07712672722   11.8078264563   11.9891292872   1.39666685387   1.3951391611   0.925355515325   
15.0   -0.960496488825   -4.23117640852   4.33882556749   -1.79401795087   5.52893546815   -0.031533981445   
16.0   -2.33965645088   -11.6283254355   11.8613635279   -1.76934855501   -5.40605302925   -1.13556488223   
17.0   -4.11019432026   -8.71281683381   9.63363246807   -2.01158238613   6.71356358928   1.9404095831   
18.0   -2.40112076529   6.08641237675   6.54291957381   1.9465567701   4.75826077205   -1.20057560627   
19.0   -6.40646432146   1.17855219728   6.51396733058   2.95966378621   9.331320752   1.17867808519   
20.0   1.79135223954   -7.18030813321   7.4003897015   -1.32630595969   17.8892517673   0.755207074577   
21.0   -2.02483322689   -2.41999779382   3.15536668532   -2.26752332331   -1.39089457767   -2.44865710084   
22.0   -0.0953300263213   4.1291104138   4.13021072383   1.59387952983   5.3320024788   0.0587563873152   
23.0   -5.36309543876   -0.742088201928   5.41419316101   -3.00409634108   10.3459265769   2.76751036223   
24.0   10.4590488381   -2.61660533219   10.7813879469   -0.245144512984   4.49631977104   0.251010306022   
25.0   5.04427590826   6.61654937925   8.32006280786   0.919423669806   2.09101228005   1.34624787789   
26.0   -1.65884185314   -4.14855046514   4.46791083791   -1.95118252052   -12.7160302219   -0.648606432606   
27.0   -9.64324991322   -4.4133998683   10.6052047263   -2.71238094675   3.74944773297   0.669623419138   
28.0   -1.59789695377   5.51478611776   5.74161480765   1.85282106571   -4.86558817246   3.05852099594   
29.0   2.18354957489   5.3385942687   5.76788327828   1.1825451338   1.0903388854   -1.8044844404   
30.0   -3.64025838755   1.49016166191   3.93345432244   2.75304685816   12.4553277145   0.774602334583   
31.0   -1.86735093507   0.531715632022   1.94157694363   2.864190946   -4.08629158955   -2.66217420768   
32.0   -0.586949075584   6.74435119569   6.76984359259   1.65760585406   -4.14295519228   2.87360094971   
33.0   7.1863114446   -10.7991435387   12.9716835202   -0.98363513204   -0.983719846765   -0.679241350985   
34.0   -9.45625883257   1.1099754398   9.52118041975   3.0247473533   4.66542467646   0.888360682069   
35.0   10.7841492934   -7.04569686669   12.8817592091   -0.578718367315   0.642380768958   0.340607510905   
36.0   -0.650382015925   -8.19208445016   8.2178613036   -1.65002167035   -2.22089849112   -0.678586672178   
37.0   7.52715603778   -0.137983588795   7.5284206503   -0.0183293843177   -5.35857081172   -1.60434852607   
38.0   7.83397582422   -8.24858712279   11.3758677356   -0.811172630061   12.1300096924   1.79103088166   
39.0   4.02652163992   7.87928354792   8.8485018927   1.0983665856   2.49456507091   -0.197495629394   
40.0   -8.86049135472   -0.77755710328   8.89454338883   -3.05406135911   3.89424279211   0.586327025081   
41.0   -3.0164384468   -16.5402689257   16.813072207   -1.7511833263   3.95654663099   -1.23917159179   
42.0   -0.104192142038   -1.6921907053   1.69539534787   -1.6322910336   -1.71810461693   -1.17131071591   
43.0   -1.06494695245   4.8623555073   4.97761118318   1.78641047497   -3.64924863526   -1.32298371275   
44.0   7.34635193585   0.0410933643828   7.34646686713   0.00559365194473   -5.40944630106   1.85627281696   
45.0   11.3772439092   -7.17737382239   13.4520026002   -0.562797484503   3.62202984835   2.27475803147   
46.0   -3.94540099211   4.6901831017   6.12894823897   2.27016166876   2.63213017115   0.996876123292   
47.0   7.60616924062   1.97954008765   7.85954130186   0.254606467726   4.92025294188   -0.980204382596   
48.0   1.52431269838   0.810417694171   1.72635629042   0.488654473891   1.51280287689   -1.21528258757   
49.0   0.78861387326   5.30439858261   5.36270045446   1.42320571758   10.518565492   1.9878475726   
50.0   -2.06156713674   -7.70361938379   7.97469815539   -1.83227940509   -6.58133635196   0.338984996492   
51.0   6.28298075968   -0.17780499645   6.28549614933   -0.0282919143673   5.30760308055   -1.13497087184   
52.0   -10.7415573416   -3.53868421665   11.3094358881   -2.82335139445   1.81986174344   -0.166132015761   
53.0   -17.448465584   5.50272953668   18.2956001156   2.83609490184   4.82068832412   -0.508073816723   
54.0   7.50252407284   -3.15390903707   8.13848939777   -0.397950736832   5.02525226986   -0.621286393128   
55.0   -4.5034915479   7.31448213978   8.58970809138   2.12267655231   -8.5607053302   -0.302170032184   
56.0   1.12310585854   -3.57540397277   3.74764997538   -1.26643627749   -9.93028010285   -0.93180371274   
57.0   0.593744900162   -1.15936352191   1.30255778467   -1.09749183366   -11.3952533066   0.136085715228   
58.0   10.7843472713   -2.38382807364   11.0446721251   -0.217547022642   5.29389885448   0.650652779476   
59.0   -6.8576251729   -14.3771139978   15.9288552608   -2.01586058778   19.0699716564   1.43183985991   
60.0   -0.818042877398   4.50594626434   4.57960106192   1.75038770774   10.9227808014   0.723535109726   
61.0   5.37157036415   2.08515354066   5.76208586062   0.370278185408   -1.49194005731   1.21601134179   
62.0   3.16825649739   3.49028819714   4.7138053558   0.833724184183   0.588618455109   -1.29749543973   
63.0   -8.66647328407   -2.64387770293   9.06078630647   -2.84549134647   8.77261439567   -1.08956218746   
64.0   -4.98715873298   5.84717275142   7.6851272867   2.27698198752   2.39413079719   -0.588101252834   
65.0   3.6793868095   2.48792138362   4.44158081149   0.594558679897   6.93456098098   -0.748897581906   
66.0   -1.09701515901   -12.9799290644   13.0262043886   -1.6551122193   10.5314237422   -2.06023709892   
67.0   3.55886474631   -8.07558011291   8.82499362281   -1.15570764364   -11.1457637542   -1.3753996009   
68.0   6.36579489991   0.0119210079445   6.36580606193   0.00187266385374   10.7819239132   1.87427061136   
69.0   0.0482457156252   -0.138872706752   0.147014549473   -1.23643104827   0.812760658034   0.250103137565   
70.0   -1.9972404837   -3.53273325412   4.05822298482   -2.08535022454   19.5042335798   0.00889217750715   
71.0   5.21846661403   0.0549830585424   5.21875626356   0.0105358581633   -6.06614077278   1.23822497389   
72.0   6.63978515714   11.4157482906   13.2062885008   1.04399085546   7.55166407375   0.91465333409   
73.0   -1.94669383653   -1.78168970779   2.63894583272   -2.40042184149   9.10745511044   -0.670397036277   
74.0   -10.4779639839   5.78137586133   11.9671231338   2.63739521532   -11.8926658679   -1.15474186469   
75.0   -5.45309332169   2.39884283941   5.95740495042   2.72716540034   -2.94012626215   0.41595876405   
76.0   3.28001258376   -7.11440742856   7.83410975218   -1.13880115766   -1.52282871372   -0.46583226212   
77.0   -8.06762085501   -10.6519260718   13.3622616087   -2.21900781139   7.23519738811   -1.67696828951   
78.0   12.8601254916   -1.84684339956   12.992061353   -0.142634835968   -9.65412177362   -0.422555921453   
79.0   -1.5545008049   -7.08313276051   7.25170617548   -1.78683641772   -1.16905180223   -1.05732653358   
80.0   11.3113719938   7.27380897217   13.4482501964   0.571475882046   1.71096968919   -1.84855347729   
81.0   6.56866624834   -2.29362790106   6.95759335047   -0.335941545046   -12.0812285139   -0.647805987438   
82.0   -0.374606299629   1.24949050366   1.30443719606   1.86207626809   -16.339177332   -0.988126259641   
83.0   -1.3507356967   -3.33741434101   3.60039184061   -1.95536950595   -11.3376603999   1.92378956176   
84.0   11.8128061063   0.651710437931   11.8307698228   0.0551139527063   2.9160309681   0.601220525201   
85.0   7.91855088672   -4.49352432649   9.10468061045   -0.516155367884   -11.8152790787   -1.67086754578   
86.0   7.15911917958   -4.76757268866   8.6013218036   -0.587502150813   -7.49292020734   0.742946514044   
87.0   0.158248988315   -7.57185793517   7.57351142685   -1.54989974435   1.62661725272   1.33874680126   
88.0   -0.196131558524   -7.26685862632   7.26950492697   -1.59777964451   -2.39762214743   0.927967793428   
89.0   10.3178047697   -3.60887485686   10.9307398194   -0.336471311   -0.23858403825   1.86802551702   
90.0   0.417309630164   1.25399471508   1.32160889558   1.24954007228   -5.7997870681   -2.46958772421   
91.0   -4.44118194019   9.29625314892   10.3026413911   2.01647700287   9.11199482594   0.178894156113   
92.0   4.91620802654   0.117898957185   4.91762153122   0.0239770901229   8.94872300464   0.525501529686   
93.0   -17.4257082446   -0.210527850892   17.4269799393   -3.12951178974   2.61198309848   0.0468944972397   
94.0   8.60586532173   -8.92897342643   12.4011081918   -0.803822715075   4.68593508473   0.642354425897   
95.0   -4.65456406282   -2.70794888218   5.38497481549   -2.61467528763   -4.2560132971   -1.33057354895   
96.0   -5.32405067264   11.2218345588   12.420752249   2.01378499822   3.83290726468   1.77741063476   
97.0   -2.42276682929   -4.8187042169   5.39348768785   -2.03666856329   3.67985123458   2.59523154616   
98.0   -3.35177577472   -3.3895166833   4.76688831318   -2.35059608091   -7.49941077915   2.01437057837   
99.0   -2.48835793541   9.02662002424   9.36332175441   1.83978425314   1.31250918683   -0.0428812767579   
