0.0   0.188489365532   0.982075230866   1.0   1.38117261446   1.38117261446   1.38117261446   
1.0   0.98223048516   0.187678645621   1.0   0.188798260512   0.188798260512   0.188798260512   
2.0   0.169681919006   0.985498881969   1.0   1.40028942804   1.40028942804   1.40028942804   
3.0   0.0973751674237   0.995247746428   1.0   1.47326661506   1.47326661506   1.47326661506   
4.0   0.973232964759   0.229820791719   1.0   0.231893541773   0.231893541773   0.231893541773   
5.0   0.824677025584   -0.565603928093   1.0   -0.601165390574   -0.601165390574   -0.601165390574   
6.0   -0.706701234414   -0.7075120955   1.0   -2.35562112479   -2.35562112479   -2.35562112479   
7.0   -0.884707652906   0.466146295586   1.0   2.65666280672   2.65666280672   2.65666280672   
8.0   -0.574676148075   -0.818380916709   1.0   -2.18300469711   -2.18300469711   -2.18300469711   
9.0   0.348547720012   -0.937291036378   1.0   -1.21477511443   -1.21477511443   -1.21477511443   
10.0   -0.0559855292623   0.998431580286   1.0   1.62681114403   1.62681114403   1.62681114403   
11.0   0.681313586697   0.731991664285   1.0   0.821240649601   0.821240649601   0.821240649601   
12.0   0.844758215271   0.53514816428   1.0   0.564683129921   0.564683129921   0.564683129921   
13.0   -0.934036828998   -0.357176709872   1.0   -2.77634918909   -2.77634918909   -2.77634918909   
14.0   0.985384863322   -0.170342804764   1.0   -0.171177547889   -0.171177547889   -0.171177547889   
15.0   0.628685948554   0.777659294351   1.0   0.890934023889   0.890934023889   0.890934023889   
16.0   0.661175716319   -0.750231079168   1.0   -0.848411507077   -0.848411507077   -0.848411507077   
17.0   0.937461021635   -0.348090265471   1.0   -0.355533196332   -0.355533196332   -0.355533196332   
18.0   0.673459801286   0.739223847053   1.0   0.831917142267   0.831917142267   0.831917142267   
19.0   0.985090497711   -0.172036947543   1.0   -0.172897074451   -0.172897074451   -0.172897074451   
20.0   0.910405982928   0.413716021261   1.0   0.426532013827   0.426532013827   0.426532013827   
21.0   -0.726824792493   0.686822918239   1.0   2.38448385986   2.38448385986   2.38448385986   
22.0   0.305254044832   0.952270953098   1.0   1.26059113103   1.26059113103   1.26059113103   
23.0   -0.496997872045   0.867751758962   1.0   2.09093199881   2.09093199881   2.09093199881   
24.0   0.792371688458   -0.610038611343   1.0   -0.656109318838   -0.656109318838   -0.656109318838   
25.0   0.956645229422   -0.291255738183   1.0   -0.295539223659   -0.295539223659   -0.295539223659   
26.0   0.504527496645   -0.863395624919   1.0   -1.04196171073   -1.04196171073   -1.04196171073   
27.0   0.122448937774   -0.992474814611   1.0   -1.44803931116   -1.44803931116   -1.44803931116   
28.0   0.645112113315   0.764087927698   1.0   0.869626324364   0.869626324364   0.869626324364   
29.0   0.936850191472   -0.349730923337   1.0   -0.357283874059   -0.357283874059   -0.357283874059   
30.0   0.997197502501   -0.0748140428393   1.0   -0.0748840100013   -0.0748840100013   -0.0748840100013   
31.0   0.888276446266   0.459309215028   1.0   0.477217373115   0.477217373115   0.477217373115   
32.0   0.837912777362   0.545804156758   1.0   0.577348529252   0.577348529252   0.577348529252   
33.0   0.320823097667   -0.947139134448   1.0   -1.24419793162   -1.24419793162   -1.24419793162   
34.0   -0.671915401603   0.740627904611   1.0   2.30758827641   2.30758827641   2.30758827641   
35.0   0.393992116252   -0.91911381903   1.0   -1.1658253159   -1.1658253159   -1.1658253159   
36.0   0.992004801901   0.126200130765   1.0   0.126537541761   0.126537541761   0.126537541761   
37.0   0.969231614654   -0.246150517276   1.0   -0.248706554539   -0.248706554539   -0.248706554539   
38.0   0.775466011821   0.631389312952   1.0   0.683343492295   0.683343492295   0.683343492295   
39.0   0.945857264931   -0.324582862113   1.0   -0.330570679016   -0.330570679016   -0.330570679016   
40.0   0.40928790261   0.912405289757   1.0   1.14912286306   1.14912286306   1.14912286306   
41.0   0.998695525469   0.051061212358   1.0   0.0510834266333   0.0510834266333   0.0510834266333   
42.0   0.559133557292   0.829077598968   1.0   0.977455963815   0.977455963815   0.977455963815   
43.0   0.437636813836   0.899151833216   1.0   1.11782757891   1.11782757891   1.11782757891   
44.0   0.414551904306   -0.910025669218   1.0   -1.14334597804   -1.14334597804   -1.14334597804   
45.0   0.849307149441   -0.527899011089   1.0   -0.556124889968   -0.556124889968   -0.556124889968   
46.0   0.438124461449   0.898914320878   1.0   1.1172851655   1.1172851655   1.1172851655   
47.0   0.999965236336   0.00833823239039   1.0   0.00833832901423   0.00833832901423   0.00833832901423   
48.0   -0.944822319286   0.32758324893   1.0   2.80784810596   2.80784810596   2.80784810596   
49.0   0.558017856428   -0.829828941353   1.0   -0.978801067555   -0.978801067555   -0.978801067555   
50.0   -0.261550038795   -0.965189917688   1.0   -1.83542412287   -1.83542412287   -1.83542412287   
51.0   0.463141274891   0.886284468719   1.0   1.08926007809   1.08926007809   1.08926007809   
52.0   -0.0719237538798   -0.997410133109   1.0   -1.64278223605   -1.64278223605   -1.64278223605   
53.0   0.676327892465   0.736600693642   1.0   0.828030382711   0.828030382711   0.828030382711   
54.0   0.614958578472   0.788559412324   1.0   0.90846288947   0.90846288947   0.90846288947   
55.0   0.844609653912   0.535382603862   1.0   0.564960677026   0.564960677026   0.564960677026   
56.0   0.20174689956   -0.979437689962   1.0   -1.36765515861   -1.36765515861   -1.36765515861   
57.0   -0.0531736048959   -0.998585283159   1.0   -1.62399502109   -1.62399502109   -1.62399502109   
58.0   0.987184234061   -0.159584736181   1.0   -0.160269983803   -0.160269983803   -0.160269983803   
59.0   -0.85782822986   0.513936501968   1.0   2.60182522181   2.60182522181   2.60182522181   
60.0   -0.591555509611   0.806264273702   1.0   2.20378308533   2.20378308533   2.20378308533   
61.0   0.228510021249   0.973541560586   1.0   1.3402493922   1.3402493922   1.3402493922   
62.0   0.930458869424   0.366396359576   1.0   0.375133081913   0.375133081913   0.375133081913   
63.0   -0.660973182211   0.750409523126   1.0   2.29291121632   2.29291121632   2.29291121632   
64.0   0.118864334929   0.992910504468   1.0   1.45165029682   1.45165029682   1.45165029682   
65.0   0.984138160127   -0.177403725387   1.0   -0.178347700548   -0.178347700548   -0.178347700548   
66.0   0.750063979587   -0.66136527466   1.0   -0.722637514465   -0.722637514465   -0.722637514465   
67.0   0.996514050882   -0.0834250945164   1.0   -0.0835221684326   -0.0835221684326   -0.0835221684326   
68.0   0.520913109984   0.853609706978   1.0   1.0228760205   1.0228760205   1.0228760205   
69.0   -0.185401232358   -0.982662904073   1.0   -1.7572764847   -1.7572764847   -1.7572764847   
70.0   -0.806631867391   0.591054168845   1.0   2.50922756032   2.50922756032   2.50922756032   
71.0   0.572270255209   0.820065091931   1.0   0.961524752837   0.961524752837   0.961524752837   
72.0   0.994489756751   0.104833790913   1.0   0.105026769553   0.105026769553   0.105026769553   
73.0   -0.988661492409   0.150161424566   1.0   2.99086110697   2.99086110697   2.99086110697   
74.0   -0.122757077175   -0.992436748616   1.0   -1.69386382417   -1.69386382417   -1.69386382417   
75.0   0.92163592804   0.388055686915   1.0   0.39852102087   0.39852102087   0.39852102087   
76.0   0.955865804351   0.293803614806   1.0   0.298203652853   0.298203652853   0.298203652853   
77.0   -0.516638799493   0.85620345179   1.0   2.11371690366   2.11371690366   2.11371690366   
78.0   0.998208878177   -0.0598250409895   1.0   -0.0598607845781   -0.0598607845781   -0.0598607845781   
79.0   0.994880295062   0.101060370559   1.0   0.101233190952   0.101233190952   0.101233190952   
80.0   0.998624189635   -0.052437847739   1.0   -0.0524619091592   -0.0524619091592   -0.0524619091592   
81.0   -0.301925538142   -0.953331510765   1.0   -1.8775081357   -1.8775081357   -1.8775081357   
82.0   0.990262246575   0.139214521541   1.0   0.139668167927   0.139668167927   0.139668167927   
83.0   -0.50005724626   -0.865992350118   1.0   -2.09446120594   -2.09446120594   -2.09446120594   
84.0   0.799589895184   -0.600546417456   1.0   -0.644184305701   -0.644184305701   -0.644184305701   
85.0   -0.491858118237   -0.870675365176   1.0   -2.08501890788   -2.08501890788   -2.08501890788   
86.0   0.999575070222   0.0291492536781   1.0   0.0291533831753   0.0291533831753   0.0291533831753   
87.0   0.847711759214   0.530457136148   1.0   0.559139733359   0.559139733359   0.559139733359   
88.0   -0.653619053967   -0.756823712823   1.0   -2.2831528462   -2.2831528462   -2.2831528462   
89.0   0.0410371454745   -0.999157621545   1.0   -1.5297476545   -1.5297476545   -1.5297476545   
90.0   0.518872551235   -0.854851610266   1.0   -1.02526478723   -1.02526478723   -1.02526478723   
91.0   0.180580439632   -0.983560219215   1.0   -1.38921976605   -1.38921976605   -1.38921976605   
92.0   0.505594137488   0.862771446061   1.0   1.04072586198   1.04072586198   1.04072586198   
93.0   -0.53982103448   0.841779811313   1.0   2.14102081798   2.14102081798   2.14102081798   
94.0   0.939562929193   0.342376258065   1.0   0.349444845938   0.349444845938   0.349444845938   
95.0   0.983845995159   -0.179016920457   1.0   -0.179987139264   -0.179987139264   -0.179987139264   
96.0   -0.0191039111102   0.999817503638   1.0   1.58990140012   1.58990140012   1.58990140012   
97.0   0.651175548722   -0.758927140605   1.0   -0.861663956167   -0.861663956167   -0.861663956167   
98.0   0.567970387032   -0.823048989705   1.0   -0.966758544464   -0.966758544464   -0.966758544464   
99.0   0.562513707422   -0.826787958888   1.0   -0.973373331117   -0.973373331117   -0.973373331117   
