0.0   7.03249962792   -12.7357136717   14.5483488323   -1.06627534107   -13.4647313042   -2.40044642086   
1.0   -6.22961217165   -4.15637468913   7.48889300001   -2.55322341515   -14.6089234757   0.848878198556   
2.0   -9.40876277595   -0.227755650227   9.41151898528   -3.11739062135   1.39542591791   -1.37116561587   
3.0   0.539851019187   3.66835972334   3.70787030285   1.42468097949   -6.41989663072   0.45229060446   
4.0   8.06100184937   13.6939614582   15.8903848674   1.03876142812   15.7099326385   0.732397153827   
5.0   -20.3437809969   11.6308785347   23.4338806162   2.62222939141   1.8154650822   -0.617801564235   
6.0   5.03334477862   -8.64866124447   10.0066928094   -1.04373248116   -10.0141019384   0.544016958489   
7.0   13.5143813771   9.26042226592   16.3827325117   0.60074240235   -5.41286912464   -0.733944444781   
8.0   -3.87079774876   -0.678708323582   3.9298498954   -2.96801644602   -11.5095032267   -1.9734737972   
9.0   10.5371630812   2.30271488049   10.785838012   0.215150330078   -9.51413734564   -2.08556318537   
10.0   9.81492695273   -9.2548712026   13.4901976288   -0.756037872918   13.6066785586   -0.223863976324   
11.0   8.69776533652   6.20954692843   10.6868889255   0.620010198672   6.3377289775   -0.528037651568   
12.0   -9.1105051002   -5.6904792168   10.7416412572   -2.583276472   -16.1800661795   -2.4641935969   
13.0   5.98477069759   -16.4973595405   17.5493689947   -1.22278945558   2.38848395271   -0.48226047746   
14.0   9.27287182858   14.0299174775   16.8173938639   0.986771891355   7.07424734185   -1.09272522174   
15.0   2.4250568158   8.59882712578   8.93424470781   1.29591378297   18.5124055443   -0.445925996328   
16.0   -2.52871735766   -9.76913575654   10.091106228   -1.82408465349   11.928229125   -0.412308482471   
17.0   -1.97239078222   -6.59877486862   6.88724583302   -1.86124600301   5.73168759446   -2.60162842227   
18.0   -4.78141588949   19.8494474977   20.4172109719   1.8071770696   2.34183507149   1.03407494425   
19.0   -16.3002094144   10.3272027441   19.2963194281   2.57685965854   14.8618908278   1.19774731035   
20.0   2.2405315894   7.08285331808   7.42878138921   1.26442440334   31.7082368523   -0.464090601829   
21.0   -21.8853910203   -0.0629781918042   21.8854816343   -3.13871502541   1.61081847676   -0.0297317091866   
22.0   -6.38880188309   -6.06018709713   8.80583086106   -2.38258526719   1.59841599092   0.569965288562   
23.0   1.1512668719   -10.8126937491   10.8738108096   -1.46472232201   0.703290395053   0.300711780739   
24.0   8.68326004544   -0.865839890844   8.72632131733   -0.0993851681301   5.18704403775   -1.66221031899   
25.0   -2.08273290856   -4.51937029274   4.9761917378   -2.002632945   17.6929035032   1.50682149095   
26.0   0.516681509343   0.0984109772056   0.525970058589   0.188213010425   -9.55994501053   -2.40868764023   
27.0   -25.2615670827   -2.13160387494   25.3513413166   -3.05741077284   8.23521872568   -0.313971067054   
28.0   -7.4286879719   8.94422945515   11.626893202   2.2638935805   3.51896424811   -0.565765909793   
29.0   8.15681709449   3.65828549839   8.93961508683   0.421601031039   -7.6838837257   0.993502747722   
30.0   -5.62177921872   -1.68480412485   5.8688130421   -2.8504181471   5.88563495757   -1.10035482078   
31.0   -7.20137624052   -11.3649938954   13.4544753149   -2.13558842568   -18.6970453509   0.84700390535   
32.0   -5.47497556652   10.8621122036   12.163915446   2.03767339196   -3.61446803841   1.96368398224   
33.0   5.70325419663   -9.46952743801   11.0543682918   -1.02870613287   11.1359283765   0.439204907039   
34.0   3.23499628606   6.26032928611   7.04676689989   1.09384232632   14.6318711054   0.0780588260353   
35.0   16.5712113782   -3.52194206491   16.9413435845   -0.20941770584   -10.7165136548   0.393045309899   
36.0   -3.83342573804   -11.3529318315   11.9826630621   -1.89643540066   1.58633183231   -0.498107900983   
37.0   16.1577725732   0.465928473203   16.1644889764   0.0288281934716   -8.8466465841   -0.752979218153   
38.0   7.92848877033   -6.84235752609   10.4727642338   -0.711998170633   10.1417563493   0.90479425302   
39.0   -4.16449757173   10.0436427734   10.8728009355   1.96385947106   11.0058689766   -0.320365861716   
40.0   -16.2198133059   -4.78659605583   16.9113525621   -2.85462998779   9.88355950815   0.553887940525   
41.0   3.08844151245   -11.413077795   11.8235703462   -1.30652022914   12.7044010093   -0.429434046556   
42.0   1.74566887945   1.99125512405   2.64810437969   0.851022617738   -9.19753137562   1.39817178521   
43.0   -1.77369614143   1.1623783966   2.12064177527   2.56147091133   3.72349548225   0.123687146759   
44.0   1.8086040575   -0.261839623206   1.8274596097   -0.143775490497   -2.46036459805   1.43774090453   
45.0   9.57472514375   -8.47716514752   12.7881855834   -0.724672636607   22.5695646873   -0.819587185868   
46.0   -10.6379788653   2.22901529039   10.868997355   2.93504708631   -2.85272615616   -0.38043532509   
47.0   18.1362670091   -6.58027056932   19.2931112523   -0.348053211837   3.4603937757   -0.596685173975   
48.0   4.75843667828   0.867143462423   4.83680239473   0.180254866226   18.228306018   0.0133987042977   
49.0   7.68833887732   -3.67733892521   8.522521708   -0.446138076315   20.1900426721   -1.90941120986   
50.0   0.996577657921   3.07261600153   3.23019134435   1.25715990544   -13.6829311389   0.0679351397758   
51.0   7.3455193888   -7.28622544635   10.3462909463   -0.781345767832   8.6068496121   1.88426172171   
52.0   -20.3513007398   -5.83953686956   21.1725206967   -2.8621631218   6.07943549788   2.26702122333   
53.0   -16.7657475337   5.98091924877   17.8006091307   2.79893099247   -7.18631442445   3.001840113   
54.0   8.80908713454   10.023820914   13.3445495188   0.849809533415   -0.340713161833   1.24466965864   
55.0   -11.2103649931   8.37914078665   13.9957952114   2.49972820612   -19.0503082544   -0.413111205382   
56.0   2.62611279052   16.1027207258   16.3154553464   1.40913449019   -5.88359498199   -0.309144317337   
57.0   9.88435790593   0.0780572959414   9.88466611242   0.0078968886097   -15.045381217   -2.23878600197   
58.0   7.97489218325   -0.565741348817   7.99493393395   -0.0708216681569   19.4149460481   1.6841740655   
59.0   -11.295698813   -21.4878180156   24.2758961678   -2.05477561816   17.8712934142   1.79716739053   
60.0   -10.3584231813   12.1065213508   15.9331349715   2.27853649151   18.6459873259   -1.20972127755   
61.0   12.4633269084   7.31546840714   14.4516641132   0.530775728824   -5.95839836774   -0.517359362929   
62.0   12.1357720138   8.06388651887   14.5706289556   0.586482012056   9.69049612154   0.43774026777   
63.0   -12.8670773814   -2.9641579101   13.2040869603   -2.91517514978   7.65626056701   0.167717971128   
64.0   -5.84893896479   11.2812731345   12.7073683566   2.04910613797   14.2597155374   1.23427863838   
65.0   -7.16842679163   -5.11721023723   8.8075072114   -2.52162908176   14.7044093655   1.74769723163   
66.0   4.51944332193   -13.8217656124   14.5418902686   -1.25477447205   14.7700563292   0.271242407222   
67.0   -1.08732687076   -14.7387140767   14.7787676198   -1.64443644748   -13.4331621572   -0.125204873951   
68.0   0.369396058495   -12.4779334314   12.4834000243   -1.54120102521   -8.33853827235   0.0848031321835   
69.0   11.8421405858   3.65366196657   12.3929633026   0.299264482737   -0.453176779373   -1.46986826745   
70.0   0.966505532623   -10.5453769834   10.5895754715   -1.4793996091   23.7438733503   0.284212716818   
71.0   12.7027853001   2.40353148521   12.9281753539   0.187002209965   7.76842793463   1.42238828452   
72.0   -1.7340493704   11.1578503392   11.2917913287   1.72497366978   17.509604653   -1.12779315135   
73.0   -7.77501781268   -7.02744816793   10.4802638202   -2.40665466645   16.4283340994   0.0603083945798   
74.0   -5.57360714169   -3.3992570379   6.5284029425   -2.5939367651   -19.9361849323   0.194060637332   
75.0   2.12623498255   5.2907830469   5.70204002533   1.18867436467   1.60948701607   -0.678020165905   
76.0   -0.712839315594   -19.8670465936   19.8798309913   -1.60666142848   5.77237898103   -0.386940447598   
77.0   -13.8750618529   -23.4987889721   27.289383001   -2.10417054533   1.6966047701   -2.15830335485   
78.0   22.8136673835   -12.0048844842   25.7794621931   -0.484398673465   -5.3009459736   -0.775078578476   
79.0   4.4429301231   -7.37012691698   8.6057189619   -1.02829888891   3.14659121207   0.221580136892   
80.0   5.70476949655   16.5419371091   17.498002124   1.23870156569   -16.6187510299   0.553194059991   
81.0   -1.02640747658   -2.7006919897   2.88916069668   -1.93399009613   -42.3497083897   -1.67725857817   
82.0   -5.7044521838   4.05942673224   7.00140843772   2.52310768171   -11.6853942599   -1.5951959912   
83.0   3.10717554186   -5.09851254085   5.97070933618   -1.02347340686   -17.7928886149   -1.23507096672   
84.0   8.04681264344   9.2438105349   12.2555794202   0.854516039607   3.28093703691   1.30519554071   
85.0   7.05125233928   10.4374589242   12.5960592388   0.976653981013   -3.80645067105   -0.155964556342   
86.0   10.8629892364   -5.48390808908   12.1687215056   -0.467500121319   -0.861288392936   -2.31110629521   
87.0   -4.78100672171   -3.92056464354   6.18294851969   -2.45475760338   -3.39492279971   -0.107187609273   
88.0   -8.93914184364   -12.5163708986   15.380760624   -2.19098639497   4.68324619058   0.0762259120503   
89.0   12.8012131379   -11.5090083282   17.2141898009   -0.732293346634   -1.59631165587   0.680859892627   
90.0   5.28383517237   6.25217827391   8.1858809726   0.869142719946   -1.92412948409   0.873358293917   
91.0   -11.8059575389   23.1232819036   25.9627964481   2.04286082492   15.6676940174   1.12257860549   
92.0   -2.22191551061   0.357873248006   2.25055144308   2.98189896074   15.1501568996   0.813499626721   
93.0   -19.2279320226   -6.1234487484   20.1794448497   -2.83328154713   2.21997509406   -1.44911858337   
94.0   14.7149650388   -12.9622565207   19.6099538552   -0.722155861902   -3.69989931545   -2.33584734022   
95.0   -2.5391872167   14.7825676163   14.9990592056   1.7409053154   -5.62728956929   -0.426577358953   
96.0   -9.1232231693   17.4798458905   19.717459607   2.05183215041   4.68010386801   -1.49351108745   
97.0   3.50333552145   -7.12565546376   7.94029757403   -1.11385021084   -13.9130826846   -0.302684157181   
98.0   -8.42154434311   -3.53890442013   9.13489209667   -2.74377735709   -5.35134577006   -0.211521377465   
99.0   -13.2949721559   3.72715017295   13.8075317504   2.86826606889   -4.41796329922   -0.228675307654   
