0.0   4.00753265099   -13.7364263827   14.3090785068   -1.28693009849   -13.3644372249   -1.87073585049   
1.0   -1.59343463751   -3.81966284076   4.13870247313   -1.96601309917   -13.2368389386   -0.831256300321   
2.0   -3.92290142122   1.81024888848   4.32043476966   2.70925233729   4.43641342599   -0.199063821327   
3.0   -2.60636198514   4.78223063976   5.44636141744   2.06980012538   -1.97117529535   -0.450554456301   
4.0   4.09698219398   9.17041588381   10.0439927608   1.15063939772   17.4607464474   -0.696294336607   
5.0   -13.7585341664   10.1736721369   17.1114250475   2.50488137573   -5.90866925366   -1.35656197529   
6.0   -2.7441452839   2.15590516702   3.48973644109   2.47567050528   -4.88420397265   -2.17222107484   
7.0   10.7292247681   7.02464773522   12.8242715165   0.579686801947   -5.72106554286   0.971219605833   
8.0   -5.29684511053   2.18947538407   5.73152428089   2.74962694987   -5.45690833584   -1.75447073786   
9.0   13.9152962762   2.77887090299   14.1900526408   0.197106130526   -0.82738611051   -0.721583963189   
10.0   9.68763526291   -11.1540488511   14.7737294804   -0.855642051812   8.60857036043   0.436800571902   
11.0   5.13809929208   6.70103736068   8.44416757558   0.916653705691   4.63730784783   0.412691479374   
12.0   -2.51908477519   0.799795017775   2.64300211409   2.83416432374   -8.5579932703   0.951778019515   
13.0   6.38946812629   -9.98973059875   11.8583312642   -1.00176436728   0.226336885051   1.53046755879   
14.0   1.63975376582   17.1413488032   17.2196002046   1.47542581144   4.25197899162   2.68362439342   
15.0   -1.32100998918   0.389777594123   1.37731403986   2.85467383915   0.845721877104   -1.25263879854   
16.0   2.51587122871   -12.2028898965   12.4595397132   -1.36747506349   -0.622412685983   0.555819980242   
17.0   0.70529549017   -7.35860731131   7.39233003122   -1.4752418896   8.3742935391   -1.35696590598   
18.0   3.39404790974   8.56640993299   9.2142791554   1.19356643616   9.17009880908   0.765559930885   
19.0   -13.3317970154   3.60178548598   13.8097672083   2.8777269986   16.0308751487   1.67617712422   
20.0   1.87063233618   -2.34886593851   3.00273817278   -0.898255536183   25.4401660097   0.734262429638   
21.0   -4.90016192419   -7.75849958952   9.17637743142   -2.13411783278   2.16296430159   2.34512205354   
22.0   -5.22649692771   -2.56505713984   5.82200895448   -2.68534867874   4.17165089075   -0.658042079439   
23.0   1.60004433742   -5.63911832333   5.86172306973   -1.29432275276   11.9723528442   -0.356027572002   
24.0   10.8789702818   -1.57203775077   10.9919651147   -0.143509073125   13.3574801069   -1.54988694822   
25.0   2.83673912568   6.65653491917   7.23578233485   1.16794480472   8.1995957531   -1.16117998538   
26.0   5.15822403586   -3.29722768282   6.12200829765   -0.568757955822   -14.4349023585   -1.43253431062   
27.0   -14.8009111543   -6.64238392665   16.2230772429   -2.71975199912   7.32901095937   -1.94435658483   
28.0   -0.49419867168   10.012816987   10.0250055532   1.62011291335   1.12664700422   0.194309786155   
29.0   3.3725024023   6.46142470183   7.28860628865   1.08974795933   -2.66609747722   1.30922210195   
30.0   -0.827697121921   -3.32417535416   3.42567136644   -1.81482720709   10.7527047929   -0.675036739941   
31.0   -2.7393473833   -4.60246382433   5.35599639102   -2.10767266942   -15.9423375281   -0.636540734443   
32.0   -0.367520752895   11.934882916   11.9405402609   1.60158042859   -5.74543854615   0.685898280158   
33.0   10.1559634943   -16.2925957187   19.1987569845   -1.01338555962   4.8293722242   0.919932323677   
34.0   -4.7133355487   6.39355926652   7.94311853677   2.20605535008   7.47715511074   -0.972313477926   
35.0   12.8899539477   -9.38275343597   15.943242293   -0.629214343013   -5.56130817597   0.515044527784   
36.0   -8.89877768812   -8.77612845364   12.4983468898   -2.36313355199   -1.32307690262   1.24549013963   
37.0   14.9979811713   -3.69087415969   15.4454521228   -0.241296609619   -6.28819532911   0.554364208683   
38.0   7.48490350035   -11.8976093442   14.0562046271   -1.00924705489   18.6241992066   0.961212967479   
39.0   -4.11574935262   11.1270037058   11.8637938368   1.92507806132   3.10057401175   1.02466795643   
40.0   -8.6222289612   -5.57972961653   10.270161384   -2.56723548078   3.62489155601   -0.348960425798   
41.0   3.02765479314   -20.1946983567   20.420395081   -1.42198144199   5.46450300606   0.644944914271   
42.0   -1.05433815323   0.779340110192   1.31110638345   2.50505579858   7.89978740346   0.538604668414   
43.0   1.52413574281   5.62427307   5.82712942438   1.30615967345   -4.47493684681   -0.284903247335   
44.0   2.71913704253   -1.27368871479   3.00266368384   -0.438063120463   -8.55830907944   1.40795830314   
45.0   8.14105922045   -7.5535699314   11.1055510417   -0.747983126786   10.6835139487   -0.587617038786   
46.0   -11.6714220399   3.13660515011   12.0855444354   2.87905340547   3.22404651642   -0.566295123326   
47.0   9.43377133568   -2.37617194548   9.72842406191   -0.246746654887   9.7061664841   -1.60798751909   
48.0   1.03143413112   4.80027686344   4.90983852408   1.35914469687   3.80455415917   -0.0111501046599   
49.0   6.22565257716   -1.34040498534   6.36831496836   -0.212066262524   18.9692913867   1.9191659557   
50.0   -1.83344337463   -1.61259971578   2.44171915898   -2.42019312814   -3.79571283807   0.19019953664   
51.0   8.53407395949   -5.08456502349   9.93394281361   -0.537322407761   -1.89456920343   -0.0975192567464   
52.0   -7.31369200856   -3.00812725838   7.90815530947   -2.75138234145   -3.89642532408   -0.618370833331   
53.0   -19.0959135637   12.0423451869   22.5759162036   2.57895918992   0.00436309027549   -0.616427453447   
54.0   2.12154896206   -0.911035755564   2.30888634331   -0.405608542225   2.58496177003   1.2834303664   
55.0   -10.9735814295   6.75798545377   12.8875853744   2.58960644234   -12.3394151006   -2.18997927186   
56.0   -5.65793075477   3.69368448961   6.75688430674   2.56322837423   -10.2092449836   0.473060197464   
57.0   -0.0216802024958   0.721942833887   0.722268292659   1.60081766335   -11.5970391839   2.39420487293   
58.0   15.6895249947   0.296183942302   15.6923203984   0.018875572463   8.50856850619   0.944075003886   
59.0   -3.84937009961   -15.0724883261   15.5562705847   -1.82084191726   13.3673028072   0.0804880366682   
60.0   -4.36017087278   2.68179602044   5.11889831263   2.59016827642   8.9909642135   -1.9335526755   
61.0   10.9955709403   -2.65632350103   11.3118802524   -0.237039550481   -1.86012783431   -1.37426534595   
62.0   2.14947947142   4.96138795441   5.40699846793   1.16196576274   3.07858874415   -0.653185958497   
63.0   -10.3433033041   -10.7145564902   14.8924693729   -2.3385661684   11.0466302937   0.0280872903303   
64.0   -10.0044041426   7.62345558605   12.5779639577   2.49044937638   8.36186495319   0.16060858674   
65.0   -0.948233917304   -4.87248050756   4.96389099986   -1.7630039593   10.820687158   1.86822381827   
66.0   -1.4445889663   -16.0548674964   16.1197272808   -1.66053293095   16.6285667557   -0.664899014786   
67.0   -2.35289922322   -8.75329544207   9.06401212768   -1.83339078848   -4.53410559533   -1.17512240335   
68.0   5.54829184317   -3.66459137958   6.64926855799   -0.58371426337   -1.98460334173   -2.13419280452   
69.0   3.83729679578   -0.985790460452   3.96189721356   -0.25145945338   6.12233362314   -0.830180700724   
70.0   -5.36753843043   -4.84327014226   7.22964276248   -2.40749388639   19.012399489   0.323447438967   
71.0   8.4761903616   1.82604335234   8.67065380295   0.212189116525   2.79429226421   0.0380154287428   
72.0   2.61689558826   12.7043523736   12.9710721127   1.36765342648   15.6368471449   -0.156710435718   
73.0   -3.71593782292   -5.34946023869   6.51344139063   -2.1779144931   10.3346040699   2.07781039649   
74.0   -5.69782088991   5.08704227185   7.6382695664   2.41276701049   -7.07348106334   1.47834344442   
75.0   -12.2487753615   0.303836482993   12.2525431835   3.11679228138   1.87884076905   -1.97814911968   
76.0   0.476642217928   -11.8873047214   11.8968567842   -1.53072105028   0.00779106881916   2.11297246258   
77.0   -11.0231361023   -15.3294279904   18.881231211   -2.19421540843   4.17988294959   0.642229340501   
78.0   14.8058330502   -3.66120639702   15.2517908651   -0.242418302283   -14.3455621011   -1.05486982965   
79.0   -3.10005199194   -8.6085397373   9.14971468196   -1.91645244526   -3.20651891924   1.18761608762   
80.0   8.20377294068   8.38127776051   11.7280734718   0.79610045463   2.37426622572   0.476613511113   
81.0   3.73394527908   -2.40037010475   4.43893275314   -0.571333066575   -27.1356147392   -2.78428952779   
82.0   -3.62594989293   7.50624431218   8.33613917231   2.020798547   -16.0828785798   1.24289407972   
83.0   1.87937589575   -2.87453998623   3.43438988613   -0.991753986929   -13.3257247031   -0.642163717725   
84.0   8.96521439835   2.93020935507   9.43192430382   0.315897097605   -5.31939050385   -0.948954937578   
85.0   12.2819128605   3.74448989206   12.840038476   0.295926356105   -9.94157950487   0.879499957982   
86.0   14.2031054529   -0.642995799192   14.2176526932   -0.0452406035897   -5.01377395271   0.563113401859   
87.0   1.57159235431   -5.33595786065   5.56258472463   -1.28436666652   -3.90604946411   -0.0912231381201   
88.0   -4.04263240961   -4.75194738584   6.23890060484   -2.27571504332   -1.46644389427   -0.149547751175   
89.0   9.60470005269   -10.2488535508   14.0459696072   -0.817832035004   0.280796784112   1.98521274326   
90.0   3.55503347503   8.07490934164   8.82283536536   1.15607435334   -4.21714524082   0.112895167782   
91.0   -7.70840349322   16.4144287119   18.1343032497   2.00983890891   14.2699250454   2.16701254213   
92.0   7.46290744588   1.86230496948   7.69175970407   0.244547068397   14.2732264156   0.735703811125   
93.0   -18.633083711   -1.40401995749   18.6859059353   -3.06638386018   3.40174372772   -0.923781264004   
94.0   9.0529806364   -12.8211358107   15.6951579119   -0.955989339972   1.61904314871   -0.353883324232   
95.0   -0.351727742332   5.46138164205   5.47269603074   1.63511020998   -5.23647540303   -0.505314884554   
96.0   -4.89849107183   3.31030875037   5.91213656841   2.54730642391   8.43990027329   2.38782253618   
97.0   2.25830989795   -2.64302334328   3.476425749   -0.863729154166   -0.119949430812   -0.263541547133   
98.0   -3.54783018818   -2.22528778018   4.18795949703   -2.58139493995   -12.257359062   -0.103031776084   
99.0   -6.93251548704   6.10642504649   9.23840883629   2.41946556663   -2.84028346438   -0.426781771057   
