0.0   5.04918201431   -7.04431582374   8.66698473739   -0.94890116948   0.0270894820859   1.78473655918   
1.0   -6.09714479991   -4.42682946101   7.53471922422   -2.51359683289   -1.27146237189   0.533151989233   
2.0   -2.80276150323   -2.50304766434   3.75775460268   -2.41262238928   1.0731764798   1.93494039268   
3.0   -1.59046183002   0.319803525137   1.62229563503   2.94316280021   3.55243755217   0.412896441706   
4.0   2.57879883799   -2.10638988021   3.32972698194   -0.684907505002   -1.74518845177   -2.55631387477   
5.0   -2.19754325205   -2.75507427974   3.5241496324   -2.24409343786   -2.93274213691   0.967176813131   
6.0   4.47309709747   1.07364928562   4.60014352297   0.23556738345   -7.83113918407   0.477033491255   
7.0   -3.06680209936   5.3765117318   6.18968121302   2.08917229926   -5.72449546822   -0.563470744589   
8.0   -6.02014305597   4.84867630982   7.72992783742   2.46356234164   -5.56705960248   -1.03237281881   
9.0   4.6623890213   5.32793547676   7.07988473285   0.851918973689   2.70787480323   2.46614009153   
10.0   5.57554571056   -1.11028401932   5.68501895988   -0.196563298296   0.60517753225   2.60474107628   
11.0   5.11084262067   3.58214907267   6.24119413831   0.611324419366   5.19823853578   1.49708857088   
12.0   7.74896764176   5.82056942452   9.69151835053   0.64423112394   2.03647021164   1.45408868578   
13.0   -2.0117969661   -6.15676851142   6.4771232454   -1.88662091767   0.556487211965   0.724008289709   
14.0   -0.737141750139   1.38000457018   1.56454164966   2.06139619011   4.77426053143   1.94000380473   
15.0   3.04082646255   1.06717764928   3.22265320978   0.337520777273   5.78506040378   -2.07640141573   
16.0   0.937012514664   -2.97217245684   3.11637635177   -1.26539732899   -3.02786846312   -1.12430655539   
17.0   -2.46038842391   -8.43726968109   8.78868766472   -1.85453779746   -0.52872310464   0.885294862626   
18.0   -5.71888604522   5.04139296413   7.62373272203   2.419073896   0.747244219375   -1.72434720589   
19.0   -2.70546864988   -0.786455149674   2.81745848557   -2.85869803541   5.8975266934   2.03904059109   
20.0   3.32122654798   -1.41235876971   3.60905847519   -0.402084211456   1.27181534269   1.81710735288   
21.0   2.26678992398   1.06535677239   2.50465997931   0.439348424128   0.808248622599   1.31062631783   
22.0   -1.40131868627   5.24127977664   5.42537627796   1.83204771258   1.69389565461   -0.933597784891   
23.0   0.230412876973   -0.0789769199316   0.243572263932   -0.330212766351   8.66957295145   1.81636868384   
24.0   2.36450595108   0.143471896733   2.3688546975   0.0606030233518   -2.51155262425   -1.0391970768   
25.0   -2.30770885523   1.59702932652   2.80642527609   2.53622824297   -2.23968966908   2.4701490735   
26.0   1.44319986337   -2.68588158099   3.04906308769   -1.07773398576   -8.32055046166   -1.79752769129   
27.0   -5.02834865246   -3.00868060866   5.85973115216   -2.60239192982   -1.10286915876   2.49221379432   
28.0   -2.0391088897   5.7267794997   6.07897758692   1.91286450115   -0.915937884913   -2.26821495757   
29.0   0.2940288249   -1.40279136891   1.43327477288   -1.36418470499   2.66893657584   -0.251177577794   
30.0   -5.87756166705   -1.06168563881   5.97268009737   -2.96288598265   5.17200851973   2.03837723157   
31.0   1.32573820342   -5.36231409409   5.5237663082   -1.32842408124   -0.35914099904   -0.817275306667   
32.0   -1.60330749523   5.18920146596   5.4312435757   1.87046201364   -4.84660923633   0.567928320407   
33.0   -1.24781187044   -6.66142413839   6.77728603613   -1.75596949977   -1.9330825129   1.2018228149   
34.0   -1.03419386659   -1.3975469022   1.73858974388   -2.20787089074   4.44720022808   0.289440001222   
35.0   3.41387207153   -0.109591648943   3.41563066655   -0.0320908411616   0.545349997647   1.75777972194   
36.0   3.61747731684   -0.327106699757   3.63223635393   -0.0901787324821   -1.51684864595   -0.0605680191864   
37.0   5.84986933921   3.44910912146   6.79097379008   0.532740662559   -0.746392697942   -0.307349356901   
38.0   1.85350605505   1.71260974324   2.5235920488   0.74590896159   5.66188033326   1.06687243691   
39.0   5.70067017831   0.797776301734   5.75622163485   0.139041312503   0.653645612715   -0.0647016735224   
40.0   -6.84412613224   -1.63444324223   7.03658064873   -2.90717351369   7.08738950931   0.54295330414   
41.0   -3.13143778962   -3.40768247222   4.62798038692   -2.31397466315   4.04649462188   1.49066116407   
42.0   3.40857415942   4.48423565758   5.63265010745   0.920847420971   -0.886975661252   -0.115584948738   
43.0   -0.113166376696   3.42737298157   3.42924075906   1.60380273694   5.57457614038   -1.86440324496   
44.0   4.88563138853   -0.208544583194   4.89008025576   -0.0426593916892   0.165521864305   0.277835728242   
45.0   8.15454285228   -7.0390044844   10.7723791829   -0.712107820748   -0.703753326642   -0.282514221618   
46.0   -1.18982837369   0.632735970309   1.34760764578   2.65283952849   10.1404597485   -0.564573030491   
47.0   3.92783829633   0.711149757459   3.99169734069   0.17911340682   5.87550975222   2.09557754362   
48.0   3.95485840265   -0.212986749551   3.96058939307   -0.0538024821117   0.639683195849   0.229380850578   
49.0   2.82471442353   2.09449000459   3.51651815776   0.638030712929   2.22339847083   1.7545121395   
50.0   -4.33656522094   2.45884731929   4.9851507555   2.62578877996   -5.63246548997   -1.03981352173   
51.0   0.044569548291   0.139074942129   0.146042062992   1.26066578343   1.70669051034   -0.143304963185   
52.0   -4.09411998034   -2.33787888615   4.7146045539   -2.62274455597   2.17884532252   -1.98455133142   
53.0   -7.4983395185   6.8311158298   10.1434332952   2.40272397031   3.89241740266   2.23525325526   
54.0   2.30159536881   -2.49698465633   3.39592014271   -0.826093829773   4.55076947085   -1.44003218109   
55.0   1.04295633376   5.54963692354   5.64678916706   1.38503073875   2.57249749861   1.13303843357   
56.0   1.86121855447   -6.18489119313   6.45887092132   -1.27848665138   3.62454758261   -2.41073207502   
57.0   -3.94362886767   -2.02690561198   4.43402244083   -2.66683187079   -8.05335507834   -0.544913527912   
58.0   6.98669451105   5.7064437834   9.02094234788   0.684876476338   1.43632275606   0.224353152568   
59.0   -6.47052434549   -3.41187707985   7.31495663101   -2.6563479984   9.76315019224   0.0879208176508   
60.0   -0.463162238483   2.8482986414   2.88571038217   1.73199553509   9.32469568902   2.50666516418   
61.0   -0.155235764097   3.60661746822   3.60995674552   1.6138117029   -5.11200062742   0.829579143585   
62.0   0.352267963745   4.26546103448   4.27998254143   1.48839718056   -2.87168358676   -0.188205173687   
63.0   -11.0627796129   2.58624271851   11.3610626335   2.91193834971   2.4100680558   0.0777060163768   
64.0   -0.927747474398   -3.56839261308   3.6870233546   -1.82515530173   5.79617578296   1.34412838624   
65.0   0.173229248582   3.00776249767   3.01274685544   1.51326582335   8.73491755825   0.672774626377   
66.0   0.966123103356   -6.66149323406   6.73118755929   -1.42676953209   3.90744631037   -1.31358234842   
67.0   7.35972964181   -4.24856807944   8.49799688904   -0.523540298946   -2.5095216498   -1.03355205252   
68.0   -1.00932191625   2.11558509682   2.34402027135   2.01594754138   12.2168146846   2.0966087253   
69.0   -8.05935413701   0.319073664515   8.06566780305   3.10202284319   0.094774128299   1.90458666932   
70.0   -2.99413132385   -4.01336414175   5.00718624766   -2.21175839689   10.2246359422   -0.144689691834   
71.0   5.26093966153   4.89457096409   7.18570184775   0.749337949785   7.69805447686   0.103552155016   
72.0   0.0586860805344   10.1258197448   10.1259898064   1.56500070482   1.14968282623   -0.564392874603   
73.0   1.18580256626   2.64273065838   2.89657609237   1.14902107194   3.65924453173   -0.00654890013636   
74.0   -0.813881121555   -2.43806842032   2.57032684735   -1.89298670724   -8.32534348114   2.11560480023   
75.0   7.52945251556   4.65738918044   8.8534698939   0.553952112096   1.3012311203   1.9193008811   
76.0   7.77625212662   1.8871875083   8.00197312094   0.238083138879   -0.517967492958   0.338552584438   
77.0   -8.05041208215   -2.05609666852   8.30883073619   -2.89153563238   0.991421251891   -1.20737209567   
78.0   2.92670009578   -1.35771265203   3.22629153923   -0.434357487696   -5.12596551385   1.99448469554   
79.0   -4.08462440955   -4.76751099372   6.27800267938   -2.2792032654   -3.16547974676   1.33377704122   
80.0   11.3151602274   -1.56689424045   11.4231347945   -0.137602323153   -0.846614995607   -0.271209328198   
81.0   -0.239522722809   -4.30726845486   4.31392311904   -1.62634807284   -3.06538400915   2.41376485348   
82.0   2.41673779421   -3.11446630226   3.94214686609   -0.910879452015   -1.13103506026   1.26368390758   
83.0   -3.5731211719   -3.69624403668   5.14095466696   -2.33925888579   -4.2128786694   -1.38334694982   
84.0   4.76030405408   -6.83380071031   8.32834478366   -0.96236786102   -2.21784417926   -0.523012228042   
85.0   3.50021290647   -4.77931050803   5.92395976715   -0.938675686058   -6.84856362487   0.00427874611878   
86.0   -4.20008310455   -2.32329930722   4.79983518009   -2.63632997912   -3.24627411928   -1.94192613389   
87.0   -0.229039321723   -7.32661241419   7.33019157175   -1.60204743461   -1.43492379948   -2.57225759297   
88.0   -1.15136432932   -3.22444049874   3.42383649562   -1.91375932527   0.459179585698   -2.45486630362   
89.0   0.0845377719817   1.02310155861   1.02658824956   1.4883546956   1.00465872436   0.581767506256   
90.0   -0.394891228634   -1.50899454948   1.55980884496   -1.82674823908   -1.26574411972   -0.790845285592   
91.0   2.70982946778   1.49426344169   3.09451110478   0.503935393412   0.132699967127   2.16049872276   
92.0   4.11545168727   1.42692168836   4.35580625085   0.333752450763   0.542134909056   0.698433200465   
93.0   -7.74232083161   -2.5453577008   8.14999249598   -2.8239646278   6.23186272024   1.82322108719   
94.0   0.00976140242718   -4.38366434654   4.38367521472   -1.56856956272   3.41821353529   -1.26807304003   
95.0   -4.43418691109   4.5815989648   6.3759754263   2.33984550835   2.27946187583   -0.143590952726   
96.0   -0.746077780037   6.67106880313   6.71265901338   1.68217133541   2.98355799298   1.80455547554   
97.0   4.93546498644   2.39516720188   5.48594937612   0.451816314272   4.84198539278   0.834149666282   
98.0   -0.728816406235   -6.70368710121   6.74318871936   -1.67908973454   -9.05647422475   -1.59250893856   
99.0   -3.85140984055   5.5419453886   6.74881592948   2.17812922806   1.74337753656   0.0243659929261   
