0.0   3.89922203452   -14.2480390342   14.7719514213   -1.30366956022   -9.42368233671   -0.721015319195   
1.0   -3.66292125819   -0.916209936529   3.77576916555   -2.89649075685   -13.0988061471   -0.199791169401   
2.0   -3.30591753842   4.36301986402   5.47403261816   2.2192156052   3.78189803265   1.08060280804   
3.0   0.0317617728685   8.59091744768   8.59097616125   1.56709920965   -1.20829214456   -1.6026280368   
4.0   3.05899822099   10.7184293154   11.1463983916   1.29279083865   13.9492903624   0.368837039146   
5.0   -11.7475572617   8.22084069857   14.3383166169   2.53100663687   -4.43811909457   -0.426709791169   
6.0   0.133594456718   0.774622844619   0.786058541249   1.40001248053   -3.86260589195   -1.29062575058   
7.0   6.91706138917   6.56899208728   9.53925549004   0.759594317489   -5.33629550573   1.8372734312   
8.0   -3.37554050114   1.65822114619   3.76084711794   2.68497264745   -3.41412680428   1.06397671661   
9.0   14.0885734339   3.14247606999   14.4347863598   0.219458967447   3.22704875395   2.24441901879   
10.0   9.37263151018   -13.3554873068   16.316104395   -0.958875845902   5.67628673776   0.869141133685   
11.0   6.81825931102   7.19130859241   9.90977190976   0.812020051383   10.7345568808   -0.379882750352   
12.0   0.281111485277   2.88158975942   2.89526910818   1.47354973661   -9.1660247521   0.0760886636951   
13.0   3.21171437753   -7.03363928401   7.73221771683   -1.14244921497   1.62259177118   0.841216117287   
14.0   4.70630354327   15.9645758124   16.643826901   1.28412005348   -0.15971755782   -1.83538530876   
15.0   -3.49078772803   -2.91250846873   4.54624070443   -2.44625979013   2.64551012086   1.15089631342   
16.0   2.4623229777   -9.27911135702   9.60025739355   -1.31141243741   -5.5332515052   -1.59317817663   
17.0   1.30021851044   -9.69288248059   9.77970035111   -1.43745075603   7.35172469494   1.39854745439   
18.0   3.34731253826   7.02447202469   7.7812408043   1.12610724643   5.09249454669   0.0356763742005   
19.0   -9.5874513123   3.92097940829   10.3582480269   2.75337756461   16.4933008196   0.798559846601   
20.0   2.85352439442   -2.34435304552   3.69304652984   -0.68775214305   21.5585346855   1.65041065547   
21.0   -6.95682277633   -6.68984242806   9.65149599044   -2.37575577426   -1.27464708818   0.990744746914   
22.0   -3.17019477826   0.894390071601   3.29394422119   2.86661485803   2.3660592891   -0.0206657314488   
23.0   -1.06097877805   -3.40992487968   3.5711711878   -1.87244565641   13.2889503156   -0.320523489019   
24.0   9.33714717463   -1.67777738684   9.48668826938   -0.177791137203   15.6614369019   -0.690330219615   
25.0   5.13041725269   4.85188280895   7.06129931234   0.75750256922   5.73435336276   -0.0118787801811   
26.0   2.91648566345   -4.40508300811   5.28305261505   -0.985980835702   -12.0663154671   1.59054591881   
27.0   -15.11439825   -8.28088256303   17.2342116293   -2.64037823089   2.49939964351   -0.715310907968   
28.0   -3.89269071774   8.43638923589   9.29116270245   2.00310370272   1.02365172981   0.301044829784   
29.0   7.04837039879   4.54675285007   8.38763892631   0.572907747263   -1.74918512   -0.432288563495   
30.0   -3.65586154206   -2.74767966827   4.57329937508   -2.4970798441   13.8725345467   1.68929563674   
31.0   0.791402109231   -2.29983768945   2.4321946255   -1.23937640032   -13.6749212734   0.763606475785   
32.0   -4.51149969072   10.8310832037   11.7331152225   1.9654732416   -5.10647710486   -0.181988333309   
33.0   9.69932105657   -12.4401799847   15.7745017991   -0.908570942772   2.22606055934   1.6977511716   
34.0   -4.48191052869   4.33683621787   6.23663934887   2.37264367852   6.54375572586   0.179984120921   
35.0   12.7975888359   -11.7267670175   17.3578611786   -0.741762273788   -2.8251362972   -0.452810615222   
36.0   -5.70883510733   -8.52811468908   10.2625308006   -2.1606981745   -1.96590873016   -0.934500516155   
37.0   12.2832849557   -1.44035265512   12.3674453738   -0.116728130095   -5.87314985626   2.69191781797   
38.0   5.98850942803   -7.90460857371   9.91690888701   -0.922450705798   15.7344584907   0.871580089919   
39.0   0.0893347415819   9.14619654373   9.14663281828   1.56102921755   4.29706458805   -0.84092690033   
40.0   -6.92455395931   -1.62650685096   7.11301427466   -2.9108851618   6.3031837013   2.06023958465   
41.0   0.244181592846   -18.9989218571   19.000490951   -1.55794464231   7.39537549863   -1.34308715017   
42.0   -0.970929626071   -0.0784533096348   0.974094071728   -3.06096555911   3.04015037526   -0.25166674246   
43.0   0.744938617889   1.93077288887   2.06949691781   1.20257000902   -6.16961442906   1.01493331262   
44.0   5.93289700444   -1.63988346161   6.15536226659   -0.269672125224   -8.78567184152   -0.795910299843   
45.0   10.4747313069   -7.15062284491   12.6827206474   -0.598989610108   9.73521402666   2.24457611959   
46.0   -8.19454493223   2.57519065793   8.58965503213   2.83710817557   3.26302114381   -0.556247890034   
47.0   9.05692844746   0.823352345342   9.09427633113   0.0906593630701   11.112931351   -0.154334106747   
48.0   5.20024238959   5.81654652916   7.80222624873   0.841282181242   0.390942239778   0.112247323798   
49.0   6.40828129822   0.056404132868   6.40852952114   0.00880152941964   11.8831369701   0.131762492785   
50.0   -0.837604339645   -5.03358730403   5.10280140483   -1.73568851292   -2.96360041482   1.50214747319   
51.0   7.99903687787   -0.555165087825   8.01827907024   -0.0692928748235   -3.14659047519   -1.67181900622   
52.0   -5.69201454634   -1.15664397015   5.80834355642   -2.94111758236   -0.369535500014   -1.27566547505   
53.0   -20.9837674832   9.61137455362   23.0802300378   2.71207400549   0.490926019535   -1.78958006073   
54.0   4.47980157917   -4.10471654691   6.07596248501   -0.741732740509   3.55844345585   1.58540694907   
55.0   -9.30913442532   4.34676730001   10.2739656272   2.70474458614   -10.5428687563   -1.28360851626   
56.0   -2.70510084496   -0.233115223219   2.71512675371   -3.05562886496   -8.52703217434   0.35686453567   
57.0   -1.86312142103   -0.379350801577   1.9013491158   -2.94072802742   -10.7537020452   -0.0583385261156   
58.0   15.4605041339   -2.13660599366   15.6074428798   -0.13732784427   7.32186608111   0.475996259723   
59.0   -6.08055458342   -18.7406518272   19.7024154598   -1.88453793568   15.1862323084   -1.20515695018   
60.0   -3.60018634634   3.08306238841   4.73989614013   2.43341675909   16.2519595956   2.59476841736   
61.0   8.48461277538   -0.0925191693455   8.48511719099   -0.0109039157196   -0.0733430414309   -0.164671632867   
62.0   2.78455242833   3.0324766664   4.11699489414   0.827992807379   0.210653292805   -0.654938623661   
63.0   -8.30716338592   -6.91619689637   10.8093821761   -2.44731201461   10.6997898978   -0.357020787425   
64.0   -6.30799052498   6.34723923335   8.94864181586   2.35309311762   10.111056884   0.335673221261   
65.0   2.37386206792   -3.10657276069   3.90973342249   -0.918305737776   10.6412463721   -0.761285400131   
66.0   -2.68176051497   -12.356202331   12.6438750194   -1.78451924384   14.7773900282   1.78234106072   
67.0   -1.96827240629   -9.86006320669   10.0545980877   -1.76782711798   -8.36857064436   1.16534627366   
68.0   6.18875735471   -3.36364185828   7.04377769001   -0.497845630398   5.43817258296   1.47701809642   
69.0   1.48927120448   -0.299873805452   1.5191619465   -0.198699138143   3.32065564241   0.702792429444   
70.0   -8.47734262585   -3.06193222358   9.01336601597   -2.79498391481   16.1296128459   0.877903249561   
71.0   9.97609514191   0.293272054308   9.9804049406   0.0293890155275   -0.203581203078   1.65019673202   
72.0   6.47943211529   13.982317005   15.4106531129   1.13685344927   13.2972508773   0.367023642029   
73.0   -2.73002136552   -6.15907348488   6.73700251212   -1.98802442596   14.3363523981   2.75080731666   
74.0   -3.91741970982   7.07546180039   8.08754207851   2.07644728765   -11.6739140925   0.243001229167   
75.0   -9.71460594533   -1.89942549075   9.89855473632   -2.94850592209   0.150227531397   2.28022172865   
76.0   -0.198515646613   -9.24627384368   9.24840464373   -1.59226282847   -4.63607558997   0.239965812598   
77.0   -7.64847024845   -15.2032665809   17.0187664616   -2.0369054709   3.88174453295   -0.686152417036   
78.0   14.1818108972   -2.63983695105   14.4254115869   -0.184036178564   -8.01843056514   0.0600562798658   
79.0   -3.86476345083   -10.7934341926   11.4644938048   -1.91463887759   -7.07037507101   2.17658298991   
80.0   11.278152231   4.65125458147   12.1996265077   0.39116107514   0.424218749251   0.986494790029   
81.0   3.43513673569   -1.5311309412   3.76092094466   -0.419294273039   -21.6173154513   0.75739875566   
82.0   -0.0847202334033   4.86124593348   4.86198411594   1.58822224166   -14.8123331773   2.35172486077   
83.0   0.106697625035   -2.78569533657   2.78773795242   -1.53251306842   -9.9120808785   1.39384033635   
84.0   9.20909521023   0.0415892585509   9.20918912052   0.00451607621207   -0.945956242003   -1.66195440223   
85.0   12.8435642681   -0.666470841614   12.8608447037   -0.051844922944   -12.8832103688   -0.101623959873   
86.0   11.6400405247   -1.79686268036   11.7779140305   -0.153160151559   -6.51962916058   0.125517378533   
87.0   3.88685233824   -8.05831855975   8.94673790327   -1.12137596951   -4.64797124707   -1.58956292081   
88.0   -2.7356032029   -1.36047400492   3.05522738954   -2.6800902226   -2.82576907381   1.69841813177   
89.0   10.2880360773   -7.02867888653   12.4597758093   -0.59935447259   -3.10926325618   -0.768348767539   
90.0   2.35323109291   5.19752073803   5.7054288532   1.14564929851   -5.14254402472   -0.517762159092   
91.0   -7.81257842888   15.5524813939   17.4044838825   2.0363113554   7.5794976658   -1.0414299235   
92.0   5.62307773018   -1.60041091726   5.84639361176   -0.277282821156   11.0607155192   -1.00709392458   
93.0   -16.5834858394   0.61653351833   16.5949424876   3.10443220927   1.18341834987   0.149015405985   
94.0   11.393403577   -14.2591914603   18.251963899   -0.896652186175   3.81702795035   -1.07584806404   
95.0   -1.09019024137   0.703659117053   1.29755574654   2.56842538293   -5.04288180629   0.0356350598792   
96.0   -6.85241504679   4.32938628214   8.10550291798   2.57811521155   5.60177102165   1.32666447887   
97.0   -0.866017558497   -3.35169976313   3.46177378143   -1.82364786829   1.73280080354   1.73852707043   
98.0   -5.64500301743   -4.798726591   7.40903745179   -2.43704984088   -9.17983191989   -1.0704810564   
99.0   -5.93386526863   9.95666734126   11.5907713967   2.10824659882   -2.48739426558   -0.0891555033073   
