0.0   2.74255519448   -10.306231533   10.6648965024   -1.31071698575   -7.55561908135   1.21559140056   
1.0   -7.16603127601   -5.0033642614   8.73988891125   -2.5320718973   -13.0576406635   0.140423403951   
2.0   -4.79204631706   1.89118754426   5.15172769393   2.76570566941   -2.96501108259   0.362801775919   
3.0   -2.26137531912   3.8320507659   4.44954283116   2.1039205151   3.1481458613   -1.08073378568   
4.0   2.78067880919   5.56354089186   6.21973969675   1.10730570018   6.2055100946   0.159922123518   
5.0   -5.75739025221   6.9654053212   9.0368364932   2.26152941666   -3.26025045305   -2.57753526392   
6.0   0.295285501644   3.41174832799   3.42450291006   1.48446185607   -8.61387679243   0.0748092285639   
7.0   0.420311208803   12.7866981951   12.7936043493   1.53793718535   -8.26442228985   -0.768621144754   
8.0   -4.86516068076   3.74405402702   6.13903323064   2.4856875126   -9.74425536255   -0.137937574539   
9.0   13.8442947562   1.78166350694   13.9584677579   0.127989488576   -0.921606206963   0.466011654046   
10.0   3.00822028096   -5.00866292201   5.84261016371   -1.02993322406   5.75011218885   -0.502176632728   
11.0   9.35279679351   6.39516345801   11.3301775589   0.599750211363   8.36259726542   0.776133386071   
12.0   8.20128989381   3.99403810674   9.1221431868   0.453194605676   -1.70146879479   -1.29625119814   
13.0   1.63475571753   -4.24557294327   4.54943028001   -1.20324437972   5.69512525597   -0.137515245293   
14.0   -0.705744560147   9.07243624204   9.09984476516   1.6484299563   1.94893039208   1.22774102508   
15.0   -0.404058435158   -3.61713081052   3.63962889859   -1.68204202315   10.0974118928   -0.0571088433751   
16.0   -0.733467874544   -11.0314364748   11.0557933149   -1.63718749016   -0.249303281634   1.56390368053   
17.0   -5.78692952374   -9.19995466949   10.8686576555   -2.13227918517   6.68071305302   2.33982433083   
18.0   -5.57872324536   7.84522083332   9.62650730908   2.18893204819   4.99175354496   1.58606501094   
19.0   -7.66643954026   0.9496992886   7.72503876775   3.01834305178   7.81796055314   0.0464323313078   
20.0   0.812179780268   -4.99228507274   5.05791916137   -1.40952225836   10.9627479282   0.696105543492   
21.0   -1.75354370888   -2.87398585901   3.36670614351   -2.11864089724   3.9918432419   -0.701001277678   
22.0   -3.13609290151   7.63943154174   8.25808651977   1.96033343103   5.45276460555   -1.59950928296   
23.0   -3.76244409552   0.814285131139   3.84955138253   2.92845531863   8.99858438857   -0.501579948447   
24.0   11.4343947531   0.617281999998   11.4510445129   0.0539323158127   2.45773774384   1.17905736275   
25.0   4.34755794786   2.48914576015   5.00970126108   0.519982681453   1.55251243395   -2.44852032711   
26.0   -5.08524158684   -6.91708122725   8.58520207688   -2.20473951074   -11.8076488732   -1.8502445522   
27.0   -8.77458956317   -5.84100927471   10.5409113149   -2.5542781373   -1.71638599701   1.26063763678   
28.0   -0.492205617066   4.59550462622   4.62178852168   1.67749545259   -12.6885703943   -0.553538480695   
29.0   5.15574657027   5.84558088851   7.79439148497   0.848020818189   1.82735944072   0.821169739215   
30.0   -4.1447671092   2.99980762536   5.11643823169   2.51509914977   7.3681754886   0.881941637878   
31.0   -0.959672399875   -0.559445174791   1.11083302916   -2.61380103624   -3.96918345534   -1.8651942919   
32.0   -0.349578140647   8.45969632141   8.46691601038   1.61209560686   -4.61451742982   0.107482042276   
33.0   3.61857694346   -8.41214718468   9.15741881495   -1.16456247036   1.06905072961   0.606691826885   
34.0   -8.81755999477   1.77621339157   8.99468166606   2.94281241504   0.815152276425   -1.89390202417   
35.0   6.39138968675   -7.01374198169   9.48906943349   -0.831791272074   -1.26546664516   0.435001054096   
36.0   0.952655570685   -3.84995291553   3.96606733278   -1.32822283938   -2.13605141787   0.0158892471877   
37.0   8.56632425558   -0.471311899831   8.57928004897   -0.0549637367376   -2.54009607931   0.0831365094736   
38.0   6.71337812778   -4.71227876475   8.20213490765   -0.612015826817   11.1868727397   1.4037568456   
39.0   8.38133647008   5.72994224999   10.1527848009   0.599671701444   3.39931056594   -0.524526093777   
40.0   -6.37690723135   0.711827521484   6.41651340352   3.03042702571   1.13127822419   -0.831134721976   
41.0   -2.97437206741   -12.7769667766   13.1186039351   -1.79951455013   4.02537365713   -1.8945172905   
42.0   0.434558550824   1.36022430803   1.42795353645   1.26156909476   -3.48442828229   2.66212144164   
43.0   -0.105982274541   3.62863431469   3.63018170788   1.59999523314   -5.46688694049   0.812015368435   
44.0   4.15035589284   2.21344640996   4.70370056944   0.489942932163   -4.40352687061   -1.8118588118   
45.0   9.36193812498   -6.59728110609   11.4529473695   -0.613867893174   -1.56582301112   -0.796044616947   
46.0   -1.78527900684   0.993742125485   2.04321916207   2.63367251442   3.58293640603   -0.604864481237   
47.0   4.98224266753   4.80770677603   6.92363968173   0.767571983137   6.82539739718   0.464154887572   
48.0   3.00799786268   -3.51161032662   4.6237926238   -0.862490888777   4.00292740794   -0.185103661917   
49.0   0.677479725884   2.94598488291   3.02288036636   1.34475914553   8.65326419612   0.0257486690299   
50.0   -4.10801521728   -4.96438026564   6.44366824466   -2.26208095879   -6.00563578382   1.63261293701   
51.0   5.68225854306   -1.76639125427   5.95047899025   -0.301390779299   7.55763642505   2.40318290294   
52.0   -9.52256657655   -4.37940807678   10.4813400531   -2.71053821039   4.2649705099   -1.7570748666   
53.0   -15.3042534241   7.58078434759   17.0788894309   2.68168127693   3.58017014063   0.336971327417   
54.0   6.51164726943   0.799918951588   6.5605960469   0.122231929456   3.2295628372   -2.21142081525   
55.0   -4.53259145317   6.500839139   7.92497916669   2.17966198845   -2.55457491867   1.08530052747   
56.0   2.11562971915   -1.93091594349   2.86431937629   -0.739782555222   -6.62836820578   -2.56756678497   
57.0   -2.60760415025   -3.42995355816   4.3086170421   -2.22082189215   -12.9684071851   -0.291110424264   
58.0   9.01809606797   2.08090680738   9.25506509065   0.226778603892   5.35829042982   1.69359103668   
59.0   -10.1170290586   -11.8491958044   15.5806841372   -2.27750141748   18.4472199183   0.630760453401   
60.0   0.206851313398   7.20240999175   7.20537973705   1.54208448314   12.3469262837   2.24037524422   
61.0   3.39997928135   3.84958227736   5.13606296922   0.847336791536   0.617737558408   -1.24090422668   
62.0   4.3862336777   3.37087882086   5.53189568776   0.655244703928   6.49262017697   1.60874659512   
63.0   -7.03829234019   -3.04569539809   7.66901685511   -2.73319107432   4.36513601337   0.93105474939   
64.0   -1.36265029958   3.38895411286   3.65264641294   1.95309950646   2.73625759219   1.48913465009   
65.0   1.1509345682   -0.281054621862   1.18475401697   -0.23950948256   7.44403462451   -0.258061241226   
66.0   -2.79152948567   -11.9470769983   12.2688746701   -1.80033609087   8.58200769805   -0.6577442713   
67.0   4.55716455652   -9.45544744033   10.4963438917   -1.12168312391   -6.14806748748   0.78267257675   
68.0   5.79129965752   -0.952686663477   5.8691365295   -0.163042835818   4.69552454214   -0.594230396308   
69.0   -1.07269210997   0.480461927541   1.17537739752   2.72048402942   -0.889209819174   -1.12857577778   
70.0   -5.15247293196   -5.87353402084   7.81321823633   -2.29089108491   15.9721784539   0.0827548758799   
71.0   4.03593816395   1.7906025132   4.41532039874   0.417572852588   -8.1791275182   0.299793382939   
72.0   2.93081490017   11.7088310643   12.0700621735   1.3255277369   6.10535864734   -0.682562483406   
73.0   -1.24735421913   0.616345354946   1.39132100701   2.68265836735   9.93841806443   -0.322508137469   
74.0   -8.44163533288   2.8608541423   8.91323137346   2.81484220141   -8.29426019204   2.07862773869   
75.0   -0.605473214484   2.78043501002   2.8455960111   1.78521099382   -1.11501503695   1.00346217773   
76.0   4.47881959916   -3.31513600702   5.57224835653   -0.637187106723   -2.07391727864   0.237685466678   
77.0   -10.5197960273   -11.1999681873   15.3657214556   -2.32488890417   3.63163370609   -0.696724535539   
78.0   12.1198034668   -1.33961647513   12.1936134257   -0.110084350166   -6.24600832027   0.117078000974   
79.0   -2.36747761006   -6.73137502456   7.13557005119   -1.90899182799   3.32443855699   2.54642966726   
80.0   13.0870767599   3.87656231915   13.6491506525   0.287978875116   1.71894319365   0.0886166010032   
81.0   3.18967436997   -4.84290885962   5.79894721557   -0.988379765614   -11.2846183429   -1.57012682207   
82.0   3.31218945936   0.266311902797   3.32287842755   0.0802309901272   -13.8864688254   -0.644972163748   
83.0   -4.9592599122   -2.15320255789   5.40652754844   -2.73197374096   -12.791678457   0.575385378576   
84.0   11.1177741296   -1.9554868033   11.2884379006   -0.174107476373   -0.712235973578   -0.370336123343   
85.0   7.11288455158   -4.51053220921   8.42247157635   -0.565141668553   -5.00832239574   0.157617939001   
86.0   6.72121363049   -0.995985607776   6.79460815629   -0.147114789163   -6.6366431449   -0.726153246367   
87.0   -2.24403703508   -9.88905758848   10.1404714981   -1.79393866204   -0.400862596411   0.0778967055999   
88.0   4.26005208407   -5.66739919511   7.08995468221   -0.926222975373   -1.91736159114   -1.94164353189   
89.0   7.59614400857   -0.669975553851   7.62563250109   -0.0879717840217   -0.748801331863   -1.07110888482   
90.0   -0.293355150826   2.75339539391   2.76897877199   1.67693896485   -2.9933317201   0.522940188781   
91.0   0.095465067328   8.81846219146   8.81897890922   1.55997115839   9.16937059396   0.968707053277   
92.0   9.01871453311   -1.93612100466   9.22419516134   -0.21146851552   8.46876889573   1.25151855835   
93.0   -14.0627239012   -1.65607311168   14.1599004825   -3.02436923259   1.16121076971   1.55184572044   
94.0   7.68836503064   -9.01751215069   11.8501680255   -0.864792569585   -0.878204478896   1.28576987732   
95.0   -4.78960588536   -2.2413098587   5.28808040973   -2.70390981904   -0.780582092259   0.0378716283421   
96.0   -3.87886011296   8.49636662129   9.33990372216   1.99906866565   0.567568003709   1.43577874976   
97.0   -0.240193201482   -4.68002852321   4.68618819   -1.62207435622   4.89826337094   -0.953452799622   
98.0   -1.14077524616   -4.04996987175   4.20756748304   -1.84535757643   -11.3038267146   -0.534693570109   
99.0   -1.22507749482   4.9230913677   5.07322811265   1.81468588073   -0.511566775713   0.0134390873286   
