0.0   5.57168382124   -12.5646825573   13.7446319837   -1.15341100698   -15.6743097276   1.66563094941   
1.0   -2.48189321229   -4.05991377009   4.75843395853   -2.11949542499   -15.1336306617   -0.00764929961214   
2.0   -6.44479778935   -1.90539609628   6.72056194298   -2.85413264162   2.33355598245   -0.11401011675   
3.0   0.15673899999   7.46851288806   7.47015741958   1.54981276593   -6.49373693791   -0.370895503385   
4.0   8.05703409674   11.4213917352   13.9772668145   0.956432916744   15.5108315198   1.70884787594   
5.0   -17.5094635364   10.2970488274   20.3128168379   2.60998042305   7.49789580311   2.01128172296   
6.0   5.59697719012   -7.38503334913   9.26632997656   -0.922270365802   -6.81531416849   0.237295003219   
7.0   11.8044538349   8.54017846324   14.5698242448   0.626305165074   -8.23193582339   1.50626861122   
8.0   -0.475262226556   -0.00500861446417   0.475288617799   -3.13105441013   -5.92306793534   0.369203551383   
9.0   9.72573205245   5.75187709643   11.2992899816   0.534078002705   -8.04101383295   -1.6163415479   
10.0   6.71364552368   -12.8505801705   14.4986360371   -1.08935900651   13.5767948632   1.17093204391   
11.0   8.26591721628   9.2888260731   12.4341335542   0.843602004981   4.06182950641   0.36844985967   
12.0   -4.76732085712   -4.42303510822   6.50312138309   -2.39363861442   -16.8150096785   -2.35763725019   
13.0   10.2446448149   -15.0339546185   18.1926506825   -0.97263987958   5.53344567814   0.668140537124   
14.0   10.238672444   10.2984378281   14.5219914308   0.78830827171   6.53904595699   -0.357576063687   
15.0   0.726146967306   9.91049373391   9.93706070566   1.49765651156   13.7736534385   -0.417042340451   
16.0   -2.77938190161   -11.0246068655   11.3695611303   -1.81775717767   7.34485011415   0.0824591961483   
17.0   -2.16365478592   -5.64243187415   6.04304885691   -1.93696449069   2.24473657632   0.888713975599   
18.0   -5.5363867315   14.9291920113   15.9226992734   1.92591755471   1.06263425124   -1.811486463   
19.0   -17.6198100552   5.71824702606   18.524471799   2.82778128743   15.9526063737   0.126999759904   
20.0   -0.3469564686   5.49062333786   5.5015746318   1.6339031443   26.6077901454   0.176057490051   
21.0   -19.4469488697   -1.9521023142   19.5446801914   -3.04154688233   3.32584861893   0.551932870422   
22.0   -9.19967710798   -6.75862478634   11.4154749307   -2.50798235331   1.36691904332   -1.50034420955   
23.0   -1.09482564414   -12.7442590495   12.791199393   -1.65649328298   3.82205536977   0.692815672372   
24.0   9.92883823886   -0.161512777345   9.93015181912   -0.0162656022192   10.9941257507   -0.0961346193966   
25.0   1.0695017704   -0.384658905368   1.1365722636   -0.345256128378   15.6061569152   -2.32429210889   
26.0   3.16343246669   0.578871298132   3.21595972473   0.18098599215   -9.91966856204   0.814189386945   
27.0   -22.8355588898   -6.12577216143   23.6429235583   -2.87950717636   7.89528423038   -0.734405917912   
28.0   -6.50783244128   11.805784999   13.4806692166   2.07459180285   2.09604951567   0.116272294361   
29.0   7.83856660351   7.03605718528   10.5332439026   0.731498841585   -4.80964649398   0.0734612161779   
30.0   -6.29259898845   -1.71388541172   6.52182529925   -2.87567757798   3.63211885839   -0.431350535445   
31.0   -10.4598997327   -12.9381178218   16.6374395623   -2.25067217564   -16.452701045   -0.380973797996   
32.0   -4.36173750893   6.84499741956   8.11657216875   2.13813153874   -4.6174467168   0.324737507546   
33.0   6.75912111135   -6.08728928989   9.09619750757   -0.733148521931   9.74344232492   2.07156927444   
34.0   1.63109011495   3.16024453964   3.556346512   1.09432986707   13.7369995562   0.311769638151   
35.0   16.11519419   -4.41602648633   16.7093020114   -0.267463021546   -16.2902833181   1.41705011251   
36.0   -0.300838054885   -13.2224495525   13.2258714535   -1.59354446885   3.14854853721   -1.59283214013   
37.0   19.8128876893   3.7172944857   20.1585911433   0.185463896256   -10.2199225499   0.890309005074   
38.0   10.9291837208   -4.84428244967   11.9546697677   -0.417220481998   10.7371541251   -0.758501989767   
39.0   -2.33668386222   15.0316774797   15.2122128346   1.72501266281   8.78992364071   0.61949163277   
40.0   -12.815638936   -1.22028739014   12.8736048818   -3.04666025239   10.0919014474   1.49344076764   
41.0   2.01363818682   -13.4321772069   13.5822723896   -1.42199290714   16.2638345205   1.57363262464   
42.0   1.79625144781   -0.820269424346   1.97468002276   -0.428375447388   -11.9698021754   0.98080096659   
43.0   -0.652502236103   5.42373035101   5.46283901361   1.69052597705   5.58605011964   -1.61837933433   
44.0   4.85437112236   1.37361660841   5.04497191078   0.275755926321   -2.11641038595   1.80879906112   
45.0   12.833342084   -5.59237950111   13.9989062976   -0.41095706246   21.4438615726   1.94467236968   
46.0   -10.3776082954   3.67783135263   11.010049836   2.80100280583   0.234767804719   -0.611570697265   
47.0   16.227855299   -4.08740761197   16.7347001345   -0.246743548481   4.97511266082   0.236773872257   
48.0   2.50181376232   4.09549330493   4.79918092095   1.02242253515   14.2598714024   1.66629594597   
49.0   6.13291846542   -5.06666778836   7.9551122796   -0.690479779835   16.2597024917   -1.91485493495   
50.0   0.484954463769   6.33031386107   6.3488624502   1.49433738712   -8.42804372762   1.68562645009   
51.0   7.54419553618   -9.79651814637   12.3647342907   -0.914561438816   3.38399502581   0.183174735718   
52.0   -16.604370602   -5.15267365079   17.3854873053   -2.84069477105   4.41747909312   -0.1923957887   
53.0   -16.6432186445   10.021757478   19.4276182224   2.59959185788   -7.62624856642   -0.497241543179   
54.0   5.83453321207   10.4997202961   12.0119067636   1.06359919368   1.06144832975   1.94041281342   
55.0   -11.2697909791   6.52060598037   13.0202339097   2.61706340782   -14.7462646387   2.60876932312   
56.0   0.0955282481925   11.7957605885   11.7961474011   1.56269798001   -4.70660193205   0.369974953415   
57.0   8.5971308534   2.32436494003   8.90580323637   0.264052182257   -13.5860375578   -0.197889741301   
58.0   9.74312937673   -0.331179551056   9.7487563282   -0.0339780042928   13.6289390273   -0.58183905735   
59.0   -10.6430762826   -18.6885632551   21.5066842935   -2.08848494299   17.5911793236   -1.64421429594   
60.0   -11.1446314556   14.7215320381   18.464190094   2.21878104514   15.2899707348   -0.0112515767435   
61.0   9.64788915488   2.64390123677   10.0035982973   0.267472879599   -2.9975267911   1.1028016443   
62.0   13.4756761962   6.53560500306   14.9769149594   0.451569876217   6.74880364114   0.146945506148   
63.0   -13.2588825644   -7.99100656206   15.4807671881   -2.59919697121   6.2886563478   -0.300783573078   
64.0   -8.99905874256   7.21036049255   11.5313640427   2.46609913907   13.0760215504   -0.4837373868   
65.0   -8.93900018775   -9.81565833875   13.2760262496   -2.309485002   12.4345714396   -0.728188393949   
66.0   7.3112446614   -15.9274479499   17.5253501162   -1.14045493691   15.304482663   1.81048859728   
67.0   -4.55769649415   -15.8602795433   16.50215333   -1.85062187455   -10.8621685039   -1.68371594943   
68.0   -1.41854299152   -10.0470728729   10.1467205309   -1.71105888649   -6.5090685112   0.0728891512369   
69.0   10.8401907451   2.04804511965   11.0319637509   0.18672972742   1.5116100022   -0.133987096775   
70.0   1.21881085842   -10.13362607   10.2066584755   -1.45109738507   17.490038919   -1.42835099717   
71.0   10.844269968   1.14356982042   10.9044001702   0.105065519242   6.21825600595   0.661429742217   
72.0   -2.98350006604   10.3319691422   10.7541089356   1.85191319599   12.141068143   1.72162401903   
73.0   -2.90956355008   -4.73473875995   5.55727551746   -2.12181963287   14.3335778531   -0.0489983738935   
74.0   -8.9726516924   -2.62795581486   9.34957914336   -2.85667602213   -18.1954188867   -2.44553806056   
75.0   1.82160484263   1.84377468314   2.59186212691   0.791446533017   1.47995531549   0.381778239935   
76.0   -4.86306786358   -19.4768756325   20.0748129119   -1.81547773237   5.20738828626   0.912901879293   
77.0   -10.7095742705   -23.7347487944   26.0390722068   -1.99466367469   0.0577014588824   -0.828021616814   
78.0   21.2383653121   -12.6366520864   24.7134201818   -0.536728823589   -7.66839087833   -0.53688766959   
79.0   5.25689589034   -6.35966305948   8.25107681651   -0.880045151689   -0.941267995259   0.115485549879   
80.0   8.61255466861   16.5261055523   18.6356717788   1.09037343533   -11.3886030658   -1.49665369234   
81.0   2.66081107196   -6.50011430209   7.02363164616   -1.18225709407   -43.598947279   -1.75424766582   
82.0   -4.22065412254   4.44105352739   6.126734665   2.33075471948   -7.50453227892   -2.67305158918   
83.0   1.75402985266   -5.82993300252   6.08808176177   -1.27854503294   -20.6777607213   1.36170367335   
84.0   11.162847659   8.64635047049   14.1197926442   0.659038207169   3.47379281266   2.14990363756   
85.0   9.34236004105   5.82756725434   11.0109141873   0.557720753236   -5.9156089193   0.116192803413   
86.0   11.5831002625   -5.48902246127   12.8178617277   -0.44253573546   7.7901434825   2.63890531791   
87.0   0.192850783579   -5.52372039651   5.52708589073   -1.53589729685   -2.38497389749   0.85150925514   
88.0   -7.21525706714   -8.95782976935   11.5022888471   -2.24886333509   6.61671493331   -0.713988000988   
89.0   15.6042613605   -8.37673072123   17.7105220189   -0.492670472231   -2.14426882144   -0.981362946371   
90.0   6.22536353724   5.87407400196   8.55919952749   0.756372774578   0.180149658587   1.74476119991   
91.0   -10.928896088   19.0577887244   21.9690710037   2.09147313969   14.3363790253   -1.07478939397   
92.0   1.29992763348   -3.22506535642   3.47719116608   -1.18764605874   15.7574719555   -1.5605595929   
93.0   -18.4657088158   -3.734567769   18.8395700188   -2.94204091012   2.96039918846   -2.73905365001   
94.0   15.1442143483   -10.7829840035   18.5908572219   -0.618747629443   2.1467871958   1.77726700848   
95.0   -3.02805593027   10.7497908276   11.1681299041   1.84536694021   -3.99848022775   -2.75759351068   
96.0   -8.83712431722   15.3728457529   17.7318682812   2.09252001849   8.06386996524   0.782313716514   
97.0   1.76067719196   -5.34492018828   5.62744666731   -1.25257973158   -9.69397660841   0.812791407978   
98.0   -10.6526334408   -3.1104261957   11.0974479202   -2.85750372124   -9.04293198197   0.154953218687   
99.0   -14.0797733508   1.14149553827   14.1259700436   3.0606961542   0.495285036301   3.00406002663   
