0.0   1.67797617377   -0.33559253045   1.71120612033   -0.197394010189   -0.830746759509   -0.212959759626   
1.0   -0.613658578673   -0.430688792229   0.749713069734   -2.5296343251   -3.31572531852   -1.08759078651   
2.0   0.185542485205   1.20155353933   1.21579476957   1.41758761682   2.95978317004   2.9245307399   
3.0   1.10010990499   2.33505763395   2.58122760658   1.13051232752   1.50779488426   1.15896986937   
4.0   2.04806980191   1.08665357106   2.31849216022   0.487806970389   -0.140037253202   -1.62610620386   
5.0   0.958058214117   -2.04596506413   2.25916988854   -1.132855714   -2.21392585074   -1.46597465884   
6.0   -0.971322006963   1.26528216526   1.59511924286   2.2255120714   -4.67674834112   -0.195396962145   
7.0   -2.70429451485   0.914542955285   2.85475001359   2.81548492142   2.54315418708   -0.713649511284   
8.0   -1.4448768227   -2.49895008931   2.88659324839   -2.09502733184   -1.71922700184   0.658712476217   
9.0   2.12021376985   -1.71479718151   2.72687289831   -0.680074766458   -0.157437549872   0.512220827365   
10.0   -0.890271631617   2.68206840215   2.82596434724   1.89128760401   1.6812396751   -0.699237587978   
11.0   2.436393705   1.40528074731   2.81261946671   0.523176384324   0.0178408264645   -0.696936422965   
12.0   1.47051073226   0.521051794685   1.56009512096   0.34053052047   1.22996966803   2.50498585349   
13.0   -0.0563724634252   -2.03327274056   2.0340540534   -1.59851421477   -0.758259404666   0.660319465767   
14.0   1.40465830971   -1.52463120588   2.07305698932   -0.826331598397   -2.05349155432   -1.56585265854   
15.0   2.59992306392   1.11518547663   2.82899957327   0.405194832886   0.178245907598   0.0173297087361   
16.0   1.86768933542   -1.72275435268   2.54089472692   -0.745053195171   0.00591679245057   1.36868480808   
17.0   -0.408024228261   -1.61197101739   1.66280916877   -1.81871053646   -1.99247012387   0.789975729078   
18.0   -0.0146610720814   2.33950186271   2.33954780089   1.57706299424   2.4905051501   1.02722013069   
19.0   1.46768603062   1.76428735231   2.29495362612   0.8769127952   1.39320333399   0.133326944759   
20.0   0.636136987336   -0.810563179438   1.0303799952   -0.905387292785   -2.68388155213   -1.78539822812   
21.0   -0.691078382398   -1.17040221558   1.35920222073   -2.10417329357   5.11131038338   0.759353129881   
22.0   -0.465381841703   2.52746484766   2.56995307637   1.75288665293   2.52742192297   1.00325822908   
23.0   0.501768575765   2.11552557692   2.17421713962   1.33791578334   1.54072753531   1.28987918219   
24.0   1.31320219766   -0.0540517135605   1.31431411759   -0.0411370164254   1.9980452978   2.36002061138   
25.0   0.447194701069   0.397425425225   0.598272571058   0.726541179414   3.33587075501   2.25633387436   
26.0   2.48113832673   -0.70712964146   2.57993793069   -0.277641102324   -0.0524327221744   -0.262652336428   
27.0   -1.22604087705   -2.29098537677   2.5984207182   -2.06217375009   -2.01543139189   0.719284645753   
28.0   1.7613862893   2.37698326426   2.95846769438   0.933068822371   1.16191566069   0.393038208096   
29.0   1.15302268533   0.809413771424   1.4087625656   0.612062248326   0.446144953803   -1.88055259641   
30.0   2.04837627887   1.14801347713   2.34814401677   0.510831194629   1.49371567588   1.26595483199   
31.0   2.2922573141   0.60776325755   2.37145941801   0.259174156462   -0.681751453756   -1.57419589335   
32.0   0.87793942041   2.53788024822   2.68544480119   1.23774823655   1.46395045359   -0.173511295553   
33.0   1.45656376839   -2.48181947863   2.87767370212   -1.04006968954   -1.23612911574   -0.604871256957   
34.0   -2.41994697675   1.59825934387   2.90009936046   2.55790471055   2.91601095292   0.46107881871   
35.0   1.86520983006   -2.22935300484   2.90672023599   -0.874098154046   -0.900782491776   -0.346390905802   
36.0   2.48304750077   1.44991963252   2.87537681563   0.528517623725   0.647587234805   -0.156871843947   
37.0   2.41357178046   0.412527856662   2.44857263972   0.169284247431   1.08175962609   1.30778669891   
38.0   0.35150886177   2.35129337337   2.37742276584   1.42239936356   2.29528999067   0.965622766911   
39.0   1.8677062564   1.04895275379   2.14210843327   0.511725430047   0.382835502646   -1.19372102229   
40.0   -1.44629647054   0.934739392931   1.72206597243   2.5678238698   3.51172215542   0.764330153526   
41.0   1.29539873463   0.663057879316   1.45523318853   0.473087522054   2.34318484774   2.44762382838   
42.0   -0.502281405254   1.64226987781   1.71736337495   1.86760760809   3.32636905514   1.67705446783   
43.0   0.276769948701   -0.459842559922   0.536709217752   -1.02899576574   5.41179895767   1.63446738409   
44.0   2.09299657814   -0.113109403616   2.0960506705   -0.0539893301963   0.82234345314   0.758125632407   
45.0   2.28544613468   -1.57572209727   2.77599786785   -0.60361658407   -1.1062264037   -0.951804662704   
46.0   0.361333651187   2.7119714802   2.73593700895   1.43833991478   2.04700566567   0.867760628045   
47.0   2.34962024821   -0.941422315477   2.53120352537   -0.381083819072   -1.21350448277   -1.2005909801   
48.0   -1.79847459506   1.97771820273   2.67317791373   2.3087633389   1.66893057728   -0.758550578108   
49.0   0.185798676111   1.11204525331   1.12745988552   1.40524712808   1.91123386697   0.302108528844   
50.0   -1.39169038757   -1.64184784327   2.15231653696   -2.27391673704   -3.45392422891   -1.70364517485   
51.0   1.1319696627   0.206795578504   1.15070401432   0.180693905485   -1.86718456839   -2.14776009225   
52.0   -0.70791187973   -1.1899756425   1.384623147   -2.10745451445   -4.07969326659   -2.46421477305   
53.0   -1.26272104894   0.260704544129   1.28935305745   2.93799094447   3.32389478512   -0.116736997118   
54.0   1.58248921414   0.559185367514   1.67838028709   0.339663299037   -1.28323190602   -2.1009153229   
55.0   2.62010478372   1.26671944133   2.91024521659   0.45032937904   0.107322861263   -0.566809724265   
56.0   -0.571878532175   -2.48059740434   2.54566465545   -1.79737813844   -1.48127872962   1.13074224134   
57.0   -1.94849674579   -1.53050390416   2.47771704781   -2.47576870961   -2.6904071314   0.355152087336   
58.0   2.22604010948   1.34005560419   2.59826934542   0.541882017726   0.64564386738   -0.469394128876   
59.0   -1.41097854938   -1.34808319641   1.95145811414   -2.37898646353   4.18313707479   -0.480970568924   
60.0   -2.07405134848   -0.0472470501599   2.07458942441   -3.11881651544   4.20860436209   1.08926405964   
61.0   0.66365717798   2.90693738754   2.98173201763   1.34634202283   1.21425775315   -0.270317218036   
62.0   0.540756436169   2.30314810789   2.36577867311   1.34018326526   1.92582110477   0.312923506397   
63.0   -2.64396211454   0.67877777039   2.72970235094   2.89029232169   3.30315261182   0.250905070489   
64.0   -1.49972992009   1.43788311592   2.07766640447   2.37724480146   3.44806815907   1.14952167313   
65.0   1.86873320308   -1.72481826435   2.54306150719   -0.74537144481   -0.580678772436   0.941593945553   
66.0   -0.0701237022141   -2.46150557943   2.46250422358   -1.59927675838   -2.14615370224   -0.29567225399   
67.0   2.69814800437   -0.862593536396   2.83267899038   -0.309429314316   -0.789759372988   -0.720719986524   
68.0   -0.141451975241   2.33972368176   2.34399564169   1.63117953231   2.61068676022   1.24123168957   
69.0   -2.11207985187   -0.970997909788   2.32458990824   -2.71067231033   -3.41919457365   -0.543095072586   
70.0   -1.19615764081   -1.3203707653   1.78162062727   -2.30687559604   4.28888514955   -0.444936951065   
71.0   2.10462166449   1.53242583494   2.60341339211   0.629352929455   0.99954055084   1.12876178772   
72.0   2.24289602382   1.2419345225   2.56378312887   0.505694133964   1.30427127567   1.13099673073   
73.0   -2.11510896197   1.58023677548   2.6402337373   2.49993833567   1.81100014116   -0.853964248604   
74.0   -0.720005352759   0.494421041609   0.873418498995   2.53985500786   -4.9719904609   -1.28311897172   
75.0   0.679559450584   1.16966487548   1.35274423592   1.04447470507   3.02045021487   2.29861559849   
76.0   0.8973819793   1.8095253337   2.01982087079   1.11041707663   2.31926546578   1.41980693268   
77.0   -1.59085374426   -0.307333780332   1.62026840004   -2.95075563558   4.62393995291   1.3141084768   
78.0   2.63519148307   -1.12210489506   2.86414970767   -0.402561025011   -0.354826862844   0.44158533797   
79.0   1.64482238027   -1.5784374652   2.27967223394   -0.764805491911   -1.6515852916   -0.900052494284   
80.0   2.30991748424   0.817723754158   2.45038587208   0.340238827466   -0.0792024470157   -1.33014456287   
81.0   -0.900333914041   -2.84301336693   2.98216803036   -1.87748746272   -2.01111284716   -0.267271627841   
82.0   0.856857501874   1.95991736124   2.13903736326   1.15864558436   2.06466470086   0.841456120909   
83.0   -1.64165317113   -2.38092122951   2.89202542094   -2.17444276806   -1.89409582545   0.644957391071   
84.0   2.50414268491   -1.64490181731   2.99606952105   -0.581191161054   -0.518780749232   0.0618288241101   
85.0   1.49279371797   -1.11085826545   1.8607630613   -0.639744781615   -0.149888976982   -0.0589089714505   
86.0   1.02358618575   1.82205756137   2.08988574726   1.0589578627   2.01631785222   0.917825993503   
87.0   1.81555663774   -1.19968155195   2.17611620345   -0.583915386354   -0.928184861465   0.26515537734   
88.0   -1.21567974257   -1.98215710986   2.32525784477   -2.12094623897   -2.83198508498   -1.66224666676   
89.0   -1.04934095001   -0.861282086373   1.35754309754   -2.45430649681   -4.25636700905   -1.9779888585   
90.0   1.11246583645   -2.19304136882   2.459067035   -1.10134901518   -1.9028860246   -1.49918272159   
91.0   0.34325206239   -1.83384889543   1.86569658562   -1.38576162239   -0.258627872152   2.24627833993   
92.0   0.394763243562   2.76677088567   2.7947914327   1.42907274416   1.93472430349   0.611568135653   
93.0   -2.21928882476   1.57672150352   2.72236911299   2.52387933107   2.31783438791   -0.82252120185   
94.0   -0.725446664853   -0.765482870102   1.05462642105   -2.32934775788   -2.5445938129   0.0197791967539   
95.0   1.34154598953   0.739548122804   1.53188676735   0.503814343169   2.25485408526   2.1108062323   
96.0   -0.358062580387   2.79995074254   2.82275272954   1.69798771591   2.17000586151   0.826184621461   
97.0   2.41832903974   -1.6470174775   2.92591556879   -0.597898397167   -0.316420587799   0.298536520565   
98.0   -0.0694576599168   -2.45735618952   2.4583376108   -1.59905400145   -2.44366675377   -1.0019774673   
99.0   1.24731007565   -0.681332037521   1.4212655523   -0.499952725346   1.4224827074   2.42637153645   
