0.0   4.26892391243   -1.79176317539   4.62970049213   -0.397392030913   -0.569441807738   0.0730856091114   
1.0   -3.42567181439   0.501667451473   3.46220993178   2.99618272403   -3.46473336338   -0.198310530357   
2.0   -1.53317933222   -0.623959594941   1.65528379466   -2.75509123788   3.69226431443   -1.10573913748   
3.0   3.5079648284   1.28549495147   3.73608277578   0.351254103062   -0.243534621767   0.870187684218   
4.0   1.15816138991   -0.317553259923   1.20090710631   -0.267610586027   -3.09217148266   -0.777964244569   
5.0   1.80741868683   -3.87044640377   4.27166450859   -1.13391240233   -2.14986682071   -2.0792048213   
6.0   1.52036028978   2.32596593293   2.77877903618   0.991861690798   -5.97870025777   -0.694801719374   
7.0   -2.89978694227   3.11324815177   4.25453621034   2.32070964706   0.802218771705   -1.83884089845   
8.0   -2.88348833546   -0.139324604036   2.88685232148   -3.09331212828   -4.5592485371   -0.25206380025   
9.0   0.766931790017   0.880570110878   1.16772774683   0.854265224617   1.77835650013   -0.541998264153   
10.0   1.676353467   2.26033266346   2.81411881338   0.932667022882   0.42137261179   1.27525867085   
11.0   3.20955848641   3.7540829608   4.93906919918   0.863434733507   1.99566846937   0.74257945344   
12.0   3.32126311137   1.63240565143   3.70074814946   0.456825687848   1.11869792467   0.195587000735   
13.0   -0.459735247996   -4.94263988721   4.9639747736   -1.66354357919   -1.70789781255   -0.25026223447   
14.0   3.79235717687   -0.697817655698   3.85602417492   -0.181970790689   1.02058581699   0.664801917   
15.0   1.45592488051   2.0035063317   2.47664185518   0.942382305395   2.49848904451   -1.28908101498   
16.0   2.27264534231   -1.7894256667   2.89256997643   -0.666995641531   -3.5768643539   -2.42484168455   
17.0   -0.146884009709   -4.24542842866   4.24796862691   -1.60538069111   -1.53596924109   -0.703691722424   
18.0   -2.53575302259   3.48184941825   4.3073563543   2.20024955609   2.80529600528   -0.34060333323   
19.0   -1.48268527009   2.17368726082   2.63121111239   2.16941171977   2.83564608517   -0.267979801495   
20.0   -1.59816248598   -1.30006422133   2.06016754444   -2.45868946394   -2.89809668331   0.920510797922   
21.0   -3.04906169501   0.633991012519   3.11427709492   2.93658397252   2.30792955027   -0.190036116814   
22.0   -0.940802926965   1.69785623565   1.94108885533   2.07679124676   -2.98826503335   -0.933592260206   
23.0   -0.61493564753   3.45490954324   3.50920871459   1.74694062653   3.58507670745   1.4221525251   
24.0   -0.845425066599   0.246634213762   0.880665645198   2.85774196608   3.80759976532   0.656463022591   
25.0   -2.3578739203   -0.541367944223   2.41922480871   -2.91590416479   3.39087046944   0.083801038951   
26.0   2.89378612931   -2.73958856971   3.98488942048   -0.758032849514   -2.43493719762   -1.13253588086   
27.0   -3.32455726398   -0.537918755124   3.36779417254   -2.98118123585   -3.97640524812   0.287785771119   
28.0   1.48099841171   2.71021163977   3.08846295555   1.07068180213   3.76171066928   1.70599341329   
29.0   2.73221083663   -1.73840469283   3.23836794263   -0.566657592475   -1.04469562094   -0.0861116282508   
30.0   -0.370041150571   1.19987876019   1.25564305926   1.8699405058   3.70024341473   0.33520528309   
31.0   1.06860303167   -1.25432198728   1.64779734405   -0.86517893756   -3.08656482072   -0.96557173344   
32.0   1.39713372931   2.45706111191   2.82650525654   1.05377011553   -1.87610264562   -1.76404941915   
33.0   -0.734960081175   -3.05135754598   3.13862218088   -1.80715743987   -3.29607118648   0.0967896758105   
34.0   -2.70287646918   4.05531659472   4.87351350579   2.15868489575   2.4836915557   0.88791766596   
35.0   2.7437647553   -2.53925169503   3.73845478816   -0.746706064927   -3.40580769119   -2.84060832283   
36.0   2.57499187175   1.90858716595   3.20519704692   0.637846078343   4.08210196261   2.23652303528   
37.0   4.12467938346   1.18578165939   4.29174302121   0.279935566103   0.10641514726   0.416141428405   
38.0   1.42778259598   2.60732945424   2.97266379268   1.06979494178   2.73591606053   2.79622721012   
39.0   4.68079065658   1.95294218373   5.07186201938   0.39526663802   0.547260991805   0.29338306026   
40.0   -3.32518833468   -0.879789029634   3.43960843669   -2.88293639739   4.37063032568   0.23380508574   
41.0   -1.28053415926   0.0307507994215   1.28090333152   3.11758322738   3.04151294649   -1.04710664334   
42.0   -0.635826133704   4.47705396549   4.52197822664   1.71187177527   1.22008232519   -0.384218880307   
43.0   0.463866475104   0.059828783216   0.467708873154   0.128270309469   8.69411549192   1.48857516175   
44.0   1.2293648531   -1.63317216093   2.04415979054   -0.925539686078   -2.56088758445   0.101647554279   
45.0   3.88893638241   -2.3508092583   4.54424144993   -0.543711815172   0.921515824003   1.55273127262   
46.0   1.08860383093   3.10146443425   3.28696515614   1.23323384061   4.26424848293   2.90593283682   
47.0   3.57071739035   -2.33729836668   4.26766755227   -0.579583890726   -0.0463618265829   2.1790416036   
48.0   -0.620831535805   1.427709551   1.55685142447   1.98097565301   -2.20607547453   -1.88586320526   
49.0   -0.250480521503   2.31132633106   2.32485911407   1.67874594927   -0.195171630772   -2.44763894539   
50.0   -3.53120889246   -2.81435496886   4.51553209854   -2.46868686558   -3.5600701458   -1.29541296154   
51.0   0.577856148138   -0.991223970787   1.14736336363   -1.04299127007   -3.21948621486   -1.15330043869   
52.0   -2.17470089351   -2.39101466982   3.23206979001   -2.30885204395   -2.76538822181   -1.67467717902   
53.0   -2.84441537511   2.21360343274   3.60426677476   2.48026907887   2.48682981123   -0.292155638729   
54.0   4.15898566539   -0.711698308332   4.21944027651   -0.169481458858   -0.627695833634   -0.584472861617   
55.0   4.33261895113   3.32865339216   5.46365448951   0.655096417904   1.43428547214   1.14530638003   
56.0   -0.314535491709   -5.16557816394   5.17514544176   -1.63161190496   -1.1427086379   0.987751778045   
57.0   -4.72774881821   -0.783287049376   4.79219652036   -2.97740544187   -3.15026323433   0.112782671882   
58.0   3.04441481874   3.99452973103   5.0224226585   0.919566994915   0.970866062885   -0.856241313882   
59.0   -1.7225457727   -2.09675126368   2.71358246619   -2.25852862949   10.5386199856   1.92961338704   
60.0   -1.36534830292   -2.60560363946   2.94165706945   -2.05346268837   4.46821775456   -1.17231005457   
61.0   1.00997581903   1.92092762856   2.170256692   1.08674193491   -1.92116885048   -0.635510064308   
62.0   -0.368637011075   3.9465845462   3.96376371978   1.66393268068   3.26416434869   1.25358554363   
63.0   -5.05778990874   1.61691997187   5.30995941194   2.8321718151   2.12222463909   -0.643410687083   
64.0   -2.25513841938   0.542776417047   2.31953778358   2.90540074024   4.54859731503   2.82671007221   
65.0   2.07549942286   -1.81887982253   2.75971405459   -0.719598423993   5.69561520995   2.01639241617   
66.0   2.49171812723   -1.9331246833   3.15366933377   -0.659822146271   0.913300848183   0.869316671421   
67.0   3.46250313999   -1.23247857831   3.67531378802   -0.341965772517   1.92199343708   2.24983065905   
68.0   -0.0864117140127   0.865902157692   0.870203155024   1.67026087076   6.47254252647   1.95644919103   
69.0   -4.50577193639   -0.00644297146738   4.50577654291   -3.14016271724   -2.77250816572   0.940043487494   
70.0   1.21937484426   -0.261412183743   1.24708112832   -0.211185520004   7.41553366461   1.11097707944   
71.0   1.23733175873   3.84319285335   4.0374646982   1.25932178718   2.79447432363   1.42847236932   
72.0   2.47695154686   4.16584189075   4.84659959397   1.03436716919   1.73156916371   0.208081881714   
73.0   0.4826285274   1.78713949092   1.85116121812   1.30703188867   -0.665665068974   -0.993094109236   
74.0   1.57905987926   0.416770161769   1.6331342474   0.258050938108   -6.72070535966   0.0892021841732   
75.0   1.26787889696   3.69073440104   3.90243991835   1.23989679439   0.764203448517   -1.2898390246   
76.0   1.63397290403   3.29965035451   3.68205919468   1.11099948132   0.341265225274   -0.462063471575   
77.0   -2.69072071155   -2.50046739916   3.67318869129   -2.39282737578   3.54814880734   -0.620536026386   
78.0   3.35704192454   -2.42933872954   4.1438408688   -0.626425740379   -1.43158509622   -2.16630879787   
79.0   0.548450980516   -3.17745634939   3.22444217351   -1.39987356161   -0.814631670197   1.74629278448   
80.0   5.1795116926   0.789613935603   5.23935411488   0.151284675457   -0.431841066437   -0.617361025996   
81.0   0.236586263374   -2.78719938215   2.79722245377   -1.48611616518   -0.183109371935   -2.60920512058   
82.0   1.82337417158   2.57395197079   3.15434971389   0.954458465348   -0.236617960912   -0.68135790337   
83.0   -4.27118665082   -1.27699591082   4.45799887421   -2.85107264806   -3.39117848017   0.591341058198   
84.0   3.29878125647   -3.61101669329   4.89095076005   -0.830554791943   -0.370756495221   1.92091081016   
85.0   -0.293472865268   -1.94936679633   1.97133387058   -1.72022196834   -4.04489545418   -1.83931178344   
86.0   -0.238771376963   -0.515492591238   0.568105960256   -2.00456533949   3.80511984126   -1.10531514742   
87.0   1.64798397539   -3.95070716396   4.28064694626   -1.17560498209   -1.09358414987   0.98811794543   
88.0   -0.189799766387   -3.16869769033   3.17437694737   -1.6306231969   -0.0323465417612   0.56013969686   
89.0   0.463326495091   1.41077723701   1.48491206929   1.25347488858   -5.29276838577   -0.515010663789   
90.0   -1.45113781966   -3.584813514   3.86738786544   -1.95543504628   -2.84323885019   -0.0696681955955   
91.0   1.57396753415   -0.0936989662212   1.57675403751   -0.0594602577424   2.05200069559   1.26207704251   
92.0   -0.131334208453   2.38053994995   2.38416004657   1.62591037899   6.54037965797   2.37099916212   
93.0   -4.55667904657   1.65372191183   4.84748595615   2.79345217851   3.81362175869   1.64491174271   
94.0   1.55105052318   -1.55552933222   2.196685965   -0.786839879413   -0.112203276764   -0.384993251392   
95.0   -1.39847010893   1.00046539373   1.71949110193   2.52060577636   2.61399445776   -0.986902011147   
96.0   1.50126580409   3.83135209606   4.11497969601   1.1973466993   1.5300740906   1.9411867862   
97.0   4.97393317052   -0.119081916916   4.97535844817   -0.023936624966   0.70934563641   0.282974116997   
98.0   -1.99530828796   -4.41571143316   4.84559208198   -1.99520063989   -1.85366187316   0.469428673705   
99.0   -0.951812027769   0.721269334394   1.19422593714   2.49312742953   1.82152577843   -1.13769377661   
