0.0   6.21148011661   -12.3882458855   13.8582510209   -1.10602846593   -19.8574749217   -2.73112733996   
1.0   -7.14575021732   -4.01602111737   8.19696113103   -2.62957145137   -9.14171856084   1.09445401576   
2.0   -11.3290729559   -5.07704981647   12.4146819887   -2.72028370985   -2.26203323068   0.250666172025   
3.0   3.40621839134   -0.563206187249   3.45246650076   -0.163863887445   -7.25460699509   -1.48342027427   
4.0   9.15455209383   14.0339284075   16.7558040865   0.992794906718   20.2486450756   1.49960150562   
5.0   -22.3890244083   10.4877199945   24.7236867121   2.70351740702   -0.529627737639   -1.61546344245   
6.0   2.95102121299   -9.4103564503   9.86221753569   -1.26691607797   -13.0154014842   2.69869199986   
7.0   13.614256396   6.45638761928   15.0676115661   0.442825823246   -0.447315133747   -0.835892614289   
8.0   -4.75169624451   -3.98368140162   6.20067211757   -2.44388904674   -7.32625308065   1.41756362822   
9.0   8.17930357971   4.8633489076   9.51594291945   0.53643357987   -9.45935528293   0.755560013648   
10.0   14.7219782646   -6.19989968742   15.9742104705   -0.39859006428   12.8139331651   0.865436262768   
11.0   9.40285955211   3.02170358971   9.87645990934   0.310936191158   5.90450634054   0.556503866519   
12.0   -4.45529088475   -6.23687910066   7.66474251256   -2.19108586291   -19.8390147084   -0.159654310561   
13.0   7.00352009299   -17.58023031   18.9238947219   -1.1916918003   -2.87350276866   -1.62308343897   
14.0   8.20101889605   18.3379352648   20.0882199487   1.15025994965   7.84495232312   1.27714236178   
15.0   2.03237219411   9.75268340124   9.96219705989   1.36534559691   22.2715694785   -0.671941388816   
16.0   -0.565473689932   -10.0296635322   10.0455916233   -1.62711682725   9.24748952933   -2.67178162329   
17.0   2.76778598761   -4.45558534664   5.24527216209   -1.01493809047   6.85079421606   1.66366896169   
18.0   -4.32607611248   23.3282363766   23.7259677774   1.754157144   1.47982877934   -0.805179368559   
19.0   -12.9393100015   10.6168647208   16.737489651   2.4544686755   19.2592057091   -0.42191912619   
20.0   4.16193988595   10.0425479008   10.8708100873   1.17791194375   31.5264829955   0.282477277939   
21.0   -19.8267108379   4.42249510443   20.3139588854   2.92212794765   2.5725290279   1.24616570223   
22.0   -2.6789085189   -3.53519986158   4.43555959423   -2.21925892646   0.207879478939   -1.19576584746   
23.0   3.24173825174   -6.83762900284   7.56716837881   -1.12808037554   0.136700249092   -0.379199098848   
24.0   8.68843411931   -4.98851558744   10.0186912924   -0.521199674147   6.16645530462   1.83140321113   
25.0   2.71046988081   -3.25381873185   4.23485339941   -0.876247750513   19.1479579385   -0.924148039462   
26.0   3.39575772334   -1.44655130136   3.69102711763   -0.402707010241   -5.56442729712   1.0385187401   
27.0   -20.5237535488   -2.97836075042   20.7387341101   -2.99748091741   4.44157453972   -0.497601147866   
28.0   -10.6283839511   11.9742628269   16.0107937236   2.29671952685   2.21146467981   -0.663820722817   
29.0   5.66170680587   -0.640573286716   5.69782924378   -0.112662275193   -9.53688523626   -0.814020801722   
30.0   -5.79178851157   -1.57652237244   6.00251921726   -2.87583183483   3.07643488083   0.33327212075   
31.0   -5.27672448726   -11.759232273   12.8888853267   -1.99259391464   -13.0955836123   -0.150528712063   
32.0   -9.84125637154   10.7474961356   14.5725426798   2.31220662914   -4.18996125184   -0.503031710953   
33.0   1.61019859943   -8.77843788396   8.92489278435   -1.38938636581   7.92683356181   -1.34218711549   
34.0   5.61495640784   2.84979471763   6.2967503837   0.469658529889   19.7885137983   1.88615722756   
35.0   16.0630890719   0.188594989199   16.0641961704   0.0117403522588   -8.87589131956   1.57955874387   
36.0   -2.31731176545   -12.4203161823   12.6346423727   -1.75524986343   -3.78073798852   -0.433666220476   
37.0   15.3215522168   -2.17774128535   15.4755458527   -0.141190080361   -6.78622002339   0.0790941212171   
38.0   10.8435899663   -9.55155882031   14.4504574064   -0.722132780501   11.7881355288   -1.38226294078   
39.0   -7.33994279887   4.94535099751   8.85049471946   2.54869617501   10.6176888361   0.991139291642   
40.0   -20.9281835224   -5.58534413521   21.6606771514   -2.88078974109   8.86635560787   -1.30912321328   
41.0   7.27259179731   -8.90478960492   11.4972113731   -0.885951707665   15.0527148891   1.65095945057   
42.0   0.837361370832   3.76243455117   3.85448930693   1.35180705697   -5.08916867324   0.144998656247   
43.0   -0.183689580094   -2.03534268403   2.04361486178   -1.66080243937   5.59778466554   -0.48896510714   
44.0   1.0088163888   -3.88321031852   4.01211077666   -1.31662566144   -4.39204537694   -2.31374463012   
45.0   8.37252578847   -8.30568719363   11.7933721995   -0.7813906455   18.7871396757   -0.209265369487   
46.0   -8.74363936082   0.706906033695   8.77216879754   3.0609200859   0.85940349737   1.41612398536   
47.0   21.2859198518   -8.45951224677   22.9053210278   -0.378282776968   6.25525527087   0.61376254688   
48.0   6.27476328407   -2.71612075766   6.83739469691   -0.408512843562   15.4119140618   -0.661725344749   
49.0   9.47918064024   0.576811771838   9.4967140333   0.060775444377   19.2323167436   -0.624054707824   
50.0   0.764140679107   -0.849431494629   1.14256065114   -0.838207399565   -13.7352317394   -0.774725201553   
51.0   6.73743664131   -7.05842004346   9.75778386754   -0.8086606188   13.3837586931   -0.571588747776   
52.0   -16.9436861897   -5.69258286028   17.8743951314   -2.81747031039   1.15961988872   1.47583724588   
53.0   -21.2298463219   8.51979654725   22.8756050862   2.75995557299   -8.94122618736   1.16051555466   
54.0   8.53071933816   9.64538303961   12.876590636   0.846647239874   -3.70647582473   2.30491360558   
55.0   -13.1638343131   3.71851398391   13.6789575652   2.86628614854   -22.2481740509   -0.883762827328   
56.0   4.92564318495   14.3681740226   15.1890218753   1.24053558589   -11.9801667074   -2.03274123785   
57.0   4.62980467338   0.953521964207   4.7269752961   0.20311294962   -17.3693707857   -1.14646661594   
58.0   4.42192036853   1.25580908236   4.59678541994   0.27671062511   22.0241717019   -0.949206618417   
59.0   -12.7542307815   -27.3037906147   30.1358156478   -2.00779821344   17.0309822983   -0.979734324637   
60.0   -6.49619662826   13.1584168744   14.6746211288   2.02938429335   20.4213171954   -0.0722434479807   
61.0   14.2322007574   10.8285468446   17.8833152733   0.650407993863   -3.93375164451   2.10668036988   
62.0   11.692957249   3.46405325007   12.1952824546   0.288014039602   10.3313883853   -0.319899514506   
63.0   -11.3373426114   -5.90992678901   12.7852482236   -2.66106655256   11.7364859736   -0.436185009702   
64.0   -1.52481826276   10.6324703998   10.7412521401   1.71323658467   14.236296033   2.23869220183   
65.0   -6.96228843835   -4.25741650891   8.16082444544   -2.59276254502   19.4501914497   2.26521445431   
66.0   8.38319304873   -8.41888706141   11.880891593   -0.787522540781   13.4507274193   0.0942990728843   
67.0   0.312231390438   -20.3034626377   20.3058632794   -1.55541930533   -13.0551515265   0.378586389805   
68.0   0.206449147507   -11.5002443356   11.5020972448   -1.55284653645   -4.44823179151   -0.0877103307249   
69.0   10.2406619527   -1.25214215133   10.3169286707   -0.121667676808   -0.644878622384   1.86588985867   
70.0   0.338801622825   -10.3843635735   10.3898889968   -1.53818176327   21.5152800016   0.00333876413354   
71.0   13.468476749   7.99079207711   15.6605435397   0.535475434459   7.72139135908   1.29936567197   
72.0   -5.97758145583   9.80318005783   11.4818909291   2.11836098986   14.3694223677   -1.66117134738   
73.0   -13.9190658989   -7.56238089823   15.8407701942   -2.64389949188   14.7938307146   -1.24685097632   
74.0   -7.15275569646   -6.17846746591   9.45173921988   -2.42914797311   -22.7278699438   -1.70262953513   
75.0   4.5796990287   8.27718019976   9.45966993361   1.06542904918   4.41632720004   2.57637956068   
76.0   -2.35549396968   -22.2233928936   22.3478755935   -1.67639371442   4.4594406741   0.788937239136   
77.0   -13.203612896   -21.5281393258   25.2546268304   -2.12095155718   5.3755903704   1.42656677706   
78.0   24.5534317377   -12.424134284   27.5178146444   -0.468439251987   -3.19805922206   1.05208881618   
79.0   1.82944283593   -9.94142857343   10.1083561062   -1.38881023809   0.857053962699   -1.87285578513   
80.0   6.54084001712   16.1813055114   17.4532872601   1.18665558355   -13.311181593   -1.12996887199   
81.0   -0.33699224736   -1.68722870139   1.72055353464   -1.76793343122   -46.3173639869   2.88564673275   
82.0   -7.08695940059   8.09064766608   10.7556298375   2.2901610894   -10.3410102376   -0.540477913471   
83.0   -1.15303250255   -3.36791208089   3.55981962135   -1.90064720149   -15.9106744826   -1.54025994329   
84.0   10.0134659494   8.95980889624   13.4368030341   0.729921399203   -1.45990094932   0.0935833711273   
85.0   2.13249365953   10.3879283436   10.604554893   1.3683235198   -3.83019762164   -0.0837047093942   
86.0   14.9638201854   -5.73771936672   16.0261454528   -0.366149056184   0.336342491444   0.0757104849667   
87.0   -10.1233786894   -6.03361221559   11.7850444402   -2.60411379771   -2.31266169698   1.39019721002   
88.0   -9.88091032372   -12.2668232729   15.7514234923   -2.24888115924   -1.36836913394   1.84581573829   
89.0   15.5098302612   -10.2600770871   18.5963441721   -0.584431693612   0.549861175852   0.154238096438   
90.0   3.43327908081   5.32802994962   6.33839951334   0.998381631484   -1.7967049973   1.36049803664   
91.0   -9.60481782974   22.9315552078   24.8617929722   1.96744398152   10.1611974738   -1.13346256971   
92.0   -7.17414956838   -1.92942119883   7.42907047968   -2.87886835519   16.2933080657   -0.915507186398   
93.0   -20.4026110238   -4.39902909995   20.8714636193   -2.92923248132   2.60088422446   2.14997077546   
94.0   9.08751171638   -10.4350858649   13.8374089411   -0.854315222473   -4.015244547   -1.25433168414   
95.0   0.000566054359806   17.6449846056   17.6449846147   1.57076424661   -5.32699483528   -1.89982446927   
96.0   -6.95770679911   17.4279513241   18.7654781782   1.9506360518   -0.872907121161   -1.38072412633   
97.0   4.78126231322   -8.12066572067   9.42367662087   -1.03866980323   -14.2450365327   -0.633038039429   
98.0   -7.7441016627   -2.92819368831   8.27921668024   -2.78009013209   0.154286466251   -0.0570776300131   
99.0   -17.147535969   -1.41529410286   17.205843403   -3.05924301436   -2.10879966208   0.0774742423314   
