0.0   3.42672185001   -1.25260115331   3.64848355987   -0.350450580194   -0.64252741685   -0.319131926537   
1.0   -2.47742903861   0.184121174235   2.48426150961   3.06740957916   -3.26642283303   0.387608033268   
2.0   -0.681006070979   -0.100699876614   0.688411021019   -2.99478718938   4.79800345192   1.3455102902   
3.0   2.5374731084   1.52662939822   2.96131171871   0.541619902851   -1.11372230598   -1.20275930795   
4.0   2.15694041239   -0.268152204679   2.17354492649   -0.123686026829   -2.31420723809   -1.64719487492   
5.0   2.35466488987   -3.03347472369   3.84010620203   -0.91072015764   -0.0706619994131   1.08959685642   
6.0   0.566358827535   2.02616398157   2.1038305069   1.29823027834   -5.2838985384   1.07957659916   
7.0   -3.5949002886   2.39434799476   4.31928355228   2.55402390481   2.64105967016   1.05698409072   
8.0   -2.73094576551   -1.12762150495   2.95458880939   -2.75001090875   -4.30718473685   -0.696242070038   
9.0   0.973004845875   -0.0979664983757   0.977924263376   -0.100346321063   2.32035476429   0.264914515325   
10.0   0.763825083476   1.85131927827   2.00270113303   1.17948879355   -0.853886059058   -0.776900370757   
11.0   3.62176278172   2.84299151702   4.60432040728   0.665511681113   1.25308901593   0.743570882614   
12.0   2.88440903617   0.73287326347   2.97605757811   0.248815813245   0.923110923932   1.54880618033   
13.0   -0.323062870676   -3.95202358345   3.96520617655   -1.6523611554   -1.45763557808   0.502535237668   
14.0   3.26949049476   -1.55023212808   3.61839574207   -0.44275538587   0.355783899991   0.739022617948   
15.0   2.25616331713   1.40382437886   2.65725343169   0.556595939356   3.78757005949   2.68886749528   
16.0   3.1794008538   -2.21108244938   3.87265740637   -0.607658983959   -1.15202266935   -1.59127203878   
17.0   -0.181704055394   -3.24603483031   3.25111649797   -1.62671520444   -0.832277518668   1.20178586378   
18.0   -1.59176980475   3.15185595707   3.53099519759   2.03845679828   3.14589933851   0.959907737079   
19.0   -0.529122992836   1.87249133887   1.94581472799   1.84619308267   3.10362588666   0.0323374743901   
20.0   -0.627661446496   -1.0589672857   1.23100390073   -2.105838951   -3.81860748123   -1.74218867247   
21.0   -2.37689357559   -0.106407541805   2.37927418232   -3.09685504165   2.49796566708   -0.161241271658   
22.0   0.0474654041806   1.85058378933   1.85119240651   1.54515306765   -2.05467277314   -2.26452681124   
23.0   0.288326531438   3.88399862029   3.89468579878   1.49669778258   2.16292418235   0.94403195034   
24.0   -0.0591301279323   0.864485546549   0.866505413845   1.63908916716   3.15113674273   1.19877057226   
25.0   -1.38878308005   -0.294663782614   1.41969897803   -2.93251911275   3.30706943049   -0.390021351131   
26.0   3.65432384648   -2.09029481434   4.20991866736   -0.519581225745   -1.30240131676   -0.870093500089   
27.0   -2.65324067009   -1.27908947147   2.94546361875   -2.69237889219   -4.26419101924   -1.01170478118   
28.0   2.29480829144   3.29134284669   4.01236623813   0.961934844619   2.055717256   2.0260651383   
29.0   2.23004566864   -0.873632963372   2.39506539346   -0.373379026489   -0.958583992693   0.0859052916377   
30.0   0.477929886092   1.72992132544   1.79472693417   1.30124736243   3.36503813164   1.15659457914   
31.0   2.06708938248   -1.19932192149   2.38981831664   -0.525732228136   -2.12099308728   -0.852465684807   
32.0   1.69771907171   3.41081603427   3.80997586162   1.10895377007   -0.112053226471   -1.85768790093   
33.0   0.253131819406   -3.20522240879   3.21520238986   -1.49198509778   -3.39286086229   -1.58501667845   
34.0   -1.91159910649   3.4438592084   3.93882944429   2.07752730763   1.59577388974   0.587501398096   
35.0   3.70906254776   -2.80040332123   4.64751586815   -0.64670392815   -0.565199368355   -0.529725802204   
36.0   3.16436852368   2.71644554596   4.17040820038   0.709378111812   1.84557892733   1.53664657675   
37.0   3.13033613405   1.07956724255   3.31126407031   0.332099720328   -0.309726281145   -2.11841271623   
38.0   2.34661819243   2.21268892581   3.22530761687   0.756031691431   -0.0603111495844   0.0180990263578   
39.0   3.82683768959   1.43259198417   4.08619707009   0.358204191042   0.253877931545   0.121007550882   
40.0   -2.99004377919   0.0623776896479   2.99069436379   3.12073388115   4.13682523994   0.961750214837   
41.0   -0.285537954572   -0.0691619258019   0.29379464849   -2.90395320525   4.08861958983   1.02657352671   
42.0   -0.979394567326   3.53792632166   3.6709857499   1.84086056278   1.60430120549   -0.426122905874   
43.0   1.20859893361   -0.607534360247   1.35270446927   -0.465786567604   7.20554033017   2.15908829326   
44.0   2.06544090037   -1.0845585964   2.33287664953   -0.483523713682   -2.66253513873   -2.12676175838   
45.0   3.28432291334   -3.14732828068   4.54889572374   -0.764101311886   -0.631215448618   0.746823488205   
46.0   1.52189423033   4.0027187989   4.28227974697   1.20746134927   1.35831564611   1.03971647588   
47.0   2.57179190735   -2.29095314681   3.44420962422   -0.727709112874   -2.22540343018   -1.63554470322   
48.0   -0.027429310624   2.23261563195   2.23278412013   1.58308143772   -0.320212269272   -0.926311042785   
49.0   -1.2314949203   2.50526124113   2.79157905585   2.02767196584   2.25246731462   -0.224587912767   
50.0   -2.61750019221   -3.22072476483   4.15022592964   -2.25323655212   -2.26465718426   -0.0673773443751   
51.0   1.57482397828   -1.0690387873   1.90339551625   -0.596376614102   -2.06618577617   -1.65897391316   
52.0   -1.24463509669   -2.02362167372   2.37574434699   -2.12221093061   -1.09071104279   2.10421639918   
53.0   -2.05122300255   1.60463228392   2.60429656007   2.47774989871   2.77898544996   1.35519123428   
54.0   3.34960281573   -0.124416942488   3.35191267767   -0.0371267218557   -0.0432229720168   0.651786604919   
55.0   4.19653168641   2.33795653823   4.80384418666   0.508290418891   0.288979092108   -0.615758916046   
56.0   -0.729667307669   -4.2558168901   4.31791521246   -1.7405971299   -2.13046041594   -0.94202592933   
57.0   -3.72778640746   -0.791957521477   3.81098257874   -2.93225784744   -3.26304590621   0.543969184544   
58.0   2.47982990239   3.16915474217   4.0240648758   0.906824168811   1.82710737677   0.788364075295   
59.0   -1.28132882598   -1.19935079236   1.75506292862   -2.38922907089   8.60900659861   2.94396336335   
60.0   -1.1235960861   -1.63526562327   1.98407707092   -2.17281411291   5.64052780913   0.777621754362   
61.0   1.35322354127   2.86017253867   3.16414299671   1.12887767385   -1.28565878617   -2.43588941297   
62.0   0.623860478795   4.06884955592   4.11639874231   1.41865515281   2.01057880506   0.973627019603   
63.0   -4.53388554213   0.765142879755   4.59799540404   2.97440697931   2.76563532617   -0.660582841912   
64.0   -2.09207813148   1.52939252401   2.59149231153   2.51033686484   1.72188724283   -2.53286250323   
65.0   1.24320929501   -1.26453954519   1.77331035426   -0.793903694519   3.67922279378   2.34400007976   
66.0   1.88058174856   -2.7246499998   3.31063518595   -0.966670829184   0.0439841767615   0.356143601746   
67.0   3.80652523421   -2.17144013167   4.38232661997   -0.518409659333   -0.327837221969   1.08061060693   
68.0   -1.06853714111   0.677674515067   1.26531196561   2.57639943256   4.51609333544   0.625027261396   
69.0   -3.57311391824   0.354318752079   3.59063850182   3.04275332106   -3.71255165321   0.331539376321   
70.0   0.794840093923   -1.16682382811   1.41182457152   -0.972799731891   6.30455658517   -0.111193940266   
71.0   2.17768868827   3.50300342807   4.12472557148   1.01460003167   1.36600195432   -0.335464725487   
72.0   2.63703267151   3.17873802918   4.13017151808   0.878274397087   1.523487282   0.306896404946   
73.0   -0.303877696841   2.40472184109   2.42384586714   1.6964971501   0.327429040261   -0.199493089006   
74.0   0.673254691775   0.840464582701   1.07687167052   0.895415078743   -6.80990754384   -1.5403317727   
75.0   0.545945127064   2.99877224031   3.04806348868   1.39071241946   2.05404247312   0.820653483716   
76.0   0.691640929263   2.96497073258   3.04457199292   1.34162375181   0.803328696848   -1.88736573349   
77.0   -1.77223258076   -2.10501885181   2.7517108654   -2.27057387142   4.16868483373   -0.886297325406   
78.0   3.21827990533   -1.43901297403   3.52534876125   -0.420470750403   0.734723701647   2.46512436555   
79.0   -0.137685409436   -2.44998342592   2.45384923319   -1.62693578174   -2.56092445468   0.251809368514   
80.0   4.27131496981   1.20815749692   4.43889356808   0.27565302785   0.185519959559   -0.021941180366   
81.0   -0.746696004788   -2.60511154313   2.71001126856   -1.84993986017   2.42609574865   2.8574382581   
82.0   0.851237833854   2.80836814104   2.93454212193   1.27649093244   0.444739942458   -2.26535946719   
83.0   -3.30217184407   -1.5239985511   3.63688197108   -2.7092050404   -3.98251953837   -0.729032319652   
84.0   2.36672773796   -3.24869606368   4.01938133297   -0.941187217586   -2.29166730538   -1.27079714378   
85.0   0.325546544713   -2.73474248355   2.75405101697   -1.45231287085   -2.20558367074   -0.0231107445362   
86.0   0.549053366655   0.100406891911   0.558158708056   0.18087411941   4.91043498868   0.933989448267   
87.0   1.18867937603   -3.06242833104   3.2850305846   -1.20054764002   -2.0817020953   -0.37255512066   
88.0   -1.18927666262   -3.13635678896   3.35426786169   -1.93323577897   -0.592486238621   1.91087683343   
89.0   -0.0850147606801   0.574522570529   0.580778523691   1.71770487931   -4.77775772198   1.05212113738   
90.0   -0.495316140855   -3.29086637873   3.32793323281   -1.72018734478   -2.7735706546   -0.462160360123   
91.0   2.03681464353   -0.980137093411   2.26037222907   -0.44850353634   0.789923653075   0.646015183453   
92.0   -1.09844165994   2.12617175761   2.39315282069   2.04765834153   4.16938049585   1.24505199557   
93.0   -3.77411903926   2.27629707593   4.40743722592   2.59887240082   2.16871001598   -1.1001622818   
94.0   0.557338709552   -1.44356133923   1.54741583852   -1.20234209004   0.272789974628   1.51810758841   
95.0   -0.534451336114   0.497005802284   0.729830801061   2.3924820828   3.60089646891   0.661459784626   
96.0   1.46055482191   2.83218113175   3.18660796943   1.09466802594   -0.411112695597   -0.857666617515   
97.0   4.21514492064   -0.770419304018   4.28497288276   -0.180778669182   0.426371519413   -0.0550372324125   
98.0   -1.71619982888   -3.45545184947   3.8581717609   -2.03177187596   -2.32309054686   0.547214114393   
99.0   -0.703701359649   -0.247462360331   0.74594451761   -2.80344135168   2.95921955504   0.0728960576083   
