0.0   6.50997467297   -13.5291643903   15.0139288443   -1.12231707419   -17.8195203889   -1.6747944065   
1.0   -0.806963268839   -2.96695852258   3.07474106097   -1.83635580937   -14.6084648551   0.0106954510697   
2.0   -4.98520195411   -3.26796564114   5.96085882696   -2.56133745556   4.63261455847   -0.110709102039   
3.0   -1.80834921288   7.51785459042   7.73228714666   1.80685239695   -6.06416970102   -0.190359782492   
4.0   8.70872420385   10.2811842643   13.4738497518   0.868014718808   15.6162882007   -2.09743272567   
5.0   -18.5572340824   10.0747433453   21.1156669386   2.64421596325   3.0191443067   3.09176671466   
6.0   4.01693666567   -6.18194284896   7.37239428976   -0.994571929976   -8.15435877142   -0.450188154714   
7.0   13.1247563634   9.1612800026   16.0058826962   0.609392670304   -10.7496325716   -1.38896126569   
8.0   -2.41107641767   -0.348306638725   2.43610488412   -2.99812412098   -5.11412676536   1.38825269501   
9.0   8.92166832279   6.87545289079   11.2635703982   0.656584484483   -3.98537159712   -0.481386652766   
10.0   5.19499786247   -13.537818085   14.5003627986   -1.20438558036   13.5757443956   -0.665656209601   
11.0   9.7231380383   10.6087810101   14.39047073   0.828929886331   1.43481445262   -1.00234439168   
12.0   -4.00525414791   -4.36824578271   5.92651938388   -2.31287156517   -13.5748390671   1.38222498702   
13.0   9.36045758365   -13.3641753034   16.3162295802   -0.959792458539   4.98995091056   -0.919055978037   
14.0   8.4535522017   9.46967872684   12.6939891294   0.842030807965   6.4277492638   -0.0180377490175   
15.0   0.424089917606   7.97727272699   7.98853756448   1.51768405604   11.324231336   1.34538703982   
16.0   -3.82448311225   -12.7278296321   13.2900082099   -1.86269522182   6.88643251649   -0.00152406742237   
17.0   -1.75271153306   -7.40082526614   7.60553826748   -1.80333849064   1.54387118525   1.05412452013   
18.0   -5.05851698717   13.7912576297   14.6897032345   1.92235121397   2.66127518442   1.88126661026   
19.0   -15.6564982261   6.07782926949   16.7948190027   2.77130119104   16.2928821012   0.218474458242   
20.0   -0.711028162066   3.53191571714   3.60277527474   1.76945613889   27.035520418   0.835399412874   
21.0   -17.5307111325   -2.12833574338   17.6594350376   -3.02077779272   3.94594462684   2.88015384518   
22.0   -8.43953785147   -8.00881517628   11.6347290331   -2.38237487812   2.11529568306   -0.67121752326   
23.0   0.682379741882   -12.1274589393   12.1466416115   -1.51458826464   2.62400341761   -1.56374200973   
24.0   9.83574211325   1.83400679455   10.005268804   0.18434645388   9.5009336997   2.21705208709   
25.0   1.45779350933   0.308770756611   1.490134657   0.208722166529   16.6834220768   -0.484822336908   
26.0   4.30219196395   -0.862011400513   4.38770091839   -0.197747101816   -12.0144139161   0.200470156592   
27.0   -22.0940459582   -7.83884442636   23.44342869   -2.80065302916   9.86552742553   0.931992292706   
28.0   -5.60872588399   10.0230614152   11.4856243267   2.08096646845   2.29068834734   -0.830466990547   
29.0   7.57157166985   5.05532005442   9.10411766204   0.588697700974   -6.62453179589   0.457615867155   
30.0   -4.80618794455   -0.446058115618   4.82684269485   -3.04904862767   4.34905273225   -0.513885186434   
31.0   -8.79006983146   -13.9716912776   16.5067708774   -2.13236307982   -14.8307337266   0.00437340184712   
32.0   -4.49471597121   4.87578799738   6.63142369761   2.31554970088   -6.72825469296   1.37172216888   
33.0   7.52767213853   -6.75745484945   10.1157819207   -0.731532893211   5.62422972752   -0.413057795588   
34.0   0.588216094576   1.48215090434   1.5946063706   1.19299412743   12.5534838068   1.44539339621   
35.0   16.5348091023   -5.87554893304   17.5477060413   -0.341427865898   -16.8977665817   -2.80837639145   
36.0   0.670150117267   -12.2159139548   12.234281954   -1.51599248142   5.23390352974   -1.5499839096   
37.0   20.3986630182   2.00989558126   20.4974421131   0.0982137396324   -11.1969141714   0.0866305147678   
38.0   10.7052398662   -2.99994420333   11.1176358016   -0.273223254203   12.1751243934   -1.69464350974   
39.0   -1.22033060503   13.4882712251   13.543362486   1.66102413967   6.60122226674   -1.20370131251   
40.0   -11.3524454696   -1.33699963757   11.4309048711   -3.02436072486   10.8832446915   1.80994884768   
41.0   3.38835139493   -13.755427895   14.1666058655   -1.32927634013   13.4570285436   -0.381163355323   
42.0   0.0418967000544   -1.00722865529   1.00809964662   -1.52922427534   -14.1705550298   -1.16633359846   
43.0   -2.02401668796   5.26939953494   5.64475110275   1.93752778308   6.03573261655   0.924460641913   
44.0   6.08167949118   1.52257935743   6.26937583282   0.245312828428   -4.67051805314   -1.31576152627   
45.0   12.8909758379   -6.71764633872   14.5363004367   -0.480394460839   19.9372736524   -0.312178462524   
46.0   -12.012906203   2.69635533912   12.3117930277   2.92079713127   0.233722085062   -0.167051164341   
47.0   15.9421966706   -2.12205810017   16.0828096198   -0.132331619062   4.54183300797   1.33890905532   
48.0   1.62458056993   3.07581056998   3.4784871267   1.08485996177   12.3916677049   0.897074735812   
49.0   6.20382473685   -3.91760247814   7.33723725542   -0.563246820161   18.8434078087   -1.27068041633   
50.0   1.79995261831   6.53433344186   6.77770927065   1.30200177838   -12.1850730007   -1.33310927055   
51.0   9.51320621461   -9.49728967774   13.4424552707   -0.784560913636   1.90118102668   1.83986615819   
52.0   -16.2113823361   -3.20109528305   16.5244040213   -2.94664084382   3.78979324689   2.04946698138   
53.0   -17.5321047868   11.7444544386   21.1022962806   2.55136683959   -6.46400408997   2.35367955906   
54.0   4.70897618576   10.3967363663   11.4134387364   1.14550988975   0.10675005332   0.209462299658   
55.0   -10.7738637532   6.34367804375   12.5027353525   2.60944728714   -17.0162438901   2.23311663223   
56.0   -0.254875315479   9.86136400361   9.86465718807   1.59663642206   -5.38332398272   -1.09246245549   
57.0   7.39256039438   3.90865572371   8.36226875621   0.486365222017   -11.1289101807   2.805302323   
58.0   9.33004415734   -2.20207970301   9.58639030064   -0.231778631261   13.517720227   1.03382049859   
59.0   -11.8769219151   -18.1133060138   21.6599429576   -2.15116919519   17.4033237621   1.91789930605   
60.0   -9.31231075487   13.9199871216   16.7476915741   2.16040460407   13.8663451372   -0.797412097061   
61.0   11.2120847692   1.96900340953   11.3836645812   0.173841736068   -5.01547541842   0.0052701814229   
62.0   11.6324800105   5.77332312204   12.9863717437   0.460691734646   7.13744883356   -0.230733997879   
63.0   -15.2123370483   -8.2979672234   17.328342636   -2.64222927242   6.6440660665   -0.890304776846   
64.0   -10.4178275925   5.88460760468   11.9649378773   2.62741271382   12.6007969644   -0.595837679529   
65.0   -10.7576962727   -10.2458991069   14.8561932407   -2.38055679094   12.5224028728   0.646680623074   
66.0   7.63120728661   -17.1202666732   18.7440352009   -1.15148970586   15.7050474723   -2.60541121376   
67.0   -3.45487107736   -16.6075522439   16.9631048365   -1.77590109742   -7.1625721865   1.49402816957   
68.0   -3.34883823295   -9.52875848537   10.1000968205   -1.90875821712   -6.8407647739   0.00956587291409   
69.0   10.8557700076   0.0525923925131   10.8558974027   0.00484461084042   1.36715510289   -0.97709143742   
70.0   0.0114680349509   -9.22464229368   9.22464942219   -1.56955313181   19.3459741902   1.50698132042   
71.0   9.09877963349   1.8726055828   9.28948020546   0.202974302595   4.51096125032   -1.76595513778   
72.0   -3.34963117439   11.5831426125   12.0577453027   1.85229862874   9.77704943006   0.186033681048   
73.0   -2.47145966868   -6.68555003446   7.12774102765   -1.92488758186   14.9959701157   -0.615640560281   
74.0   -8.76710342056   -3.27833574256   9.35999933909   -2.78375511559   -14.7972357247   1.70438836756   
75.0   1.27566874726   -0.0424811170792   1.2763758843   -0.033288754874   -0.152563462007   -0.498663601838   
76.0   -4.9322544835   -17.682964414   18.3579509956   -1.84280966949   2.82620738965   -0.340350407278   
77.0   -12.34063974   -24.5667909406   27.4921553595   -2.03630631655   1.64016144954   0.881828682654   
78.0   20.3925921963   -10.9036554885   23.1246085264   -0.491010685474   -7.99621465102   -0.451943853506   
79.0   4.17643075565   -4.68059397315   6.27300038245   -0.842259216148   -0.0778159509774   0.771270899865   
80.0   9.12241240531   15.1519896412   17.6861866489   1.02886322967   -7.25280024228   -0.271173670265   
81.0   2.27033040875   -7.71776642589   8.04476965297   -1.28469729024   -41.9202155437   -1.60272813601   
82.0   -4.68184501644   4.38769795297   6.41650731196   2.3886155279   -4.91225897195   0.0920228249371   
83.0   3.00743813621   -4.91117706263   5.75884921522   -1.02133372064   -22.3753835947   0.0254827164635   
84.0   11.8637686855   8.00280118731   14.3106196325   0.593446019157   0.933265617328   -0.900380959595   
85.0   7.44058982881   5.21946818786   9.08874167114   0.611722456839   -5.04111620075   2.64119863221   
86.0   11.0944074815   -5.58174425652   12.4194100629   -0.466135167445   3.20024565791   2.30492425886   
87.0   1.9155133316   -4.93200189308   5.29091995752   -1.2003431986   -1.61110015091   -2.80875214559   
88.0   -8.6598725498   -10.1513953455   13.3433211772   -2.27707122487   4.62090305476   0.87042047013   
89.0   15.7501399147   -6.61874902048   17.0843421274   -0.397827141732   -1.99574785369   1.11766556405   
90.0   5.23536190274   6.69487806416   8.49884736577   0.907130801622   -0.443899241367   -1.7930047313   
91.0   -9.77472026136   17.7851092201   20.2942175548   2.07333343062   15.7153091497   -0.238684461467   
92.0   2.25944046909   -2.1763479357   3.13712632366   -0.766668050773   16.7042579294   -0.138226389841   
93.0   -18.3164908352   -3.36362921492   18.6227773979   -2.95997679042   5.2093418494   0.736211187827   
94.0   14.7563796556   -11.9828050728   19.0089020712   -0.682040820577   -0.146880719775   0.388389036273   
95.0   -2.69722041133   10.9400542253   11.2676432496   1.81252099971   -3.37977624238   1.7687770914   
96.0   -9.1704460279   13.5542018812   16.3650074545   2.16562781462   7.0930874292   -0.276543224733   
97.0   3.19423381166   -6.49377324884   7.23686538847   -1.11365629218   -10.9910456687   -0.915354157419   
98.0   -8.75028502402   -2.51284105122   9.10394739386   -2.86194537258   -7.88377666645   -0.200269832796   
99.0   -14.1532423322   1.25763224896   14.2090079663   3.05296717727   -3.30787792362   0.0603652199285   
