0.0   10.0759071895   -17.1533527578   19.8937532036   -1.03969184758   -15.2129864577   -2.54723168444   
1.0   0.0846286677077   1.59668942594   1.59893062211   1.5178432908   -12.5484151129   -0.534392249688   
2.0   -6.2854087281   -3.97748125089   7.43819332772   -2.57739552609   4.35740813733   0.168402234529   
3.0   -3.70686661172   2.57274407874   4.51219150433   2.53487236872   -3.63354155107   0.655864691931   
4.0   9.03909266145   7.97457864314   12.0540076604   0.722911464177   20.4098126935   0.609030592583   
5.0   -16.6262330525   8.73464067529   18.7809896768   2.6578689999   -0.207802224982   -0.290084831691   
6.0   2.66938452651   -4.06420185573   4.86244285051   -0.989652754485   -0.756702788557   -1.15410515193   
7.0   12.5566977487   6.4161306511   14.1009712745   0.472387243595   -5.34381577876   -2.10182488462   
8.0   -4.46851438101   1.56944980499   4.73611586256   2.80382776571   -7.10927587135   -1.10711985743   
9.0   11.7240627643   6.41068218945   13.3622787666   0.500380757959   -2.13241900327   -1.51517894136   
10.0   6.75012857316   -11.9781237666   13.7491703285   -1.0576186639   13.4878760132   0.708094475112   
11.0   8.30618265446   6.53413487355   10.5682348968   0.666553196916   0.780078983102   -2.0426079415   
12.0   -4.78250985074   -5.03225224398   6.9423312453   -2.33075439181   -9.92785908363   0.225597092337   
13.0   5.52431855135   -8.5573688482   10.185610294   -0.99754676693   7.87922138536   1.77881859404   
14.0   4.63521005243   11.4882120678   12.3880663844   1.18729757821   -0.320199282265   0.0219693751427   
15.0   2.11753428575   3.9598623512   4.49048564097   1.0797371219   5.93036302039   2.67389755454   
16.0   -1.5056792143   -10.5288021054   10.6359176224   -1.71283901082   1.16261436605   0.197663889521   
17.0   -1.36553652718   -9.62198740954   9.71840170586   -1.71177323866   3.42147977475   -1.57124001956   
18.0   -5.15015843555   11.159217093   12.290331893   2.00318567376   9.81530554564   0.596535309845   
19.0   -10.7162921388   9.52531992287   14.3377347178   2.41496454874   15.983244083   1.38305496651   
20.0   -1.21034981819   -0.616512661069   1.35832048636   -2.67047928967   27.175384589   -0.41394800223   
21.0   -12.9697971148   -5.69830501017   14.1663798194   -2.7276288876   3.12447638918   -0.715254950147   
22.0   -9.22464876809   -7.39829122925   11.8249252855   -2.46562527936   4.20130593577   0.467544099525   
23.0   -0.731636035114   -8.94142166377   8.97130495844   -1.65243990919   5.67261151152   -1.49208243677   
24.0   12.6384549702   -1.31303283699   12.7064786335   -0.103520494925   9.30817730637   -2.44860738256   
25.0   1.46129285947   6.95101043691   7.10295170441   1.36358634621   15.9301925798   1.47602246855   
26.0   3.49442948996   -2.45740572912   4.27198787192   -0.61289392342   -16.2161668335   -0.395069034396   
27.0   -17.853730127   -8.38074261911   19.7228934565   -2.70271406312   1.47128309128   -0.225074458147   
28.0   -2.36766853726   9.13487304218   9.43672399718   1.82440560606   1.97652363628   -1.66694656985   
29.0   5.51509128035   8.86486680397   10.4404068543   1.01426416964   -4.99855101406   0.920638001379   
30.0   -3.06773882561   1.6922775622   3.5035446122   2.63749366771   12.7966544048   0.301130932305   
31.0   -6.32172347597   -10.0783734443   11.8969659573   -2.13101652196   -13.5946738509   1.41339578054   
32.0   -2.61920944065   4.32538212639   5.05659852403   2.11528237066   -8.62616011647   0.66882261131   
33.0   7.51615836843   -10.7038185917   13.0791578117   -0.958599322825   9.05814563105   -2.34718636665   
34.0   -3.43392436119   1.73554480998   3.84759045454   2.67362523434   3.93104537601   -0.638203358287   
35.0   16.5476853233   -5.44762747754   17.4213241372   -0.318033012076   -5.76804244339   1.48275370793   
36.0   1.02926684646   -10.9917205434   11.0398057385   -1.47742839585   0.944729582865   0.56356322915   
37.0   17.3055243053   2.03196997426   17.4244102757   0.116882232352   -5.84011371038   -1.8250613497   
38.0   9.02346047999   -6.1027048615   10.8933854086   -0.594652750277   13.9052261952   -2.43907910727   
39.0   -2.63394831954   11.2431476991   11.5475561888   1.8009177374   8.30280350913   0.914456648447   
40.0   -5.99284781896   -1.49302472335   6.17603010078   -2.89742881068   6.00587145798   -0.376604393717   
41.0   -0.364675943602   -16.1693770734   16.1734889089   -1.59334599762   12.2754294318   2.88873361342   
42.0   -0.699545155183   0.108607906104   0.707925915197   2.98756731357   -1.16311473313   1.86007412289   
43.0   -3.14721946798   4.19666394277   5.24566283974   2.21425496407   3.29610495834   0.586021990381   
44.0   3.06862715242   2.04996137795   3.69036776645   0.58895180023   -7.20073092813   -0.820123380074   
45.0   13.0210146831   -8.38826228426   15.4890208705   -0.572293844039   19.2705448985   -1.20412337286   
46.0   -15.5803467822   5.59568194189   16.554723261   2.79678973306   0.127221514305   -1.12168495122   
47.0   15.8370452638   3.40662657354   16.1992934198   0.211876455431   6.2481930768   -0.289567529269   
48.0   0.689117192996   6.25223010468   6.29009251026   1.46102000572   7.75895928342   -1.62913818824   
49.0   6.83594910682   -6.09757630876   9.16027494305   -0.728370233334   16.5004836252   -1.02091052958   
50.0   0.174611392293   2.61164375137   2.61747439766   1.50403687273   -11.3965501019   0.447976075417   
51.0   6.90087961622   -7.20329270491   9.97544812378   -0.806836270608   -4.26003163075   -0.328164588241   
52.0   -16.6326695518   -2.66914317796   16.8454748144   -2.98247337187   -2.05938900612   0.279179150058   
53.0   -20.1387739174   10.2237404701   22.5852846804   2.67183226632   -8.73052060842   -2.29674074082   
54.0   0.563041894517   7.46644562   7.48764491488   1.49552915378   2.62015719158   -0.331464942517   
55.0   -10.2118789193   7.85413501537   12.882930874   2.48596817876   -20.5527370659   -2.67655454905   
56.0   -3.37912978506   8.32899981099   8.98836781378   1.95621244347   -9.10057362263   0.0575962703053   
57.0   4.10337224134   2.59364416465   4.85434380775   0.563671683728   -12.1853520059   0.347610694602   
58.0   8.92080976847   0.746579027843   8.95199570878   0.0834950340633   8.94874217738   -0.0232732187341   
59.0   -8.02323214466   -14.6047613059   16.6634722327   -2.07314596319   14.5957869638   -1.47338146171   
60.0   -8.51763751737   13.250670303   15.7521558003   2.14209906753   8.40281139952   -0.102583324136   
61.0   13.1068508731   -2.25415784276   13.2992769499   -0.170316995618   -6.87900534919   0.212432761913   
62.0   5.90312180261   3.11607919629   6.67508775778   0.485693994404   6.06623360713   1.2557075218   
63.0   -11.6012640134   -7.87708878082   14.0227620093   -2.54511012013   7.4606707658   0.428904074535   
64.0   -13.2218363425   8.3694328131   15.6481424419   2.57726064018   10.3489390204   1.02297263325   
65.0   -8.62598649025   -8.53989478848   12.1382637114   -2.36120972818   9.97816762201   0.596400622546   
66.0   6.75904916705   -18.5782273755   19.7695543211   -1.22186701786   19.3547621652   1.66804857563   
67.0   -1.20440797048   -11.5382330617   11.6009232713   -1.67480375293   -8.31848810625   -1.3210161036   
68.0   -3.62139475402   -6.6315148436   7.55589101862   -2.07063159575   -2.06877837625   0.681637828053   
69.0   7.98640587752   -2.62143880345   8.40563027029   -0.317157416944   2.70803352541   0.318108160069   
70.0   -3.13148701512   -8.26943355285   8.8424963789   -1.93279128357   23.5964294547   0.356781217932   
71.0   11.3795536044   4.6040653299   12.2756530498   0.384457886527   0.478150336576   1.61665696665   
72.0   0.871761983929   13.2233484669   13.2520531856   1.50496562519   12.0473754877   1.56561895094   
73.0   1.43872523064   -8.40031018832   8.52262527331   -1.40117162659   11.6885595731   0.861932158945   
74.0   -2.27049294327   -1.79712998557   2.89565439762   -2.47204674175   -14.341446366   -8.0529186944e-05   
75.0   -4.72234642688   1.14549915709   4.85929255081   2.9036191469   1.51624124   0.0653537677689   
76.0   -1.64807394402   -19.6455191583   19.7145268958   -1.65449093404   0.673661071375   2.23683976555   
77.0   -9.75368199511   -23.8969523182   25.8108241356   -1.95831381599   4.67414006558   -1.87713048761   
78.0   18.0534763906   -8.77626145911   20.0736338261   -0.452486806895   -11.9096473549   1.15091777964   
79.0   -0.0900902086511   -8.30877644853   8.30926484819   -1.58163867873   0.366836573739   0.0619324150247   
80.0   6.1202810902   16.2844838043   17.3966161478   1.21129368872   1.61796608789   -0.00714332923542   
81.0   1.80769618621   -6.80486366088   7.04087600691   -1.31114552023   -35.9839835339   -2.07115472769   
82.0   -2.53511364178   3.69026665741   4.47714967134   2.17272574383   -8.35637396887   0.540219183391   
83.0   5.47611030594   -2.94192488872   6.21632577442   -0.492985324235   -20.5563339719   0.617618520654   
84.0   6.74182279228   4.033240011   7.85615679253   0.539125682384   3.47388891896   0.478619286628   
85.0   10.3021711318   8.31397389651   13.2384625988   0.67900184363   -10.8615470119   0.28941774423   
86.0   12.9154712405   -1.10281400491   12.9624687499   -0.0851804368307   -0.747433259776   1.40176914789   
87.0   0.111831005756   -3.35728965443   3.35915167826   -1.53749873139   0.517425578625   -1.09176531124   
88.0   -3.3930435419   -6.27700218308   7.13536970896   -2.06635655511   1.30343313398   -1.98089172268   
89.0   16.1490624428   -3.7599190346   16.5809893833   -0.228750589841   1.77233245769   0.339565903863   
90.0   4.21374526987   6.99541783433   8.16648760951   1.0286448722   5.34586417834   -0.0128471885126   
91.0   -7.53304353163   21.5430476526   22.8221306413   1.90718068882   18.3629532088   -0.536479434833   
92.0   7.34579445637   2.17353589664   7.66061058201   0.287680494976   14.9643805726   -0.22751615639   
93.0   -23.4533133554   -1.51380317475   23.5021170834   -3.07713667805   9.44421429819   0.151969934597   
94.0   8.78093800138   -13.1523044866   15.8141704017   -0.98212368052   -0.132813965562   1.10155682534   
95.0   -1.43945609904   6.85718213709   7.00663833248   1.7777113994   -2.90994907122   0.88864540711   
96.0   -10.3793750597   9.27679490961   13.9208602617   2.41222910533   9.14326206369   -0.00740313668896   
97.0   5.21682922619   -7.94759401   9.5068163821   -0.989932626266   -0.209531170676   0.646068726929   
98.0   -5.05873153213   -3.56803936253   6.19044987111   -2.52730317723   -9.62283004422   -0.763747125389   
99.0   -10.5030966338   0.789144694566   10.5327009   3.06659908033   -6.92580572066   0.932843841524   
