0.0   3.48351894662   -7.49302091081   8.26318743714   -1.13561939447   -7.84884121089   1.31957471543   
1.0   -9.67258570007   -4.325934674   10.5958777328   -2.72103911943   -11.7731561581   -2.08668201471   
2.0   -1.49186573244   3.18262067293   3.51493068372   2.00913605312   -0.785063918758   -1.12068660754   
3.0   -1.05201671762   4.1326775911   4.26447690182   1.82006265344   0.149632348541   -0.96236341093   
4.0   0.333875895354   7.35123596335   7.35881398748   1.5254098623   2.07424036314   -1.41676515485   
5.0   -5.18472666248   7.01124729522   8.72003321091   2.20753513375   -5.74483433498   -1.4894454568   
6.0   1.1391586495   4.01499882763   4.1734755318   1.29433606736   -12.2319285243   -0.370394120742   
7.0   -0.0498904225439   13.1349120666   13.1350068158   1.57459461508   -5.11204010735   -0.0317126385399   
8.0   -2.22073308495   4.75667730505   5.24953659088   2.00758753622   -9.40408966436   -1.98359886846   
9.0   11.6506432975   4.91764036069   12.645974694   0.39940475277   0.788487894607   1.26563281131   
10.0   2.0178031966   -3.87614404096   4.36989958311   -1.09082868657   3.16713232555   -1.27280361628   
11.0   8.86076501413   4.46914086812   9.92403026672   0.467140806983   6.09269956636   -2.09037836386   
12.0   8.79782045681   6.46118634817   10.9155198601   0.633447071436   -0.557874733801   -1.14693613794   
13.0   1.20280297971   -1.82525521685   2.18593037735   -0.988135571874   1.62601452251   -0.729937740609   
14.0   0.195468862768   6.1593861328   6.16248696625   1.53907185327   1.01655687878   0.0265956930737   
15.0   -0.462399304795   -3.21150337458   3.24462124785   -1.71379575832   5.61097611657   0.565262801629   
16.0   -0.380587534294   -8.19986545383   8.20869297344   -1.61717691631   -1.2790893299   -0.444129683345   
17.0   -5.71308810723   -7.01497353331   9.04705639388   -2.25426431595   4.29807061597   1.27644904427   
18.0   -3.79459494606   7.56997123003   8.46778691443   2.03545894108   2.41496234834   1.70946038435   
19.0   -7.37551197942   -2.76049540039   7.87518328765   -2.78345470029   7.62780472922   -1.54098996274   
20.0   2.8744220241   -2.98232136997   4.14204571756   -0.803819175504   9.93546428557   -1.10087625141   
21.0   -0.449119859209   0.721766225097   0.850091249   2.1274164941   2.959352114   1.11270227843   
22.0   -4.31647124239   6.01762314667   7.40565407792   2.19304222374   9.08804270884   0.729960297424   
23.0   -2.51725969729   0.437833016002   2.55505266746   2.96938305263   14.5198564863   1.47193039692   
24.0   11.4352575547   -2.6244283279   11.7325504214   -0.225596507628   -0.215062898971   0.660430242889   
25.0   4.73199259959   3.96633452401   6.17442819368   0.69760085154   2.26219320651   0.508580757154   
26.0   -4.44688549952   -7.6528286454   8.85102123609   -2.09718591252   -8.06003544039   0.797753217944   
27.0   -6.10802859537   -5.96111440364   8.53480510938   -2.36836660018   -2.50884199233   0.308537763073   
28.0   -3.97205745827   4.30411866539   5.8568488061   2.31609345947   -9.62731745556   -2.8712911425   
29.0   2.97605259443   4.56518998568   5.44957325395   0.993085783061   0.0243305374899   -0.928916179008   
30.0   -6.65006116158   0.2443598818   6.65454921123   3.1048636696   6.97800051275   2.48054295245   
31.0   0.961551989121   -1.20290414451   1.53998721055   -0.896446494839   -3.84534488941   -1.33214772129   
32.0   -1.22135295704   4.72126553919   4.87668446151   1.82393868501   -7.48086706677   1.33545971012   
33.0   1.37871840916   -10.6239708611   10.7130584479   -1.44174327567   -0.0803484610106   0.488264739555   
34.0   -7.43810894937   1.45479176046   7.57904240712   2.94844467378   5.01604584626   1.21378065455   
35.0   4.41480071135   -4.58315918542   6.36363209495   -0.804106718798   -0.851609971438   -0.643409038378   
36.0   3.40528110345   -0.713307556605   3.47918770172   -0.206485460996   -2.44805705406   -0.359384310674   
37.0   9.0306710875   0.75793928023   9.06242198549   0.0837332106309   -0.425137202432   -0.252115910066   
38.0   6.58235215657   -5.14685951417   8.35568804897   -0.66361766329   6.39020070188   1.36291143856   
39.0   10.5059039448   5.22426273103   11.7331555338   0.461460605006   1.80502836506   0.861022677626   
40.0   -4.45762925152   -1.32842895631   4.65136345989   -2.85196030746   5.0239360907   0.885209531832   
41.0   -2.39401810184   -9.91891595777   10.2037354165   -1.8076257493   4.03769387039   -0.62194730247   
42.0   -1.33285431626   1.1357553466   1.75112559107   2.43586757408   -6.05404738786   -2.26416596427   
43.0   -0.139029180387   1.78714774578   1.79254739917   1.64843385376   -2.86501397316   -2.258416013   
44.0   5.08623634046   3.56348748272   6.21033357804   0.611137806758   0.37438178435   -0.694058828474   
45.0   9.95739387921   -4.17061295519   10.795540991   -0.396646488403   -5.70886812856   -2.47199028812   
46.0   -2.36015414789   2.3827167419   3.3537541165   2.35143736643   8.12237961709   2.34702832799   
47.0   3.87144820514   6.04015028489   7.17436594196   1.00080784749   3.77374126374   -2.00441789408   
48.0   3.83337386173   0.0804935199775   3.83421887359   0.0209950022139   3.13047348738   -0.296506846642   
49.0   3.60067769803   1.07973761279   3.75908409025   0.291338133534   11.5726140211   -1.81543191463   
50.0   -4.2893807956   -4.05868070332   5.9052245225   -2.38382262763   -10.2847588145   -2.04635539565   
51.0   3.22563301377   -2.73097822779   4.2264583779   -0.702545283027   6.01489279303   -0.12943840227   
52.0   -11.7584264453   -2.27522226688   11.9765282462   -2.95045756006   6.22127593383   2.576639955   
53.0   -14.1563448572   6.27369161564   15.4842276593   2.72443162131   0.863899474062   0.193448081886   
54.0   5.58841478504   0.323124949858   5.59774861376   0.0577561958617   8.25609663958   0.439740466639   
55.0   -1.70552746862   5.54501787202   5.80138320982   1.86919115659   -1.29494548806   0.00493541995277   
56.0   1.85899447773   -2.72579145669   3.29936350431   -0.972252147399   -5.47284607715   0.142914768225   
57.0   -3.46161429706   -1.25233907747   3.68118550288   -2.7944631448   -16.003715342   0.505209962199   
58.0   8.0210907179   4.49170279558   9.19311102449   0.510478071168   6.15936640303   -0.921231918345   
59.0   -10.059483832   -9.29383462566   13.6955677873   -2.39573551967   16.5982283173   1.65709924625   
60.0   -0.35280782231   7.27082763209   7.27938237868   1.61928204657   15.5532943394   1.00838045973   
61.0   2.08158412365   0.475234994261   2.13514420207   0.22445746546   -1.44899863812   0.152341116294   
62.0   4.6231067159   2.88680013412   5.45038812572   0.558188327863   2.44157397547   1.17028357232   
63.0   -6.34215691425   -0.609311545241   6.37135895113   -3.04581337765   6.02782751248   2.01883525489   
64.0   -1.08433647992   0.757825597727   1.32290787218   2.53161596292   0.444749721753   1.48254012248   
65.0   -0.490336627535   -3.64941445562   3.68220801656   -1.70435680697   4.74256157401   0.083047402079   
66.0   0.665084662229   -12.0555870872   12.0739189008   -1.51568402471   9.39281188788   -1.16951861965   
67.0   2.8835198103   -8.48774406842   8.96417792479   -1.24330213122   -7.68907261612   -1.51024451982   
68.0   3.37080238802   0.936181425783   3.49839168777   0.270904829662   6.18345365995   -0.42561112169   
69.0   -4.4449834083   0.222002905746   4.45052387818   3.09168952269   0.641078073638   1.48236987066   
70.0   -2.16231002338   -4.70537189641   5.17842730187   -2.00155593843   16.1887044985   0.956847974277   
71.0   4.50728580773   5.4231393575   7.05167113835   0.877365023881   -6.60658188529   -1.90818076936   
72.0   1.07741620748   9.76520030352   9.82445737189   1.46090856579   7.66733972319   0.314922303634   
73.0   1.40110668071   1.47320202298   2.03308242116   0.81047557715   10.0947932876   -1.54579338841   
74.0   -6.74519295764   1.10339255163   6.83484477942   2.97944670914   -8.91630225382   -0.434557375697   
75.0   1.2934152983   3.74942695557   3.96624830653   1.2386154292   -2.88076874329   -0.639426968356   
76.0   7.58609933802   -2.14444009342   7.88337024886   -0.275492320171   -3.42512969111   1.90551901844   
77.0   -10.745744571   -8.49909300384   13.7005696332   -2.47240893814   3.92168961084   -1.43144375656   
78.0   8.90926009509   0.193808778486   8.91136786832   0.0217502030092   -6.16604447632   -1.54770898376   
79.0   -3.65905217073   -7.99521047502   8.79272729749   -1.99999831415   0.163857722864   0.991740509244   
80.0   12.0569756404   0.357866499346   12.0622854395   0.0296725708529   0.353507037055   -1.32992741675   
81.0   3.2539391128   -7.97528258334   8.61355048943   -1.18340991866   -9.36878239552   1.19914891284   
82.0   1.1097096175   0.414727591726   1.18467481214   0.357653473006   -11.671193366   0.429728438735   
83.0   -7.04801749038   -0.0795572784964   7.04846649317   -3.13030523839   -11.8059243492   0.257478634978   
84.0   7.63737614412   -1.86362137117   7.86146290342   -0.239336235462   1.87852807676   -0.401810802012   
85.0   5.27925030386   -7.82743084111   9.4413535758   -0.977421126053   -6.29668673855   0.297452863165   
86.0   3.40026624373   -0.970705671779   3.53611086216   -0.278082406736   -5.66877262656   -0.325894113418   
87.0   -5.71211327991   -10.106892647   11.6093719511   -2.08521177941   -1.72541107909   0.836953703649   
88.0   3.46784605123   -3.76273921966   5.11704628376   -0.826159708595   -1.9240213267   -0.78918593755   
89.0   4.32925971723   -1.22514862037   4.49927536846   -0.275781612072   -1.39940698621   -0.863132342491   
90.0   3.09709424275   2.80816995186   4.18064722585   0.736510582965   -4.72775934199   -0.292857106503   
91.0   1.92474763868   5.82121947871   6.13117033623   1.25146868796   6.35559040139   -1.16786532055   
92.0   7.62358857629   -2.6145211434   8.05945553929   -0.33038178513   5.27376989614   0.690961339921   
93.0   -13.429396996   -1.77682864071   13.5464321389   -3.01004780293   -4.16485450335   -0.443785137165   
94.0   6.74768756686   -6.32915893027   9.25146152046   -0.75340376634   0.0743944578757   2.48794828646   
95.0   -6.18207727386   1.13957565826   6.28623194775   2.95930357497   -3.04330260093   -0.953601370829   
96.0   -7.24808790233   9.2759736648   11.7719355108   2.23408188959   0.100232509415   -1.19279582035   
97.0   -0.776403258479   -1.81224444219   1.97155571517   -1.97556087184   3.72245397355   0.293824234647   
98.0   -0.879704754419   -7.14940833976   7.20332701351   -1.69322673725   -6.92332792847   -0.267029440004   
99.0   -4.80475685905   5.24424100956   7.11250674804   2.31248821413   -0.635965480418   1.06844328018   
