0.0   6.57057393482   -14.6924842829   16.0947673557   -1.15026793494   -21.2487339727   -1.22727121282   
1.0   -6.05976223062   -1.93134725135   6.3600959503   -2.83305426424   -10.9046800196   1.55592623021   
2.0   -13.0756333617   -3.42294119033   13.5162389074   -2.88555789272   -3.17758286659   0.631299912299   
3.0   4.43431200808   -3.23678454699   5.48998152899   -0.630539032406   -7.39962677308   0.496010132062   
4.0   7.41315258684   15.8515239996   17.4993041114   1.13335228951   20.7629409703   -1.26629441145   
5.0   -24.6539472067   9.08397801414   26.2742415577   2.78856852255   -2.66014889437   0.466275670165   
6.0   2.24377188321   -11.2394673628   11.4612450835   -1.37375339451   -13.2130312375   2.05305405341   
7.0   14.1619604625   8.42581401919   16.478940076   0.536706107781   2.46770255689   2.00758721225   
8.0   -5.83282921749   -3.57829269635   6.84295808121   -2.59132421263   -1.98650671479   1.51698953435   
9.0   9.80937142588   4.00953109471   10.5971744994   0.388022326221   -5.43307149285   1.52267750064   
10.0   16.9659237317   -4.62146098504   17.5840970682   -0.265944300645   13.1311290642   0.434264087478   
11.0   11.7311758286   1.4552162477   11.8210888098   0.123416469027   5.18114110482   -0.834321117207   
12.0   -3.92478290198   -7.80223790661   8.73377565426   -2.03686736647   -18.4710834683   1.99586314635   
13.0   6.32995138544   -18.7836717412   19.8215692775   -1.24575638995   -3.42127131883   -1.32516459777   
14.0   7.32947255406   21.1204529398   22.3560886629   1.23676806831   8.20315898046   0.357825351193   
15.0   1.63351232535   11.3182881136   11.435558943   1.42746103469   20.9392850787   1.86839265174   
16.0   1.52006952374   -11.0525780139   11.1566165172   -1.43412296902   5.00447258537   -0.789995104934   
17.0   2.0125808779   -2.25695924671   3.02396210813   -0.842573412236   9.02924577324   0.841182824112   
18.0   -5.21028995156   25.8736038773   26.3930009468   1.76951339067   2.25605262352   1.00793109907   
19.0   -11.575508018   11.8887399831   16.5932071722   2.34284595413   19.664819808   -0.981918949368   
20.0   6.45291321749   11.0513675847   12.7973752967   1.04229785639   32.3937110885   0.360310775545   
21.0   -18.1512547111   3.37088664809   18.461606766   2.95797355768   6.49889526889   0.519231164523   
22.0   -0.628339810844   -1.58059890218   1.70091263957   -1.94917394688   0.370048678314   -0.356351871652   
23.0   3.81031429296   -9.06681596068   9.83491975951   -1.17295725829   -1.92749186369   -0.318289118741   
24.0   10.8352053745   -4.3524667189   11.6767136664   -0.381968231058   5.57893741904   -1.78792678892   
25.0   3.18291940408   -1.94274135456   3.72897035434   -0.54800570059   18.3773799664   -1.84164708416   
26.0   4.06870854326   -2.36441643993   4.70583194679   -0.526423026081   -5.56067948169   1.68299401629   
27.0   -22.9195098356   -3.61257290608   23.2024700001   -2.98525885197   3.08702957622   -1.19044676619   
28.0   -12.9378611736   13.6982010063   18.8422122521   2.3276567353   2.90157436289   0.58626558519   
29.0   3.68979790878   -2.14606567558   4.26851338191   -0.526796249962   -9.48313530527   -1.47228207167   
30.0   -4.2129950077   -3.31145739924   5.35864507519   -2.47544042829   6.42650200522   1.23097132387   
31.0   -4.15828533421   -13.882769976   14.4921578492   -1.86182050081   -12.9686758184   1.56673549559   
32.0   -9.68458538861   13.6986047918   16.7762620208   2.18618887025   -4.53525091252   0.417422594974   
33.0   -0.902829537535   -8.07586917248   8.12617770326   -1.68212754699   8.74058999407   -1.15970900776   
34.0   6.03030662414   1.5725535355   6.23197581856   0.255093899307   17.7697545527   2.00184898442   
35.0   13.8307460412   -1.32852982212   13.8944063401   -0.095762460077   -8.27577825197   0.546025735293   
36.0   -4.56495615009   -12.9567118786   13.7373653717   -1.90953972018   -2.46678115093   1.48048847394   
37.0   15.6854852082   -2.9132212622   15.9537238392   -0.183634810718   -8.00193381264   -0.897754773905   
38.0   9.14215451541   -10.0166672651   13.5614384298   -0.83101193689   8.92136633436   -0.466149363107   
39.0   -8.61250010465   3.02159361559   9.12716747027   2.80417134667   10.4849410142   0.985736171492   
40.0   -23.48597579   -6.43533289164   24.3516851211   -2.87414942051   10.2474750441   1.10688031931   
41.0   8.53121862234   -8.03843906694   11.7216975654   -0.755667051241   20.3138333038   0.622450265741   
42.0   1.42177295958   5.80092441578   5.97261771974   1.33044018514   -5.26034109842   0.441210675956   
43.0   1.43444125278   0.11835669477   1.43931581485   0.0823241769064   7.41181492743   -0.210893114576   
44.0   1.11073008158   -4.93625166994   5.05967408665   -1.34946772064   -0.984226184949   0.386820749957   
45.0   8.02350660703   -6.80782928327   10.522509103   -0.703614181007   21.2499445444   0.172416113907   
46.0   -6.43733506368   0.853902529607   6.49372252658   3.00971410016   1.02781898221   1.6798155857   
47.0   18.9337257898   -7.22969611615   20.2670786798   -0.364755804252   9.3301997405   0.116959236996   
48.0   4.9150077112   -0.33598125616   4.9264778702   -0.0682520574597   14.0583647992   -0.94982336992   
49.0   8.45007748031   1.70710859563   8.62079051947   0.199339833249   22.8978756543   2.06952193415   
50.0   1.13882850956   1.50337256154   1.88601681673   0.922502415916   -11.2327049755   -0.940121500883   
51.0   8.68418424861   -6.21751905878   10.6804774851   -0.621356534038   14.1840840473   1.70687496783   
52.0   -14.5522192845   -4.18518639663   15.1420893961   -2.86155249081   0.79318788786   0.719647611815   
53.0   -24.0499683015   8.89696028621   25.642871868   2.78726861897   -9.74281848328   0.0769934596878   
54.0   6.03585608272   9.16786881475   10.9764009245   0.988559105846   -2.29220418834   0.613758832862   
55.0   -15.6107393598   4.86347852824   16.3507983522   2.83957626259   -23.0036515262   -1.10446502773   
56.0   3.86196785832   14.4759020252   14.9822072867   1.31008253656   -16.1965205938   -0.228760094971   
57.0   3.08551503341   -1.02153629155   3.25022144113   -0.319716504546   -15.0378832233   -1.07067594107   
58.0   4.71967821099   0.829520223772   4.79202109938   0.173980846454   17.5834498975   -1.5373396347   
59.0   -12.5667564198   -29.2010712944   31.7903433712   -1.97719190944   16.6445557444   -2.08997867737   
60.0   -7.26479982786   15.319144899   16.9544541928   2.01361631772   19.8136884159   -1.71960451588   
61.0   16.5638874435   11.88556009   20.386978832   0.622413322294   -6.25712397235   -0.0631509141565   
62.0   9.1819306723   3.81479990021   9.94286423269   0.393769477995   8.61382286512   -1.38954276014   
63.0   -13.4691798812   -7.66828401663   15.4990769541   -2.62403693133   10.4411095432   0.898525356255   
64.0   -3.06930583472   12.0864227916   12.4700542983   1.81948596303   16.1608468323   1.73289586502   
65.0   -5.98061975341   -3.15112067621   6.75998329516   -2.65666623363   18.0544222101   -1.81220759208   
66.0   6.92236349783   -5.81511902972   9.04072595126   -0.698688086748   14.7766194431   0.238391406129   
67.0   -0.694977535993   -19.988307606   20.0003858645   -1.60555152971   -7.10173721357   2.76528797656   
68.0   -2.20697333576   -11.7268578071   11.9327249752   -1.75681866287   -2.43328538989   0.41149821756   
69.0   11.7247360596   -0.785553027514   11.7510224758   -0.0668996507002   -1.22501401958   -1.67860525757   
70.0   0.978904539529   -7.70000039791   7.76197527858   -1.4443442083   20.3067673439   -0.294838644095   
71.0   11.2065821066   6.52778415119   12.9691730051   0.527449134861   10.4857201313   0.376435736883   
72.0   -7.18879800052   11.6953232651   13.7280516814   2.12193490599   15.6713685687   1.0546192764   
73.0   -12.5499512716   -9.0375902292   15.4654231779   -2.51748431372   10.6442627692   -1.16226443743   
74.0   -8.9380156936   -3.78565390653   9.70666266227   -2.74095485502   -22.7816197334   0.200749277448   
75.0   5.97556052379   6.20619144197   8.61534304528   0.80432839355   6.14609032919   1.07314024041   
76.0   -3.54139978572   -23.6055146915   23.8696844615   -1.71970999684   2.74276698353   -2.28364809663   
77.0   -10.5183108045   -22.1862079922   24.5532622528   -2.01350381679   5.49484930235   -0.675955931094   
78.0   25.5398245754   -11.2339455256   27.9013292051   -0.414389520138   -7.16863032133   -2.34202727592   
79.0   0.689447574746   -8.23675460433   8.26555892667   -1.48728720476   2.89926027413   0.471602550605   
80.0   5.69983970224   14.8179590504   15.8764001919   1.20358576897   -15.6654538124   -0.804296403895   
81.0   0.445814615476   -3.97307530479   3.99800926074   -1.45905478429   -46.1660505453   -1.34488105724   
82.0   -8.84560372423   6.9004731301   11.2187893583   2.47910294769   -9.39558354767   -1.76693317154   
83.0   -2.98895154943   -1.09465835621   3.18309727807   -2.79052851475   -16.2867397984   0.392467490902   
84.0   7.34580249162   8.33437438303   11.1095729262   0.848360796048   -2.45355143231   1.01826633008   
85.0   -0.82541761002   10.5517161072   10.5839513906   1.64886325913   -2.97359939324   0.313650047908   
86.0   13.6115769278   -4.01196915343   14.190522293   -0.286630431977   1.74479600095   -1.63642718658   
87.0   -8.60389327307   -7.64874642615   11.5121805643   -2.41489569325   0.00761056642951   1.81969249532   
88.0   -7.57258779675   -13.0443364345   15.0830633147   -2.09677427566   -0.0185069342191   -0.205961204177   
89.0   15.1143499818   -11.11658445   18.7622500038   -0.634155482259   5.24013361998   1.00227702252   
90.0   3.69449897644   2.58641255454   4.509861704   0.61077378848   -1.82962132128   -0.933769810456   
91.0   -9.85083364209   25.1746354063   27.0333348161   1.94378023702   7.77586077397   0.538821073192   
92.0   -7.95762860039   -3.45996712873   8.67728214787   -2.73145172107   17.8319894372   0.903538878588   
93.0   -22.300247668   -5.66396117872   23.0082920333   -2.89286555256   4.09704409106   -0.171177316434   
94.0   7.83398959612   -7.99027559465   11.1899909326   -0.795274193371   -4.78366908655   -0.61744083687   
95.0   -2.64139807825   17.9212234336   18.114834616   1.71713213187   -3.46252996016   -0.905067974743   
96.0   -7.50270124623   16.7490480374   18.3526874367   1.99194243246   -2.93423932686   -0.861178445444   
97.0   5.0293873597   -10.0274807004   11.2180705298   -1.10590116686   -15.0242767087   -0.949688855037   
98.0   -9.87979174348   -2.66423430672   10.2327136838   -2.87819305818   3.96695048117   0.938396945914   
99.0   -14.7433687597   0.264425961002   14.7457398415   3.12365932927   0.830121501363   0.507339152235   
