0.0   1.8501354162   -3.70585014283   4.14201959669   -1.10775111563   -6.02578609174   0.335771481587   
1.0   7.7359650913   5.51307186086   9.49942720572   0.619168654921   2.7254561926   1.18101549582   
2.0   2.85834493696   3.48372686962   4.50627214899   0.883688864317   -0.786802750999   0.410842651014   
3.0   8.19874921881   -9.35992686776   12.4429787319   -0.851433286288   10.4018343721   -0.382933177687   
4.0   3.78751375331   -3.82262282691   5.38123644791   -0.79001159236   -11.37480228   2.03702741713   
5.0   2.10713954939   7.09538604763   7.40165793897   1.28211871472   -2.51922929384   -1.41680287146   
6.0   -2.06842874195   7.85852550467   8.12618117987   1.82816713465   7.68925564895   1.20182024663   
7.0   1.54114016356   8.66159403601   8.7976317409   1.39471107849   13.1684822948   -0.101052877221   
8.0   -4.774291812   -5.04052137171   6.9426736928   -2.32907585961   3.35431233228   -0.679503300604   
9.0   3.93359553606   -1.27609966345   4.13540858833   -0.313698616962   -6.49275826033   2.16026660846   
10.0   2.17063399109   9.12038648102   9.37513207835   1.33714514352   1.1630678801   1.57133265318   
11.0   4.45936741589   -2.72959237042   5.22844453529   -0.549271300155   0.757804370479   -1.82179808088   
12.0   2.83857756393   -1.55522130284   3.23670138989   -0.501219920624   4.49468135374   -0.884745143593   
13.0   8.21160448547   -2.48743966177   8.58008183508   -0.294131353152   -1.41751760592   -0.0681162838893   
14.0   -2.11371202665   7.61818326988   7.90597842554   1.84144459145   3.10965970687   0.155525945832   
15.0   1.84143582162   10.05022195   10.2175264682   1.3895829144   4.91097559597   -0.835247967718   
16.0   1.93030681372   -5.0943009332   5.44775058103   -1.20859779185   0.148613675455   0.701383970245   
17.0   -3.90880144218   5.46930751944   6.72250351109   2.19130645114   3.89319560806   0.54489091988   
18.0   -3.85662893573   5.84941386699   7.00637062503   2.15369472791   -1.9392131783   1.28459819469   
19.0   -3.1000300612   1.62266446709   3.49903220236   2.65937323296   4.60165838839   -1.24867407146   
20.0   7.99747509948   -0.520212618334   8.01437640339   -0.0649555983368   2.10021384438   0.56006961031   
21.0   5.19698477091   -0.0678123480673   5.19742717347   -0.0130476618375   -1.42129408281   -2.27006470528   
22.0   0.0493976035385   -7.45233553325   7.45249924679   -1.56416795105   7.65851518123   2.02038951579   
23.0   -2.72983102784   1.51487140398   3.12198859882   2.63497053846   -6.61958021103   -1.45936119129   
24.0   0.0254679295624   -6.69882117106   6.69886958354   -1.56699449268   -1.99305635549   -0.027582456624   
25.0   -6.97862386373   6.60279507413   9.60718969431   2.38385970724   1.83989361404   -0.35025666725   
26.0   -7.01717857177   -4.44517634965   8.30664721097   -2.57692529314   6.09116642061   0.181428219526   
27.0   1.10619042777   4.45033903348   4.58575781909   1.32717042018   7.25841176514   0.257070040145   
28.0   13.7201127245   2.53165865376   13.9517306708   0.182469263936   -0.24985658603   -0.089358088825   
29.0   -0.650384495633   10.7110848009   10.7308125323   1.63144255901   1.54112261304   -1.20322039511   
30.0   -1.77553468489   -9.79492508239   9.95455075767   -1.75011998701   -6.02809171855   0.0154860119553   
31.0   8.70781154519   4.70931241371   9.89967703092   0.495763810006   5.84163635865   0.656165943064   
32.0   0.0658859512246   -6.68971819991   6.69004264207   -1.56094780716   6.01441223902   0.0113417839676   
33.0   -2.56514454946   1.96350173937   3.23037236865   2.48827373815   9.28075748103   0.153793085205   
34.0   -0.0210211199618   3.16460079165   3.16467060814   1.57743881101   -1.61603832894   1.71035038385   
35.0   3.40365296985   -7.84002691215   8.54698049151   -1.16121130921   -3.93019299831   -1.47391021983   
36.0   -0.0566483697   -2.85713613255   2.85769766031   -1.59062070541   -4.75195220672   1.94966066078   
37.0   6.74249134788   2.30065264895   7.12419765219   0.328828991846   -0.125333308811   -1.214898507   
38.0   -9.14129782944   7.29025964928   11.6923569805   2.46837297148   -0.622323738515   -2.85984625419   
39.0   1.94070958927   -9.80437784882   9.99460748166   -1.37537927223   6.10697757121   0.820578086371   
40.0   -7.15921131622   -10.7477118167   12.913853645   -2.15841686229   4.51744361321   -0.27467751757   
41.0   1.9595705294   3.12694857524   3.69022005467   1.01099571283   11.2281190561   1.48153493431   
42.0   -3.71782022667   9.45278732811   10.1576264702   1.94551710174   16.7542683483   1.24243674626   
43.0   0.360093084851   -0.183082609639   0.403963205886   -0.470369908165   -1.94686948612   -0.0678738516985   
44.0   -7.84444922997   5.30200342097   9.46819011203   2.54723018769   7.99121835642   2.59461907469   
45.0   -5.81098969276   -2.41810727069   6.2940324103   -2.7472618138   8.2385429865   2.29430479126   
46.0   0.805375721495   -7.8206838075   7.86204332662   -1.46817784262   0.824390384555   0.933248870374   
47.0   -1.27455597037   1.14649843467   1.71433706788   2.40903853752   -4.25587989956   -0.701314874599   
48.0   6.54290568929   -3.55899435688   7.44822500273   -0.498184170579   12.5217504073   0.197746724466   
49.0   4.20343594915   1.00682656993   4.32233426756   0.235095481436   -3.87078620049   0.183836337554   
50.0   5.57635831465   7.00273623494   8.95176445342   0.898308614566   2.93045681328   0.365277723344   
51.0   -0.587273624793   0.671512693711   0.892087220059   2.28937325742   0.189002743099   1.11514345367   
52.0   0.415774567143   1.01134907903   1.09347860077   1.18075018001   -16.2234939352   -0.572204049343   
53.0   -8.04361008455   0.829720549751   8.08629082973   3.03880344457   -4.71696078275   0.121826758557   
54.0   1.37266832593   -5.91239987743   6.06965325563   -1.34267011891   3.74727537926   0.444884692335   
55.0   -5.26340569878   6.34087820937   8.24076307244   2.26360868199   -7.84092218759   1.03846399883   
56.0   -7.52773972707   -6.17498075165   9.73638807165   -2.45459756473   -0.734576488516   1.43616228001   
57.0   -0.297730378011   -1.57091747997   1.59888245562   -1.75810116153   1.3845470336   1.41114320336   
58.0   -11.4127952562   4.88276277431   12.4134309468   2.73732544611   8.59950681939   2.0121645343   
59.0   -7.82359809278   3.69027506573   8.65024954426   2.70085240702   -3.21154954917   -1.15871190346   
60.0   -3.85561680471   -4.48829084739   5.9169701432   -2.28051463611   -8.25012011019   1.74597092263   
61.0   9.59265720799   -6.4821028296   11.5774232627   -0.594255048647   -7.77903483159   -2.01566873567   
62.0   0.737224436799   -5.60361713788   5.65190453725   -1.43998535133   -5.53963995512   -1.58374985354   
63.0   -2.59110282009   11.8514718854   12.1314137542   1.78604075353   -4.71083056527   0.132631271475   
64.0   -3.10412148736   6.99600801166   7.65373753845   1.98839796724   -23.6344045424   -0.516571356915   
65.0   -0.0652313269728   7.13049227577   7.13079064486   1.5799442937   8.31814562044   -0.0272797065777   
66.0   1.00776593274   3.67797206413   3.81353781675   1.30335964401   1.53410543977   0.719865336239   
67.0   9.21267061807   -12.0322742622   15.1541718295   -0.917345850503   -2.99065041514   -1.29522632964   
68.0   -1.5779648224   -1.77578565687   2.37558154562   -2.29727779608   6.19629767241   0.739819718243   
69.0   0.251624975286   3.14909500372   3.15913191726   1.49106182973   -0.191065974258   -0.090772860098   
70.0   1.15366059864   9.1526672646   9.22508812062   1.445411181   13.5838073849   1.61543198017   
71.0   2.32243242328   4.20343741392   4.80235134632   1.06602969589   4.90395753532   -2.41777274032   
72.0   -7.81796356015   4.75606063138   9.15099267605   2.59505582496   8.11647122839   0.267907906689   
73.0   8.18082809255   7.79677531577   11.3011350582   0.761365845955   12.2528927024   -1.31055538424   
74.0   -4.90931132982   -8.53534754443   9.84649660729   -2.09276148048   -3.37892180744   0.597639376024   
75.0   5.33001452792   -14.813951247   15.7436401895   -1.22542050864   11.8162411878   0.42152463886   
76.0   -9.77824419803   -0.21708764003   9.78065369184   -3.1193952141   -4.76142560629   -0.111309875891   
77.0   -0.141898561215   7.82448035215   7.82576692617   1.58892954482   -6.16236887475   -0.731592163576   
78.0   -2.28888180384   0.526698628885   2.34869992924   2.9154181197   10.3029938409   1.81229950182   
79.0   10.668330549   -11.2591654352   15.5107086556   -0.812336577205   3.95579845999   -0.492428712185   
80.0   -0.790831489346   -3.53729930287   3.62462422916   -1.79074858108   -4.83985111399   1.31767727246   
81.0   -1.31636127511   1.93609118215   2.3412082505   2.16790915059   -5.31877859122   0.323427739978   
82.0   7.32351936645   -5.12608503516   8.93927758258   -0.610691275146   0.707542063265   -0.589432059385   
83.0   -5.11637936027   -3.17847849231   6.02329339184   -2.58570469327   -3.20439827773   -0.497595786122   
84.0   -0.153499670086   3.73506423914   3.73821709097   1.61187014229   -19.4897252449   -2.61206491772   
85.0   6.1443885732   -0.365592605294   6.155255388   -0.0594301746746   -1.44202972245   0.275889163712   
86.0   -0.975280890357   5.6788701891   5.76200828182   1.74087570717   2.3080438575   0.466431385881   
87.0   -3.32819063609   0.703754355337   3.40178234207   2.93320968038   4.53811065661   2.40450119065   
88.0   -2.39088831604   -1.33228880292   2.73703131041   -2.63321102832   -8.44403846879   0.00846817070976   
89.0   -6.65927055566   -6.244037711   9.12873985115   -2.38836372852   -10.6337635013   -0.849410090792   
90.0   -3.35770770173   -3.24435911783   4.66905419713   -2.37336145502   20.0167190059   2.76591396417   
91.0   -2.10048823836   5.82688488164   6.19391945891   1.91677871201   -6.45938511991   -1.20285053588   
92.0   -19.6264443324   -0.760027101967   19.6411547097   -3.10288734769   2.6662166734   0.135375287871   
93.0   -5.99902768065   3.35418463599   6.87305519296   2.63177344632   0.328384192051   -1.87449437364   
94.0   -12.9162558887   4.00514214858   13.5229741482   2.84090908873   -2.99410368028   0.613766313793   
95.0   4.00227085652   -12.0704792654   12.716707188   -1.25062897984   -4.70328234602   -0.275697640308   
96.0   4.63572335989   -3.60477093405   5.87233382535   -0.660936752263   -4.26279335034   0.792483726037   
97.0   3.19984743385   1.27218344119   3.44346835442   0.378415219152   12.5568251792   -0.935796093288   
98.0   5.60145738882   0.841410804132   5.66430022334   0.149098094377   1.30773535515   1.64237152419   
99.0   3.58224276005   2.01283912762   4.10901259983   0.51192866044   -1.36889701335   -1.84790161571   
