0.0   -0.0647131656498   -4.88091643304   4.88134541086   -1.58405395476   -4.07661643035   -0.917548376689   
1.0   9.48347584111   3.59755936799   10.1429161209   0.362579162982   2.19482623174   -0.363359132825   
2.0   2.44662433723   5.87520177887   6.36427266779   1.17620484134   -2.52597328006   -0.628455599739   
3.0   8.56680832168   -6.6369811078   10.8369609691   -0.659142653087   10.9344842952   -0.220223880285   
4.0   2.09538860428   -4.75584886625   5.19699450082   -1.1557936452   -12.3034399646   1.46891122369   
5.0   1.77370626544   9.29013733126   9.45794298723   1.38214313232   -3.11493373485   1.78310346248   
6.0   -3.77673599339   5.84421498081   6.95834631976   2.14452021048   6.52981190053   -1.91087833915   
7.0   -0.257130802076   6.4711603288   6.47626684521   1.61051031818   15.9619915405   1.20767118399   
8.0   -2.25849902525   -3.63775331347   4.28182986779   -2.12640578112   4.09209483144   -1.23600825789   
9.0   4.60184522918   -0.739031955138   4.66080977342   -0.159235064259   -10.1207071908   -0.887991737882   
10.0   0.0585530717048   9.20237511426   9.20256139375   1.564433591   -0.212945018979   -1.7731748276   
11.0   4.76851507913   -2.96787240725   5.61667185134   -0.556719701229   4.03166695519   -1.10465205337   
12.0   2.04284000629   1.12634101551   2.33277503727   0.503887038547   6.86826375848   -0.142183576456   
13.0   6.87596549827   -0.255392316963   6.88070685097   -0.0371256907935   0.619184837406   0.280352496876   
14.0   0.142589942211   6.43825745819   6.43983625487   1.54865265882   3.02881836764   0.244544657998   
15.0   0.674276741471   10.5482319582   10.5697609513   1.50695998106   7.0802234809   1.13766152593   
16.0   -0.220595651713   -3.76686284358   3.77331659471   -1.62929168458   -2.80348034459   -0.794165537615   
17.0   -2.23072776213   5.35784917241   5.80367935908   1.96531556702   0.653044326749   -2.09104913032   
18.0   -1.53121033379   6.45178698243   6.63099995122   1.80381633247   -3.16131249127   -0.973457333698   
19.0   -4.89303925784   2.94380614658   5.71032641864   2.59997444466   7.47254849251   -0.716054143675   
20.0   8.40342853872   -3.38050019153   9.05789118671   -0.382467168394   1.27031522074   0.278222306484   
21.0   4.93079132459   -0.668741833342   4.97593395518   -0.134803139468   3.92051799695   -0.358505773928   
22.0   -0.385312802047   -8.66149886396   8.67006508198   -1.61525271182   5.89051570548   0.119318626421   
23.0   -4.83114841598   0.254142670774   4.83782838827   3.08903607517   -4.60484733908   0.820529269198   
24.0   1.77945236285   -4.58234119245   4.91571983698   -1.20039215233   -1.10558564747   0.24468962102   
25.0   -5.62019693953   3.9655782791   6.87840277439   2.52712206158   2.96315711307   0.923084058153   
26.0   -8.83240587816   -2.89426960861   9.29452474115   -2.82493186411   3.40372029979   -1.66027856388   
27.0   -1.20693719776   2.92273519833   3.1621319452   1.96241456675   5.2652044266   -1.66319319818   
28.0   12.3702186083   2.14342288803   12.5545438027   0.171569337227   -0.506097557054   -0.475776491735   
29.0   1.24192583318   9.34189529968   9.42408550287   1.43862977606   3.06960529564   1.85732256989   
30.0   -4.70425932474   -10.4280586306   11.4400377009   -1.99457755149   -4.45702351902   -0.226706815129   
31.0   6.34809342606   6.02969931124   8.75531632381   0.759680822258   6.1884218959   0.297903067345   
32.0   -2.80911838483   -5.83509842268   6.4760728611   -2.01946771377   7.61017564794   2.22918831628   
33.0   -0.297064432905   0.579962359158   0.651616156443   2.04416676745   6.37114495276   -0.747018973928   
34.0   1.52500188741   3.12434351279   3.47665832985   1.11671141998   -5.21642393577   -1.43112637027   
35.0   4.76347689254   -6.92361568296   8.40399703898   -0.9681666648   -0.651529744747   2.73275128443   
36.0   -1.38789126139   -4.3758509573   4.59067682962   -1.87793058276   -4.27471443823   -0.598008387193   
37.0   4.41995081257   1.04181896298   4.54107387488   0.231483058014   2.32485630955   -0.0499643806998   
38.0   -8.34093472649   7.19233035146   11.0136646034   2.43000497052   1.9946447036   -0.460178601023   
39.0   0.159666014642   -7.8220214078   7.82365081917   -1.55038678863   2.35754669265   -1.82083752169   
40.0   -7.57506500291   -7.92178217928   10.9606679858   -2.33382482121   5.27622052424   0.467757097885   
41.0   3.55965131529   4.88780554565   6.04663216498   0.941346853499   8.18176827963   -1.00423217025   
42.0   -3.18490368526   9.80726363524   10.3114514738   1.884801615   15.7277700548   1.12831407524   
43.0   0.298254565074   2.38073066769   2.39934038804   1.44616704434   -1.51148988491   2.14828335673   
44.0   -8.97706342614   4.31575726794   9.96059378515   2.6934602202   6.20969299652   0.500288598378   
45.0   -5.40780747902   -2.77404520175   6.07780457991   -2.66762264209   2.38716143961   -0.171819610889   
46.0   -1.66625445644   -7.84423877666   8.01925719122   -1.7801028885   -0.7960542801   0.747738155158   
47.0   0.606415124448   0.699149807807   0.925499733612   0.856309378331   -0.120460655984   1.95252519246   
48.0   3.68666180063   -2.81159528571   4.63643648537   -0.651541669684   13.4314255737   1.11198812567   
49.0   6.39107667851   0.106100811334   6.39195732876   0.0165998736875   -0.756869342114   -1.74087085895   
50.0   7.37108161724   5.24837608373   9.04866264838   0.618749277414   1.79863499015   -0.532586417327   
51.0   -1.23593563016   1.63902570285   2.05278886798   2.21689540779   -3.06043716112   0.812515376022   
52.0   3.27287441027   0.424917263316   3.30034264677   0.129107819249   -15.8125451627   -0.582575104074   
53.0   -8.98930734613   -1.74166336648   9.15647518674   -2.95021546927   -8.08531287041   1.04074651532   
54.0   3.98912845269   -4.59275622736   6.08330137146   -0.855619948938   4.41180599915   -1.9630925653   
55.0   -3.43612443621   8.02970734548   8.73402262392   1.97514311936   -10.3640873203   0.883809111299   
56.0   -6.70641251649   -4.63133130115   8.15016554815   -2.5372151437   -4.39814251892   -1.62920997908   
57.0   -2.25767455428   -3.15883991461   3.88270060643   -2.19133090963   1.34954379521   -1.5321813306   
58.0   -11.6241285143   2.85061847793   11.9685583686   2.90110570255   7.93479374329   -1.94595839029   
59.0   -7.10051395141   5.18116213544   8.78986572411   2.51121824999   -0.820852563224   1.98832486919   
60.0   -2.10761321553   -4.9600552972   5.38926544323   -1.97259690927   -10.0131824245   -2.52347020824   
61.0   7.68087561692   -5.73455660494   9.58545719817   -0.641322798225   -5.91050316105   -0.109519106233   
62.0   0.888642978137   -7.98733067235   8.03661232187   -1.45999542736   -3.57951094464   -0.594761538266   
63.0   -3.17982629944   8.97191656035   9.5187489756   1.9114033094   -3.77278638705   0.040218169184   
64.0   -2.36671482901   6.02056547924   6.46904535242   1.94534470569   -20.2475640991   -0.273798601703   
65.0   1.34401295177   4.48273560176   4.67988133288   1.2795048493   9.36180233232   1.35933008678   
66.0   1.25745991401   2.18309664824   2.51934840998   1.04821213686   2.84769992415   -0.744660082564   
67.0   9.40011638449   -11.2684339065   14.6744604926   -0.875547378197   0.807235791082   -0.646323640152   
68.0   -4.20887511318   -0.664473391417   4.26100394347   -2.98501067487   5.11377396971   -0.367930105244   
69.0   -2.71697566249   3.56674345251   4.48370556645   2.22177668922   -2.88674311034   -1.66954264244   
70.0   0.462426419527   9.6154697725   9.62658283813   1.52274142991   10.0467445316   1.86069650895   
71.0   2.14721789995   3.47093563638   4.08141383614   1.01679226628   7.90990235239   -0.422894531688   
72.0   -6.60593312382   3.07721995999   7.28749855016   2.70565547781   8.858880887   -1.05659627577   
73.0   6.55987393872   6.27334396655   9.07671695133   0.763074660721   15.3978815429   1.67778293132   
74.0   -2.47793432329   -8.89631972402   9.23496957994   -1.84244580159   -5.27439246037   -0.434199151586   
75.0   5.07460703907   -12.7087433617   13.6844362118   -1.19089314896   11.7568958681   1.0734498564   
76.0   -8.94632062689   -2.78815796702   9.37072449751   -2.83947856544   -3.15986671129   0.255666355494   
77.0   -1.35698764724   6.05104293411   6.20133341026   1.79140328742   -2.76764584778   -2.97943355484   
78.0   -1.72414070466   -0.251611326228   1.74240334852   -2.99668125896   4.48079080667   -0.625175914733   
79.0   12.3517363464   -8.8895387484   15.218058021   -0.623825133792   4.12162404553   -0.229351374924   
80.0   -2.90174260691   -4.783254207   5.59460731111   -2.11608835473   -8.80677005601   -0.595884955638   
81.0   -2.07053869713   -0.270376805015   2.08811736093   -3.01174454734   -3.27437394099   -0.296628768969   
82.0   5.29330867483   -6.72067245066   8.55491407999   -0.903652395808   0.100084359123   0.849954923405   
83.0   -2.89762205435   -1.87052387819   3.44892347679   -2.56836087099   -2.79410852828   -0.451571649057   
84.0   0.41496638162   3.61061241999   3.6343801597   1.45636874331   -16.5710480847   0.991112920783   
85.0   6.9179059591   0.959987750539   6.98419639902   0.13788795622   -5.45428684391   -0.723473515085   
86.0   0.363291860008   3.05795856582   3.07946286969   1.45254847538   3.32262971914   -1.00660884366   
87.0   -2.38751298529   1.81515453404   2.99916725732   2.49155107065   5.25653752929   1.35752692643   
88.0   -0.33474089213   0.675949911116   0.754294204672   2.03060903777   -6.19009759403   0.565724508214   
89.0   -4.45938013717   -7.11629113941   8.3980754217   -2.13057686931   -8.55186373461   -0.534071459453   
90.0   -3.49095320461   -4.13720913392   5.41324798014   -2.27167657198   14.6215016884   -1.23305708521   
91.0   -3.6825396104   4.14979734928   5.54814527769   2.29660760117   -4.31013926588   -2.32443430873   
92.0   -16.9819474334   -1.43960544913   17.0428578144   -3.05702215796   2.87353334285   -0.465459674342   
93.0   -5.40833814736   1.90195744677   5.73302395298   2.80342967913   3.32837714357   -0.472904292335   
94.0   -10.4846864321   4.53823810261   11.4247212069   2.73309651142   -4.55882009771   -0.787951937795   
95.0   5.14895783998   -13.5141914461   14.4618511014   -1.20677249787   -2.22481211897   -1.08621229   
96.0   5.12921179461   -6.36582148874   8.17511448607   -0.89256376279   -4.92241468946   1.22167016702   
97.0   1.44189529538   -0.505216872229   1.52784362119   -0.337016767602   14.3422151717   -0.338182269634   
98.0   3.41602627181   0.00954274138664   3.41603960071   0.00279351380943   -2.59499018559   -0.27044158138   
99.0   1.74309958193   3.19175232504   3.63671267175   1.07093210348   -0.735314644415   1.89268836176   
