0.0   0.445258459144   -0.198017316952   0.487304784762   -0.418458112353   -3.15062460152   1.25735448061   
1.0   4.64074257196   2.45072050007   5.24809704451   0.485864704503   -0.152622200601   -0.493993657222   
2.0   2.73460813951   3.36651219829   4.33722100635   0.888601993643   1.60499871127   -0.946320989476   
3.0   5.70502897144   3.2613301513   6.57142525795   0.51931967186   1.33733294831   0.528679674437   
4.0   -2.19338506495   -1.91898460096   2.91435068958   -2.42282135792   -5.02722887968   -1.2284627544   
5.0   -4.28740532317   2.91109629657   5.18230894998   2.54510840918   2.64934127508   -0.0531953306391   
6.0   -1.23498477771   1.16979951382   1.70106387408   2.38329434524   5.31705552289   1.33752923382   
7.0   -0.506855100698   1.29494054137   1.39060170387   1.94387729108   -1.50844548499   1.41608138185   
8.0   4.10633277847   -1.88297930638   4.51747495353   -0.429945424478   2.33431494341   2.39060661763   
9.0   3.89667336489   -1.8395582388   4.30906461156   -0.441066683575   -0.309294690512   -0.373809736772   
10.0   3.35604302264   0.697958495947   3.4278522185   0.205047780811   -0.737847807001   -2.34122970684   
11.0   -1.0713550347   0.468744898736   1.16941155735   2.7291610036   4.32433989887   0.0919034988434   
12.0   0.370472444719   1.04123034328   1.10517440256   1.22896155084   2.85650603086   -0.0349493127719   
13.0   7.08494916084   0.922015599944   7.14469155235   0.129409942911   -0.452213339772   -0.74932636916   
14.0   -1.77007208333   0.839600369383   1.9591028458   2.69869016058   1.58448055968   -0.954218806902   
15.0   2.84366985061   3.92660163582   4.84816033415   0.944008541764   3.21768689754   1.51543063443   
16.0   3.05614725796   0.665930997633   3.12785871739   0.214545282152   0.0234900561588   -0.915891870306   
17.0   0.0516905207092   1.40118460901   1.40213773163   1.53392246257   -3.9189221046   2.35022098803   
18.0   -0.520830470157   -0.464421275951   0.697819102776   -2.41338563898   -3.37311768905   0.369471195626   
19.0   -3.76234329388   -0.137285289366   3.76484718304   -3.10511953115   -1.19986251482   2.16032749339   
20.0   2.85108661359   -2.70313948092   3.92882398836   -0.758767602369   -2.71367599681   -0.455360379214   
21.0   3.48302461671   4.17513940102   5.43720971625   0.875529375553   0.0633165528997   -1.85696695922   
22.0   3.19000908959   -1.2669630959   3.43239762819   -0.378060874032   1.13141593471   1.3699073675   
23.0   -0.670553382981   -1.74804304842   1.87224366431   -1.93708735319   3.53574216965   1.17901337035   
24.0   0.946064310587   -6.37401600708   6.44384339802   -1.42344692508   -1.70478316274   0.385062246113   
25.0   0.716029262461   5.42377828748   5.47083803603   1.43953866112   1.5243298799   0.175736734943   
26.0   2.14968444237   -0.957878197304   2.35343872719   -0.419180639705   4.82663714905   -2.50728003012   
27.0   -4.34107203798   1.97374863413   4.76870948052   2.71486320401   2.27187559463   -0.352480979239   
28.0   2.67247053072   -0.845736909771   2.80310000858   -0.306490818833   -2.42136800334   -0.532753270512   
29.0   3.53996321399   2.44565634261   4.30262414145   0.60457250376   4.09758942277   2.8086217298   
30.0   -0.197114262283   -6.53950594196   6.5424759837   -1.60092927581   -1.55016200541   -1.48421891191   
31.0   1.16231730247   5.18732786604   5.31595258645   1.35036857921   1.61639296435   -0.399470770757   
32.0   -2.05416540774   5.8212025985   6.17300536328   1.91003139859   2.65073800894   0.554625469002   
33.0   -3.07026982151   -0.888047472905   3.1961203186   -2.86003562599   4.28107063888   0.132849097194   
34.0   1.98413975011   0.709725576501   2.10725436099   0.343517429242   -3.34998776902   -1.6143233212   
35.0   6.50741394566   -0.619871850952   6.53687060999   -0.0949696980815   -0.273036642684   -0.289301672279   
36.0   -0.842984086885   -3.94880453263   4.03778149578   -1.78111756761   -3.44360707677   0.61711209086   
37.0   5.4813131402   3.22071393239   6.35749887733   0.531237626491   -0.462877425751   -0.369811493278   
38.0   -2.226808995   5.8348791287   6.24535769566   1.93537348558   2.04864915341   -1.0619382339   
39.0   2.5259498252   3.16970179872   4.05307685743   0.897945698524   1.57225719417   -0.660483943479   
40.0   0.667560553149   -2.57707324473   2.66213140187   -1.31732932789   -0.56544994376   -2.22619133511   
41.0   0.420280485351   0.811333747858   0.913727605351   1.09284329771   1.44609558949   -0.969327822943   
42.0   -0.513602638373   3.48929473268   3.52689174793   1.71694072566   1.88157711322   -1.15430709844   
43.0   -1.20006175613   -0.0555525349411   1.20134687025   -3.09533428018   -4.64752078648   1.57940145446   
44.0   -1.65695072945   0.0671860485022   1.65831230018   3.10106684767   5.25476817859   1.54691754587   
45.0   3.33265835345   -4.21252098277   5.37140063029   -0.901486403469   -0.692125916151   1.44122746636   
46.0   -1.93427607133   -1.44770889509   2.41604738469   -2.49908429317   -3.11152385973   -1.45411544758   
47.0   2.17995202753   -2.56107104833   3.3632240123   -0.865613178931   0.409551105035   0.643955663636   
48.0   -2.39927387326   0.789790234748   2.52592235309   2.82358577501   8.32247887569   1.71629612959   
49.0   3.54051383981   -4.24346592464   5.52650353329   -0.875461400806   0.216029214518   -0.0621675055548   
50.0   2.48062547625   1.52015925476   2.90936194264   0.549787508706   1.56073657857   -0.109943278161   
51.0   -1.52465299153   0.967157375325   1.80553596841   2.57630090176   4.54096086483   0.416219361514   
52.0   1.87122590585   1.31210043073   2.28540891987   0.611529742287   -5.56218518998   -0.796736128955   
53.0   -3.26832510974   -1.80495970711   3.73360798254   -2.63701726767   -2.23948348236   1.59629982936   
54.0   5.56870137795   -4.25749847574   7.00975950428   -0.652742349638   -0.476139469675   1.16448083547   
55.0   -2.27058011571   -0.317091563522   2.29261447293   -3.00283781875   -4.50745876364   -0.16916205702   
56.0   0.0358604571017   -0.523565031631   0.524791686987   -1.50241029023   -5.42813930155   -0.811665606397   
57.0   3.15140417504   -1.43950436592   3.464609804   -0.428479417761   -0.404262579229   -0.733060360607   
58.0   -1.70339020638   4.25434311505   4.58268191519   1.95163760282   1.84948407163   -0.315912541648   
59.0   1.99236958426   4.91385265914   5.30240365457   1.18559212785   -0.248114693328   -0.700174101533   
60.0   -1.86263942255   0.860642119024   2.05186024755   2.70875901714   -6.46972828911   -0.344773795881   
61.0   1.85119978015   -0.151509228101   1.85738947779   -0.0816617918013   -3.23462511275   0.797311193936   
62.0   1.37509404282   -4.39818591888   4.60813660861   -1.26777455774   -7.84026313104   -0.894491861124   
63.0   2.38269673298   0.708833537207   2.4858979675   0.289154415412   -1.66455036855   -0.867661470634   
64.0   -0.617479415738   0.307059373043   0.689613143315   2.68012443801   -8.5745355295   -2.45129234455   
65.0   3.38018370555   3.00669173681   4.52391833298   0.72698664397   2.5456055789   1.64645369239   
66.0   -1.33465551697   -1.44291263741   1.96552848573   -2.31723870337   0.0479249731177   0.927565401582   
67.0   1.66645992515   -4.60666405552   4.89882051136   -1.22369254301   0.604498458371   0.118627170001   
68.0   -0.76596834831   2.38814733576   2.5079783109   1.88116810103   2.01569425762   0.314832001372   
69.0   -0.720966869151   4.88490840219   4.93782576892   1.71732912571   1.36920611668   -0.401043874642   
70.0   -1.57613054718   1.79592041259   2.38945969418   2.29110668278   3.51418162517   -0.344128289583   
71.0   0.793642265482   0.0267332294951   0.79409238198   0.0336715000991   4.73606672355   -1.66321558374   
72.0   -3.64716701183   2.43424518768   4.3849032881   2.55305864314   4.86811588186   1.68630425911   
73.0   -2.18433213822   5.50797865152   5.92529625552   1.94834749864   2.73360212243   -0.658772729869   
74.0   2.62696207474   -5.00248438367   5.65029023599   -1.08724625245   -1.01578175074   0.320357653489   
75.0   4.0054908714   -2.60079227637   4.77578031171   -0.575887722879   3.1423974581   2.27066348247   
76.0   -2.77190622912   0.175623141446   2.77746424475   3.07831897408   3.15327979495   -0.41646746695   
77.0   -1.82192580343   0.34466858788   1.85424110316   2.95462402289   -2.59648047446   0.768282921161   
78.0   -0.965946744029   2.24732858517   2.44612732335   1.97674245295   -1.16022074582   -1.15856726089   
79.0   7.25732726567   0.210434433427   7.26037751717   0.0289880116192   0.525419264241   0.170722848871   
80.0   -1.23645503452   -2.63727482277   2.91273746555   -2.00920515001   -1.46679938149   1.04665365563   
81.0   0.512215321499   6.19665865227   6.21779245298   1.48832389909   0.446749478519   -0.733488251367   
82.0   3.48334051337   -0.265610128098   3.49345242879   -0.0761042845383   -0.758802803153   0.423865646905   
83.0   1.5341615523   -4.48569246059   4.74078986241   -1.24125523327   -0.998416627644   -0.111580246203   
84.0   -0.787116473406   -0.570546255624   0.972149871426   -2.51437872441   -10.8698234853   -2.62515958786   
85.0   2.75860408427   -4.2400284116   5.05843230902   -0.993992535892   0.0697386631475   0.871407208114   
86.0   1.06926474304   3.89096853104   4.03521538462   1.30260970969   3.88202676178   2.0491178555   
87.0   1.16591277982   0.616828118693   1.31902598085   0.486617937125   5.09902951032   0.529532646814   
88.0   -2.602282238   1.00755535215   2.79052694555   2.77218537629   -3.07324653204   0.719925459071   
89.0   -1.53393490526   0.342285971359   1.5716602622   2.92204696923   -4.34536192013   -2.35520821439   
90.0   0.727205227469   0.0575757062804   0.729480914632   0.0790091295771   3.96091744054   -0.077957571698   
91.0   -2.06675605376   4.92747542627   5.34335986643   1.96794401138   2.25092951085   -0.932847925719   
92.0   -1.93058027825   1.65469150949   2.54266478371   2.4329937297   2.86406150231   1.16451667318   
93.0   2.57245876124   1.89018178049   3.1922298228   0.633686547476   -3.77336580977   0.834071372103   
94.0   2.84129126397   3.81491103984   4.75673020978   0.930640718317   -5.18426359824   -0.039615357626   
95.0   4.18699809452   -3.61710434601   5.53302782331   -0.712502661324   -2.4814418303   -1.17888994873   
96.0   5.04934684817   0.569938326066   5.08141056092   0.112397950108   0.417902652269   -0.0482893578166   
97.0   0.687415190931   -2.48169248256   2.57513829196   -1.30057678385   4.84509923677   0.94242548892   
98.0   2.5468034546   -1.03487186738   2.74903030508   -0.385961181924   0.848437592268   -1.67254356353   
99.0   0.347530897211   4.35867760401   4.3725105123   1.49123154486   1.69163370532   -1.43782932587   
