0.0   -6.9684537483   -14.1271015639   15.7522806679   -2.02904422335   11.9668690681   1.37294364866   
1.0   5.01933752698   -0.211112678437   5.02377525101   -0.04203509345   9.93949725846   -0.522853622245   
2.0   6.23382052922   6.83395037316   9.25004843735   0.831290341925   1.10223423849   -0.423076939394   
3.0   7.30751727541   -14.2725640282   16.0345219034   -1.09759683943   6.96387620347   0.531911770684   
4.0   4.6794653166   -13.0146559255   13.8303530146   -1.22563605965   -24.3783251553   -0.337784779202   
5.0   -10.9951349954   8.87037060048   14.1271535759   2.46274688488   -2.0564427567   -0.132301320742   
6.0   -4.79279922843   5.06966075891   6.97655965749   2.32812960191   5.36833713717   1.16972546803   
7.0   -3.03518330964   16.3237459045   16.6035242668   1.75463363537   25.4170029469   -0.314300541617   
8.0   0.359697628798   2.54179995753   2.56712473562   1.43021682124   -14.9398782029   1.17693241301   
9.0   6.83859153581   -4.06113806571   7.95356376616   -0.535889546042   -7.45448347893   -1.21393006771   
10.0   13.3718226019   8.16197160155   15.6659956633   0.548021192922   -0.386878055031   1.76498346919   
11.0   4.31355026196   -6.42149930536   7.73578497576   -0.97929260529   10.7475138879   -1.51290798983   
12.0   -9.29224583394   12.4310792563   15.520230801   2.21269624179   12.3040841682   2.62121804103   
13.0   3.21240250414   -9.26165203413   9.80294487641   -1.23693063999   7.26684751144   1.15401522935   
14.0   6.86774322296   9.11483272397   11.4125401451   0.925078799538   -2.99057903028   0.311278645934   
15.0   7.58151983457   8.1224814861   11.1109922371   0.819831924603   10.912085189   -0.43033763269   
16.0   19.975441635   1.27223651356   20.0159150243   0.06360412298   -6.17660862831   1.65983154625   
17.0   -6.15586863165   8.41849684773   10.4290847051   2.20217688025   12.8635931936   -0.781799562469   
18.0   2.67352647589   3.84868527633   4.68616284112   0.963663470175   -2.93049102522   -2.52894532469   
19.0   3.19973988714   -4.13619043276   5.22937918317   -0.912364085934   0.400405505292   -0.710569548201   
20.0   6.48912678566   -12.7261403326   14.2850766258   -1.09925589078   12.6690522394   -0.100946810218   
21.0   -2.510996078   -1.82269792292   3.10279374467   -2.51370369316   -15.0163788597   -0.0206689155889   
22.0   -15.2551047999   -11.045810545   18.8342282309   -2.51489230382   10.3550588896   -0.115581327138   
23.0   -10.225159501   11.5499440343   15.4257931406   2.29542997455   -4.16887565829   0.30491510119   
24.0   1.43664214781   -17.3684115039   17.4277267259   -1.48826839519   -1.82636464259   0.961441522708   
25.0   -1.97227909886   8.75783838173   8.97717204716   1.7923026339   -12.4997040642   0.779343076506   
26.0   -8.29548128528   -5.81135302773   10.1285158719   -2.53050140801   8.27215427962   -0.403430195416   
27.0   10.2372211806   -12.1986640218   15.9250777524   -0.872600807758   6.9031847491   1.40510558768   
28.0   14.7566722392   3.82321014473   15.2438942329   0.253509390162   -2.32769044924   -0.796479090128   
29.0   9.31242470246   10.7604303772   14.230534626   0.857410927014   11.2014307049   1.70701505197   
30.0   -8.28117290332   -23.9034841585   25.2973196124   -1.90429800235   -2.56307020545   -0.920137097223   
31.0   7.33108664473   11.7019762349   13.8087319908   1.01113145065   16.3310465708   -1.20010258006   
32.0   9.55618030051   -20.6926087635   22.7926444139   -1.13815967614   18.0682140623   0.747493394953   
33.0   0.0063290881778   8.25403862094   8.25404104747   1.57002954011   5.1639751693   1.13249244021   
34.0   9.68696534588   -12.3433855065   15.690648915   -0.905398837036   23.0405874524   0.559050807612   
35.0   -0.183364105639   -4.10796660625   4.11205691027   -1.61540293898   -1.75702673598   -0.498246803668   
36.0   2.29382012273   -9.60578633146   9.87586663544   -1.33639040146   2.55771262292   0.18539688835   
37.0   -11.9517260346   -1.42882258187   12.0368305287   -3.02260788   2.19449466897   -0.641952884772   
38.0   -2.41147126647   3.81869541234   4.51637335937   2.13404961948   16.192759316   0.912485153769   
39.0   3.96839693528   0.541728892522   4.0052021708   0.135672151647   -3.76921668908   2.25126633429   
40.0   -14.3834830789   -20.7201506873   25.223188339   -2.17760454797   -5.71396155904   -1.38556184628   
41.0   -0.586072440447   -5.81859793814   5.84803923304   -1.67118175636   11.8764703792   -1.82214065826   
42.0   -7.09968704584   15.2823596443   16.8509961856   2.00569830173   25.7830167712   -1.24785336968   
43.0   -8.37898230794   -9.66768857433   12.793418108   -2.28490586101   -8.09357367589   1.35750781793   
44.0   -14.6692710776   7.78380134587   16.6064769695   2.65375055049   10.8147050856   0.741739478661   
45.0   -8.22356451131   -9.51188817437   12.573902732   -2.28368070748   -12.7829338838   -1.54351774502   
46.0   11.0026551574   -8.73557804947   14.0487986807   -0.671042129596   8.88149184851   0.2318273823   
47.0   2.12828091269   -1.63961047169   2.68661536924   -0.656424728839   -14.8412229181   -0.848056945699   
48.0   16.0312101119   -23.513457245   28.4584323051   -0.972397540115   -1.17230697817   -0.321617881043   
49.0   3.51231867484   5.72265131981   6.71454545013   1.02032257332   6.54161945468   -0.0882934141464   
50.0   13.6160027214   11.0951262261   17.5640928056   0.68373603645   -5.80498938148   -0.625576386772   
51.0   4.08966843172   -1.78078152527   4.46055722104   -0.41067521445   -14.3454831423   0.06365434507   
52.0   -6.88758486317   4.27906834095   8.10859119168   2.58567814581   -12.527780224   -0.763416448301   
53.0   -12.883339186   6.03576955938   14.227119974   2.7034658415   13.7781284064   0.652422550422   
54.0   7.01162463136   -7.74223512584   10.4453379416   -0.834877701381   11.8871416889   1.00068631696   
55.0   -3.50487687468   9.48157328767   10.1086296755   1.92486959108   0.902084705739   -1.1859620013   
56.0   0.607155881244   9.48769294613   9.50710027843   1.50688942137   -6.71613871196   0.631663466614   
57.0   -6.18356065234   6.80090497461   9.19177517212   2.30868542832   5.36787019064   -1.70249559028   
58.0   -4.57663087067   -0.949441571707   4.67407631778   -2.93703991809   -4.13140969243   -0.0891756559582   
59.0   -1.13945068956   0.304805141563   1.17951432728   2.88021070981   -8.07848229541   -0.0865794561085   
60.0   -16.1508795544   8.17788926512   18.1032810068   2.67288331026   -11.8053838535   -1.95336477894   
61.0   10.8922966396   -2.56228105966   11.1896117141   -0.231037404266   10.9095492222   -1.49950144403   
62.0   -3.17193733181   -1.18757568277   3.38696360169   -2.78334746584   -11.456156537   1.34439692462   
63.0   -0.744389587904   13.4946774862   13.5151927961   1.6259021973   4.46562646568   -0.17361484453   
64.0   -6.52917225416   7.78476746263   10.1603491462   2.268700088   -28.7114814787   -1.35852332694   
65.0   5.96886984456   6.28543952812   8.66799615153   0.811225754329   8.84107390099   0.250683355636   
66.0   -0.863193675703   2.22718344485   2.3886082598   1.94054311028   -9.42181564513   2.01125309996   
67.0   16.277764397   3.1109568072   16.5723765954   0.18883976562   -6.2857500094   1.37310278746   
68.0   -0.88808632377   -11.6181672478   11.6520602262   -1.64708741906   1.20771820714   2.59740433925   
69.0   -3.06311223638   10.0609325377   10.5168921313   1.86633625171   13.9348107407   -0.532592916865   
70.0   0.830855114006   17.8061012446   17.8254750779   1.52416888772   24.4037676925   1.72857988897   
71.0   5.32710011219   -3.2779173376   6.25481715779   -0.55161439093   4.14339767197   -0.840504456641   
72.0   0.830687226572   -9.86107232331   9.89599861732   -1.48675570611   17.7733666086   -0.514462077051   
73.0   1.71115160897   4.25277947196   4.5841218424   1.18825646415   17.3659400738   2.06529345675   
74.0   0.833671857508   -14.0679895292   14.0926696605   -1.51160535152   -10.7990569288   2.30728817959   
75.0   0.266844024491   -19.4341482337   19.435980122   -1.55706651195   3.24368526943   -1.24932725437   
76.0   -15.6617967467   5.77927969131   16.6940693387   2.78808829553   1.53385406614   -1.35469845357   
77.0   -0.931561835099   3.2614276445   3.391860512   1.84901813239   -32.3427713061   -0.558886831767   
78.0   15.1570952425   0.0505419899014   15.1571795095   0.00333453090884   20.3519162703   -0.534822508771   
79.0   14.8063831924   -7.97853079013   16.8192133231   -0.494248287516   11.5185307451   2.47591475421   
80.0   -5.04570542727   2.08373165341   5.459036624   2.74995435372   -7.38435708355   -0.107998988054   
81.0   3.43603039418   15.046395212   15.4337394609   1.34628385085   7.60602051969   -0.871555814057   
82.0   9.51161185883   -13.6972087925   16.6758594639   -0.963825345009   -5.82514877064   1.1107095999   
83.0   -13.3881636505   -11.5787933253   17.7006039672   -2.42853861585   4.46498215445   0.536878890041   
84.0   -10.0202890662   8.91952257512   13.4150689874   2.41424837232   -22.8982092778   -2.45269406357   
85.0   11.1024091466   13.2986853346   17.3239291296   0.875163560908   -11.8750064579   -0.786320894049   
86.0   3.97044094764   3.2921662127   5.1577863169   0.692275547817   19.0022336774   0.292769100174   
87.0   -1.56981332915   9.74183838842   9.86750875725   1.73056428516   -8.29622914883   0.170027729517   
88.0   -21.4201990872   -4.50402383096   21.8886079869   -2.93434194148   -4.76389433165   1.35057107668   
89.0   -15.1566243101   -1.78274997727   15.2611093292   -3.02450878769   -16.628111941   0.217753086321   
90.0   -7.32294511718   -2.57360663477   7.76202140552   -2.80363181594   18.9939748575   -0.561091779804   
91.0   1.81753876477   6.48053504477   6.73058553381   1.2973599858   -14.619372215   0.886803613367   
92.0   -22.3498343146   7.67597292611   23.6312431804   2.81076800706   19.0701194495   2.58937265726   
93.0   -0.832545158285   0.31099254522   0.888733820537   2.78409877446   -0.288672795606   0.426406103905   
94.0   -18.9386491516   14.4230278739   23.8053810039   2.49073041957   -21.4247495417   0.672844949849   
95.0   13.8145518948   -13.1990864935   19.1064839339   -0.762618598053   0.703410212573   0.318638784045   
96.0   8.92876628803   -20.0139454212   21.9153115139   -1.15116765186   -28.3548315242   -0.841654913544   
97.0   12.2450792976   5.34651230674   13.3614056465   0.411676092104   17.2278901184   -0.102678116134   
98.0   -1.46906325398   17.8238151645   17.8842537966   1.65303181606   15.4933946973   0.951299843243   
99.0   13.1730265229   -0.766245945798   13.1952931238   -0.0581023274173   4.6888480991   -0.42917111659   
