0.0   3.39635701534   0.616587694563   3.45187215301   0.179587924092   0.564849382055   0.39641501613   
1.0   7.69580981316   2.38891210995   8.05806364764   0.300986291891   -1.15714235626   -1.48688000518   
2.0   2.06777003653   2.54463901107   3.27885050294   0.888420397313   5.19378145037   0.934649024573   
3.0   6.591929513   2.39204352581   7.01251787404   0.348098005723   5.67121459551   -0.320321292627   
4.0   -2.84126172337   -1.09183725646   3.04382600937   -2.77471187579   -9.20914068368   -1.80920236548   
5.0   -0.813418013556   4.37378541919   4.44878047985   1.75467138595   0.262745991272   -0.431015811154   
6.0   -1.35956195009   3.71113098687   3.95232866774   1.92195936767   9.17260808042   0.757980984659   
7.0   1.08663568902   4.43693876756   4.56806334761   1.33061714556   1.59098582834   0.36160016335   
8.0   2.46780645875   0.0364043592383   2.46807495737   0.0147506376638   1.02310307923   -1.82604116056   
9.0   6.28833619459   -1.00182880513   6.36763951956   -0.157987680674   0.627144568673   -0.512854195391   
10.0   3.41790785906   2.91501071216   4.49214665667   0.706154440079   2.2251505897   0.131341878114   
11.0   0.922913317858   -0.861871482327   1.26277133493   -0.751210259337   4.9314744774   -2.1759273397   
12.0   0.177100046095   1.09912235481   1.11329887145   1.4110408299   -0.706148360657   -1.10301255115   
13.0   9.15008263741   -1.06984264625   9.21241420905   -0.116393166603   -0.902196165023   -1.56524575303   
14.0   -3.88993473836   2.54922576064   4.65082188946   2.5614733659   3.68495270477   0.872596937033   
15.0   2.50997614923   5.49320229033   6.03947445331   1.14219931266   1.0650800184   1.23872776058   
16.0   1.36887180447   0.500604432522   1.45753724306   0.350597585728   3.67914208788   -0.488850183001   
17.0   -1.72776150123   1.44268767343   2.25089038565   2.44586925102   0.380729626069   2.92966556879   
18.0   -1.00698211331   2.56347635338   2.75416484453   1.94509686401   -4.15601279507   1.01215054822   
19.0   -2.76646962405   1.57319799502   3.18249997837   2.62453135843   2.69514309098   1.19050434288   
20.0   4.77194632544   -4.60656650198   6.63264100265   -0.76776608379   0.795552048681   1.66897301467   
21.0   5.02182368833   7.58314572814   9.09520820492   0.985868154183   0.978187828728   -0.670156714313   
22.0   0.864427665834   -3.83322899015   3.92948847567   -1.34899745644   4.60160119839   0.356046223738   
23.0   -1.26700929484   -4.28791826958   4.47119174715   -1.85810445213   4.01068823339   -0.436457665717   
24.0   1.45410286767   -2.60563451695   2.98391460764   -1.06178536114   -5.20606785988   -0.176360123153   
25.0   0.0974484952614   3.27901622635   3.28046393395   1.54108625078   -2.07895957358   0.964713530614   
26.0   -1.08747837455   -0.855005498715   1.38334508274   -2.47530612272   1.99528428431   -1.26246061681   
27.0   -6.55007615648   4.48869376575   7.94052072463   2.540808369   3.28737444547   1.60151595253   
28.0   3.43873658669   -0.688539920752   3.50699251997   -0.197617177544   0.389022316198   -0.409863274512   
29.0   2.08223239045   2.75688798522   3.45486947523   0.923922256041   2.24763992229   1.45085545195   
30.0   -0.258477949416   -8.34733351177   8.35133448061   -1.60175176694   -3.38658963619   -1.85555820329   
31.0   -0.892555006118   1.83767676538   2.04296606261   2.02293660538   4.15048554166   0.056475764398   
32.0   -3.335738083   2.29946300126   4.05150325836   2.53805585816   4.89543638344   0.505927004421   
33.0   -4.05747082745   -3.02697355816   5.06217724279   -2.50064057919   3.02243469544   -0.986499529369   
34.0   3.95648916503   0.857372261633   4.04831986236   0.21340073641   -7.04775792686   0.399761712375   
35.0   7.776641147   2.03099764412   8.03748088394   0.255460324584   1.71238406572   -0.31071778937   
36.0   -4.37084181159   -2.29275450015   4.93568448545   -2.65849320565   -3.47292124605   0.342627370694   
37.0   6.70596766091   6.10973078483   9.07186929648   0.738907739489   1.10224806708   -0.638805509577   
38.0   -4.5261887469   3.00678759419   5.43388960222   2.55522410739   4.32825675667   0.662053240667   
39.0   3.10202843077   2.13040346776   3.76313689902   0.601796600602   4.53761800587   2.33457557662   
40.0   -1.52460586529   -2.52373154666   2.94849859489   -2.11423078148   3.71771249705   0.613578480927   
41.0   0.436108930181   2.33478313043   2.37516383964   1.38613650825   4.06852408972   1.8591132933   
42.0   -0.11831539715   6.3895325412   6.39062787434   1.58931127706   2.84740850961   1.47411231887   
43.0   -2.60837370231   1.8744768332   3.2120518005   2.51846708272   -3.48726281549   2.50944869913   
44.0   -5.17832113355   -0.616345572369   5.21487215824   -3.02312577826   3.81641653794   0.290915283004   
45.0   0.555423700383   -4.03761536091   4.07563900383   -1.43409200993   2.95294632311   -1.41012450562   
46.0   -4.9040500692   -0.838667782192   4.97524579595   -2.97221584295   -3.35635027974   1.20818100415   
47.0   4.70229446348   -3.37847068153   5.79013275904   -0.623016530518   -1.07842117659   0.0646421504913   
48.0   -3.4040705425   -1.2868991519   3.63920399064   -2.78015319317   10.7204498018   -0.0422726873589   
49.0   4.50466392825   -1.55709645932   4.76618783621   -0.332806070653   0.0365258115108   -1.80936118129   
50.0   3.36356111439   0.778204966134   3.45241167006   0.227362910165   5.10539653374   2.00710456284   
51.0   -3.38962403408   2.84094237592   4.4227259327   2.44403078472   1.21358897111   -0.652627727653   
52.0   4.65029631358   0.952334449418   4.74680910798   0.201997113065   -7.83922104184   -2.10588311384   
53.0   -6.07227715494   0.385707771869   6.08451479838   3.07815841417   -3.32815898095   0.482587512574   
54.0   5.81234901462   -4.24996446444   7.20038881011   -0.631357322025   3.20274936599   1.39699611064   
55.0   -0.675650112882   1.34526538831   1.50540427794   2.03623671853   -6.12033764924   -1.33865333707   
56.0   -1.80037669944   0.600055310015   1.89774145631   2.81987722049   -2.04426994247   1.5042747614   
57.0   2.89195709992   -4.68700366227   5.50739677143   -1.01795879578   -1.09249785823   1.44851632805   
58.0   -1.85338389397   1.91270147198   2.66335479787   2.34044533215   4.88316003849   -0.789680424953   
59.0   -0.779840194131   5.71926371457   5.77218573551   1.70631384385   -4.34208218533   -1.17642829513   
60.0   1.99491006272   0.408671480314   2.03633949457   0.202061451443   -6.25092139959   0.321936377438   
61.0   2.15309885473   1.78119445328   2.79436725551   0.691149328776   -5.91515279081   -2.49506427009   
62.0   4.08582908396   -5.80662232131   7.10006071   -0.957624978321   -7.16672847804   -0.865468246078   
63.0   2.86254944602   -1.14991379085   3.08488104427   -0.381979360366   -3.34679905565   -1.65878194136   
64.0   -1.54596462802   1.6833625355   2.28554502407   2.31367322098   -13.4763359088   -2.68175764923   
65.0   -0.166487149761   4.18956290599   4.19286957992   1.6105139776   2.24777592566   -0.493844383373   
66.0   2.18730636244   -2.1809347072   3.08881616809   -0.783939532654   0.304647052524   0.709081855511   
67.0   4.64425602679   -4.47884567038   6.45206731068   -0.767269215555   0.774473768499   0.872461462493   
68.0   -1.12705904467   4.75173395601   4.88356812985   1.80368171641   3.7785582933   2.28291695863   
69.0   -1.06790400155   7.37392389551   7.45085045973   1.71461809006   2.65508502184   0.257515012922   
70.0   -2.78532646072   0.911887165039   2.93079881509   2.82520088268   9.89913457807   0.645160689376   
71.0   -2.43276142353   1.61051948242   2.9175505389   2.55681880165   3.06311954382   0.87397235329   
72.0   -3.68581298801   -0.0109490797068   3.68582925065   -3.13862206134   6.17822375702   1.64994409269   
73.0   -1.18841609058   4.73058943312   4.87758230982   1.81692238083   5.88291999484   -0.10621838005   
74.0   4.4173826709   -8.25568684035   9.36320644155   -1.07948674001   -0.578483328   0.233426841418   
75.0   5.34944215578   -5.34001043016   7.55858735295   -0.784515824185   6.28658708453   1.29798659712   
76.0   -3.45625260056   3.35009442185   4.81339949248   2.37179016456   1.42670927617   0.00645553387887   
77.0   0.819504354327   3.22785447151   3.33026003129   1.32216439685   -5.14184264876   0.484132983718   
78.0   0.326263669406   3.76340698426   3.77752301265   1.48431884513   1.41877222134   -0.945917168133   
79.0   9.03157066606   0.403794204641   9.0405928155   0.0446794352989   -2.77000676703   -2.72774578714   
80.0   -2.56521429526   -0.0858223783286   2.56664954001   -3.10814890618   -4.76578994919   0.45903514449   
81.0   0.749225566526   3.89314194672   3.96457982223   1.38067318806   -0.463993034373   0.431628759238   
82.0   4.78597316789   -2.8864033468   5.58899485097   -0.542693179429   -1.32525457108   -0.218413753885   
83.0   2.54245015116   -6.90694317735   7.36002152349   -1.21808809444   -1.70006634208   -2.02202881483   
84.0   -1.44184488069   2.1691121994   2.6046044601   2.15744766707   -10.4138256401   -0.387502337606   
85.0   2.02255179299   -3.15451263357   3.74722106509   -1.00065963573   -5.03618706683   -1.04209102886   
86.0   0.957811587771   3.70077098113   3.82270962701   1.31753942914   9.444823639   1.03093434012   
87.0   1.24599265934   0.820625127673   1.49195285023   0.58240521673   9.15184886372   1.96770206919   
88.0   -5.71425974475   2.73283799924   6.33412724537   2.69549690846   -3.71465850097   -0.342811198103   
89.0   -0.472113406676   1.000733785   1.10650764896   2.01160371115   -8.1373316542   -1.72290898895   
90.0   0.212767293935   0.440808978972   0.489471630751   1.12110486293   8.37254709241   -0.734942491773   
91.0   -3.16539075195   4.25074741866   5.29986341614   2.2108754823   3.06219679908   -1.5127099725   
92.0   -4.48198481723   -1.12232195587   4.62036735277   -2.89623063583   4.52682723023   0.554549864106   
93.0   0.464411857778   0.447660035724   0.645040991898   0.767033450181   -1.84407661789   -0.229126404988   
94.0   -0.0972949972921   5.43316753847   5.43403862864   1.5887020141   -2.98763216189   0.397860364233   
95.0   7.10473928494   -3.60196745944   7.96564434844   -0.469216758651   1.05271839062   0.674650679417   
96.0   4.84234206103   -3.23935011881   5.8259476335   -0.58959103737   -1.23799342997   0.374404913118   
97.0   3.45931428067   -4.29360598562   5.51379249267   -0.892595648545   5.85841197195   0.835391245246   
98.0   3.48248079245   1.20280163654   3.68434583701   0.332558844208   2.72232339154   1.24909586901   
99.0   0.868750447965   1.26129552565   1.53153313509   0.967642841062   5.0200345077   -0.803127542573   
