0.0   1.57125759979   -5.18110860513   5.41412382783   -1.27634528023   2.74678195979   0.930829005346   
1.0   6.14398798016   6.08077650021   8.64432942141   0.780227436657   6.94035671787   1.60980272639   
2.0   0.0620770858411   3.54432852799   3.54487211038   1.55328363321   -0.423755642311   0.97373376899   
3.0   6.49035791434   -12.2158701538   13.8330123064   -1.08241916196   5.12389110264   -0.0559029312754   
4.0   10.6181320467   -3.07326674467   11.0539448454   -0.281736842364   -12.3904039863   -0.501849393623   
5.0   -6.83124390115   5.07541424371   8.51033036857   2.50260547957   -0.267671038225   1.99197862104   
6.0   -0.383314481756   10.2373893442   10.2445629763   1.6082214447   9.87261080856   1.13556070963   
7.0   -8.7797118586   13.8281176227   16.3798711017   2.1364954575   20.2741545354   -0.724126754841   
8.0   -6.53938345365   -5.52523971602   8.56106359475   -2.44005663529   -8.94214685412   -1.7050393444   
9.0   6.51687762023   0.230353767895   6.52094753662   0.035332549772   -18.2567810584   1.26803814839   
10.0   6.72889261907   15.8520996925   17.2211225111   1.16936656237   1.62828507176   0.653890924219   
11.0   2.90776763562   -7.69750211269   8.22840515517   -1.20961276311   8.74644580239   -0.253352832518   
12.0   -0.609819323277   5.73926425607   5.77157117326   1.67665306827   0.232403642735   -2.31205200457   
13.0   -2.97019691409   -5.9228636967   6.62588741816   -2.03562713051   4.19826005557   0.604105402454   
14.0   7.24193608195   5.85465990622   9.31250131987   0.679865227608   0.0422735727949   0.0178604239694   
15.0   2.30752613877   6.19705356609   6.61272635016   1.21434342034   7.49625693207   1.26446852067   
16.0   2.26298201595   -4.10172998027   4.68457857609   -1.06663810725   -8.70501592762   0.84767497145   
17.0   -6.12206559945   3.98042085216   7.30228987129   2.56509363342   1.42697294198   -0.263670491905   
18.0   -0.546138450926   6.76988979852   6.79188302989   1.65129369526   4.04152657983   -0.108164231471   
19.0   0.958086209071   -1.417164431   1.71063853824   -0.976319765477   14.2872177195   -0.721033724742   
20.0   6.96180811225   -7.17694619896   9.99876637063   -0.800613187327   2.00908692449   -1.0144759416   
21.0   6.10623142507   1.59458987301   6.31100460146   0.255436895711   -13.6113231615   0.826062813038   
22.0   -13.8720721154   -7.7522098817   15.891228487   -2.63199107324   6.92388563438   -2.18031241708   
23.0   -2.84560178762   3.33107759982   4.38104182926   2.27775755554   -10.6565425079   -1.47431585631   
24.0   5.27252196099   -13.05488262   14.0793980003   -1.18695513778   -3.19323221302   1.5291919627   
25.0   -5.11258875508   11.7539587724   12.8177264209   1.98107906012   2.02004565496   0.380535776754   
26.0   -9.08811185244   -6.57460448296   11.2169158484   -2.51531491343   16.2132100496   0.844701150673   
27.0   1.8318114348   -2.64971818183   3.22126366132   -0.965917542272   1.83053922358   -2.45800611996   
28.0   15.0638844656   0.159364082436   15.0647274155   0.0105788210117   1.19093957296   -0.729530628638   
29.0   10.0690711916   13.6573022037   16.9678548481   0.93549460025   0.335653773514   1.00915902625   
30.0   -2.07156681995   -12.4802669437   12.6510257321   -1.73528400457   -9.41833751889   -0.655716234302   
31.0   11.3973257623   3.38421282336   11.8891518186   0.288638300209   9.31560875245   -1.02388360834   
32.0   6.3944536356   -7.42819018418   9.80137983705   -0.860044939111   13.2832943816   0.00384458106296   
33.0   -2.58748435685   4.10613139413   4.85338957048   2.1330914305   3.92577170765   1.38494761957   
34.0   7.20178255663   -1.31451355937   7.32076620927   -0.18053871624   5.53935602082   0.201779708125   
35.0   5.70698307276   -11.0030113237   12.3949955217   -1.09232085295   -4.28669041389   -2.08522505868   
36.0   -6.47745528017   -9.86601007508   11.8023549221   -2.15175712897   -7.12488997949   1.86378714868   
37.0   -5.6679658635   -2.10587705312   6.04653249332   -2.78585869565   4.93516044343   1.21116535049   
38.0   -2.28952552539   9.86421323319   10.1264322365   1.79886229399   -3.49230577311   -1.41438384507   
39.0   -1.74563905196   -4.39861300393   4.73234107584   -1.94859395921   0.19174252465   -1.22334806746   
40.0   -9.54121974573   -13.3672765747   16.4231226404   -2.1907071544   4.89672155879   -1.25069829231   
41.0   6.81756974706   -1.42156585647   6.9642018021   -0.205569534954   18.2300524773   -0.533815269925   
42.0   -7.09504600977   1.56944881937   7.26655678278   2.92389472485   21.3810539878   0.67079519326   
43.0   -6.2209972733   -8.01909516665   10.1492213675   -2.23058913196   -3.87835616175   -0.532861939768   
44.0   -8.48738270163   6.60777796172   10.7563188273   2.48007392769   6.1021059104   -0.22552474281   
45.0   -10.0220896377   -9.49622918623   13.8065437189   -2.383129867   5.71630366334   0.0618067439327   
46.0   9.42060933021   -10.1875514843   13.8756652236   -0.824491651838   3.77215146514   2.73831058741   
47.0   2.72495978407   3.47149537201   4.4132398465   0.9052981283   -6.75512701184   0.189929284297   
48.0   9.5565808745   -9.87710438762   13.7435595497   -0.801889860676   6.70283833698   2.16637610131   
49.0   9.01559949603   10.1211889257   13.5543166387   0.843107002219   -2.0384119957   -1.35928880875   
50.0   10.0520512207   14.5877637735   17.7157157816   0.96744083333   -3.28186540248   0.716099988816   
51.0   4.5804848975   2.41890552788   5.17995616284   0.485865794159   -16.1019974082   -2.4416704468   
52.0   -0.668176543943   -1.86054069818   1.97688431211   -1.91558177782   -13.0728217823   2.34557546925   
53.0   -7.97373190568   -4.23271086415   9.02752689075   -2.65358487093   -0.859135245534   2.52364379414   
54.0   8.71493625713   -4.93436193649   10.0148909972   -0.515192659986   5.24930979896   0.266624478081   
55.0   5.56761462607   1.51516201111   5.77009952638   0.265703908625   -0.684957503191   -2.33285847115   
56.0   -5.78426880227   2.47518377244   6.29160554106   2.73725434236   -4.8569814585   0.308402217651   
57.0   -1.15450478144   -8.18823587764   8.26922536144   -1.71086854208   7.05914271694   -0.433051070289   
58.0   -7.97472805449   2.84844228924   8.46817046464   2.79853255593   0.397987042054   -2.47229919329   
59.0   -8.54268267086   0.339654602167   8.54943228898   3.10185387298   0.737666278148   2.19479198105   
60.0   -8.58364420366   -9.23135712313   12.6054314543   -2.31985277271   -9.05675275957   0.124299646654   
61.0   3.38108090846   -4.45505713028   5.59278482901   -0.921603845739   1.16756059869   2.16613634374   
62.0   3.14988822503   -5.75458431687   6.56026192237   -1.06997436369   -14.5110796098   -1.58511189515   
63.0   4.41265081574   16.3436459235   16.9288584759   1.30709211042   6.65384200755   -2.00256492052   
64.0   0.0469958558652   12.6319210053   12.6320084267   1.56707593945   -18.4163182098   -1.00785728557   
65.0   11.19595425   4.70206737312   12.1432627061   0.39761026963   7.14626954373   -0.555426921514   
66.0   -1.89810495523   2.00612247107   2.76176208063   2.32853473682   -7.24014168485   -0.0479268708727   
67.0   18.8217519423   -5.2420072317   19.5380906435   -0.271624574603   -2.21858248465   -1.65735906625   
68.0   -7.00056158817   -4.64820338853   8.40319327939   -2.55545528123   -7.62219312586   0.636149069458   
69.0   -5.60506608558   2.0519529978   5.96885893023   2.79065716765   4.90075966652   0.366573245645   
70.0   -0.348302963559   12.0251068427   12.0301500212   1.59975287696   21.0603819716   1.38099787411   
71.0   -1.20360285053   2.26049826873   2.56095924308   2.06006587321   -4.64430986596   -1.99415838096   
72.0   -5.64761425295   1.74802915873   5.91194999048   2.84142825636   11.668925098   -0.727913785143   
73.0   5.75771270264   4.55268916661   7.34017944017   0.669051453713   17.1969825441   -1.16071006429   
74.0   -2.46294993885   -13.9328890614   14.1489052579   -1.74576118648   -6.69740039805   0.416961305202   
75.0   1.46358659246   -16.1702132547   16.2363136955   -1.48053101046   8.0709814388   0.347595437874   
76.0   -11.6089211668   8.52023307817   14.4000493875   2.50845046103   -2.67686416081   1.92669055394   
77.0   0.186403412231   5.78609681295   5.78909859658   1.53859172119   -16.3387077343   0.28599247081   
78.0   9.70669092473   1.88757952067   9.88851885548   0.192064634381   13.5947761918   0.924331646945   
79.0   9.28727664986   -9.29616623327   13.1404799839   -0.785876523774   8.89525448555   -1.78647562663   
80.0   -7.60419789448   5.42384273836   9.34033702116   2.52201636286   -9.6169428252   1.75379713885   
81.0   0.048970656622   11.4358333508   11.4359382017   1.56651414151   3.63202900406   0.920225586339   
82.0   3.94969150676   -2.92756173691   4.91636865196   -0.637853513161   4.809475457   -1.24678223417   
83.0   -2.58470296062   -6.13284705643   6.655261258   -1.96965827112   6.56841278443   -2.07032066406   
84.0   -2.32175214852   -4.25028405651   4.84308244821   -2.0707621493   -21.5503275462   -1.60445472176   
85.0   11.9218399166   0.845354339923   11.9517735486   0.0707895597276   -12.8947146703   0.407970029857   
86.0   4.99761324149   5.5881683238   7.49691692142   0.841127971139   9.8470475618   0.177624308498   
87.0   -3.60563989321   8.35968658279   9.10411988069   1.97800180533   -7.0858182305   -0.41916025631   
88.0   -8.01374448051   -2.07275347209   8.27746383592   -2.88848970865   -8.94676658294   -0.350312408045   
89.0   -8.91013607834   -3.10060109363   9.43420648896   -2.80671332119   -8.04792896194   -0.0736134290584   
90.0   -6.28506894021   5.80811777114   8.55782236475   2.39561371971   18.4910660483   -2.41862402913   
91.0   7.86185991044   13.5855561326   15.696374635   1.04619143735   0.0243248478825   -0.502359488465   
92.0   -27.4675711383   7.49424473253   28.4715852799   2.87523593432   18.2158015261   2.5057132397   
93.0   -11.4136985803   11.3442188819   16.0923527591   2.35924747088   2.24811744627   -0.484166850713   
94.0   -12.9747512939   8.69117086432   15.6166776919   2.55138764723   -17.4594036733   -2.03233631201   
95.0   7.94886629705   -15.5112664554   17.429396503   -1.09723238225   -5.75536090057   -1.38350127537   
96.0   3.14538846201   -8.46390585571   9.0294612747   -1.21498893417   -12.908438287   -2.65227964759   
97.0   12.8703330112   4.56090196058   13.6545706089   0.340565500901   11.6151264085   -2.37008277181   
98.0   10.1443621922   6.11786539575   11.8463648976   0.542681378156   5.89363156748   -0.675787412511   
99.0   10.6464474958   -1.75117317482   10.7895065582   -0.163024518668   -0.682367061671   -0.0607099907142   
