0.0   2.70241157848   -0.872519225146   2.83977431106   -0.312301367041   -2.21122642955   -2.31713438325   
1.0   2.35403748436   1.33349770662   2.70549600099   0.51540208979   -0.216442447282   -0.886114885813   
2.0   3.7779757972   0.82654813084   3.86733537941   0.215386982737   0.706443974069   0.502969933654   
3.0   3.8202627027   1.29540237136   4.03391551986   0.326920109057   -0.185796348438   -1.49478000482   
4.0   -0.744620205997   -3.73659776398   3.81006851657   -1.76749716751   -2.32091123078   -1.06765458907   
5.0   -1.91489701174   1.20314954776   2.2615037917   2.58061642665   2.61724324839   0.907053915029   
6.0   -0.224890342376   2.3202292966   2.33110266932   1.66742041129   3.12402543195   0.0110233099598   
7.0   1.25801138141   1.98261937835   2.34805711923   1.00538053637   -1.85640232472   -2.41353099638   
8.0   2.82235099164   -2.33603834426   3.66370581049   -0.691399926297   -0.510630535698   0.629941463532   
9.0   0.95052702973   -1.69251196422   1.94115903091   -1.05908527936   2.11389210917   2.69331161513   
10.0   1.86471818567   -0.249591365552   1.88134785772   -0.133058526791   -0.637562891318   0.0551848542201   
11.0   0.376645463546   3.07543955406   3.09841737923   1.44893433918   3.07137516546   1.53009256022   
12.0   2.01082076215   1.47003280935   2.49086262127   0.631269615479   2.49011503046   0.762763122433   
13.0   4.28985431898   0.723463077403   4.35043088698   0.167073057625   -0.103339904125   0.138477068055   
14.0   0.0284004731819   -0.451099521256   0.451992660288   -1.50792098179   4.03255948914   0.639898979285   
15.0   3.30555833804   2.26556653075   4.00743155044   0.600846954014   1.29249884437   1.93010985782   
16.0   0.466391112838   -0.187332885581   0.502607481196   -0.381940711318   1.35108370929   -0.429786221915   
17.0   -0.434472043889   -0.294224803188   0.524722966652   -2.54633262133   -3.64151838954   0.314459538232   
18.0   0.424085701202   -1.78097407324   1.83076960089   -1.33702963028   -6.17978201513   -1.91588324896   
19.0   -2.40599183686   -0.0918532576676   2.40774453379   -3.10343430631   -2.96644768794   1.35624345989   
20.0   3.83516668701   -0.687100997312   3.89623039586   -0.177277294845   -1.35193914534   -1.50193303894   
21.0   1.83051969614   3.09395231672   3.59490518596   1.03654327153   -0.00335533691476   -1.11368468283   
22.0   1.20026899819   -1.13029302483   1.6486988779   -0.755381817242   0.378440957352   0.507620791964   
23.0   0.30272928886   -2.82418130207   2.84036002107   -1.46401219295   -2.07390505679   -1.10518991062   
24.0   1.29134169326   -3.55597103546   3.78318561186   -1.22245723518   -1.10392292099   0.0402119875311   
25.0   0.793184214312   2.51046781253   2.6327912632   1.26477080097   0.736910479888   -0.965868808509   
26.0   0.903078180984   -0.0602239905749   0.905084045827   -0.0665888656299   5.91027153665   -0.0212031926692   
27.0   -2.17657438297   1.47482940262   2.62918196621   2.54606444389   3.20654228939   -0.399589242218   
28.0   3.73926247309   1.76373257087   4.13434836754   0.440735429006   0.214256402046   -0.327370731517   
29.0   3.89379967675   1.30351909692   4.10619507071   0.323041098129   -0.129939684806   -0.926541320842   
30.0   -0.688862038537   -4.62377947242   4.67481203021   -1.71869097665   -1.56014380113   0.381951837307   
31.0   0.638437178811   3.29215954213   3.3534931761   1.37924737409   -0.404047267598   -2.02935942032   
32.0   0.266704548517   4.13654560913   4.14513460489   1.50641026056   1.20329509446   -0.0773885966516   
33.0   -1.11750019823   0.870219136647   1.41636437361   2.47996301993   5.29403822136   2.25500793381   
34.0   3.66752941957   2.33036041937   4.34526773946   0.566045410607   0.460359759733   0.706816017467   
35.0   3.69925391522   -0.900714633626   3.80733061087   -0.238838019398   0.279820754292   0.048618394006   
36.0   1.13909191705   -4.13417744485   4.28823431508   -1.30193699499   -0.545515857983   1.64984079551   
37.0   2.59153773082   3.72361280899   4.5366683989   0.962777484141   1.17465407864   0.292294187966   
38.0   0.195787089649   4.64711993102   4.65124244022   1.52869038278   1.68100300082   0.186465617913   
39.0   2.59729783605   0.542315728428   2.65331159091   0.205842580025   -1.14189581313   -0.389338631031   
40.0   -1.08156018057   -3.14104690512   3.32203974756   -1.9024120145   -1.77195341289   0.829263670895   
41.0   1.63652543196   -0.0396346674608   1.63700531347   -0.0242140575252   1.87060376009   1.02750334432   
42.0   0.861847271803   1.43452172758   1.67350927898   1.02979565331   3.97651731593   2.43100038044   
43.0   -3.06794526467   -0.753165016403   3.15904189414   -2.90085852758   -4.51400957037   -2.68826026847   
44.0   -0.879343708331   2.35324208544   2.51216911654   1.92840334556   2.97994550845   1.1959350099   
45.0   2.8495761769   -1.7593194749   3.34892361853   -0.553113219944   -0.669439436646   0.0042277996824   
46.0   -0.285290274574   0.405108743172   0.495483233381   2.18435647759   -3.06038971909   -0.434690681418   
47.0   -0.487758325504   -2.09844078836   2.15438202888   -1.79917941519   -3.05101696681   -2.20940052043   
48.0   -3.31076894148   0.490066096875   3.34684265587   2.99463789999   3.12153890231   0.249115773377   
49.0   0.712421436105   -4.2760587881   4.33499977646   -1.40570567906   -1.25362159706   -0.319845712015   
50.0   1.9744852665   -1.2779401391   2.35196153598   -0.574423351963   0.87823855011   1.65356920639   
51.0   0.193984308918   2.67216899195   2.67920081995   1.49832912083   2.73907373848   0.143103276176   
52.0   1.76586286735   -1.06192793032   2.06057336571   -0.541422492122   -2.93393715948   -2.71889891645   
53.0   -0.93370813242   -1.33617976239   1.6300881062   -2.18070928442   -2.57455826642   1.63964370502   
54.0   3.8990425342   -2.27585950423   4.51465050325   -0.528345756451   -0.69330810483   -0.551884269646   
55.0   -0.826642499776   -2.71110941738   2.83433450662   -1.86675096692   -4.25975324536   -2.04488726519   
56.0   0.279462721366   -2.86817505722   2.88175772255   -1.47366719793   -1.62447128841   1.41976670375   
57.0   0.296378135086   -1.51562674709   1.54433300666   -1.3776849519   -1.45977949096   1.02755357623   
58.0   -0.460220156809   1.5515259215   1.61834337451   1.85915319954   3.69254538971   0.941899225748   
59.0   -0.723172927487   4.1904061816   4.25235029717   1.74169123433   1.26342156678   0.209379057578   
60.0   -2.95941249562   0.401504688776   2.98652445734   3.00674557971   -3.49666246813   0.117865337342   
61.0   4.39880661773   -0.636383383798   4.44460160997   -0.143674990113   -0.263972864628   -0.157631350389   
62.0   0.265665254807   -1.83151177491   1.85067917513   -1.42674854373   -6.5706394674   -2.4189585009   
63.0   1.55888644777   1.44378818886   2.12477087972   0.747085009351   0.516864954504   -1.69546894588   
64.0   -0.507382319299   3.61430991054e-05   0.507382320586   3.14152141914   -3.84491767651   -0.842773375402   
65.0   4.08509336947   0.796303772162   4.16198120309   0.192515020514   0.877047023139   1.51109560878   
66.0   -3.94984957583   -0.92458233979   4.05661979667   -2.91165235131   -2.4419583758   1.27766140327   
67.0   0.314979327123   -4.70734480401   4.71787103261   -1.50398360799   -2.09427606666   -0.449794303399   
68.0   0.553861186232   -0.156259233175   0.575481677872   -0.27498004237   3.40304011918   -0.802732012396   
69.0   0.0950565261378   2.34993240122   2.35185416926   1.53036761868   1.55094548085   1.25662593253   
70.0   0.306223219132   1.83645795063   1.86181375662   1.40556982453   1.63139048764   -0.609163279327   
71.0   -0.00680812089284   1.88690062104   1.88691290318   1.57440440836   2.14264285188   -0.193141907083   
72.0   -1.9473550101   2.94491142367   3.53053747022   2.15504718817   2.53353862298   -0.54481042725   
73.0   0.471080470832   4.71985431299   4.74330491808   1.47131751437   1.807835301   0.347973482915   
74.0   2.85734050628   -3.03783573069   4.17047247868   -0.8160060449   -1.16101105945   0.402802935353   
75.0   3.73376417587   -2.58740256308   4.54264756991   -0.605995140235   -0.725257332767   0.699059344295   
76.0   -0.176952972892   1.33077482965   1.34248798946   1.70299073987   2.85117100912   -0.570955382938   
77.0   -0.237542376553   -0.327438916095   0.404527655954   -2.19840304854   -3.26793184277   -0.297792814269   
78.0   -2.83450344981   2.28289879727   3.63951050632   2.46356989093   1.94367986495   0.304423226066   
79.0   4.48513301779   -0.884215517127   4.57146095553   -0.194647571904   0.486112334849   0.662041907591   
80.0   -0.53439198261   -2.05503185513   2.12337719604   -1.82520253543   -3.34801952654   0.0490203231256   
81.0   -1.71034019229   4.49873564095   4.81288748472   1.93410272733   2.06890322615   0.0476465979478   
82.0   1.98293915013   2.26618984755   3.01125623258   0.851960570608   -0.432630945601   -0.281141168656   
83.0   -0.62468257643   -3.04058671705   3.10409341116   -1.77342485466   0.461357630562   2.91093753354   
84.0   0.376799752689   -1.39130043329   1.44142115612   -1.3063151638   -7.63527109756   0.458201193094   
85.0   1.78525055546   -2.89693321579   3.40284316455   -1.01851003619   -1.92708495161   -1.06322300484   
86.0   2.52285350599   2.70990184372   3.70247995474   0.821128618784   0.855423802239   1.0418744038   
87.0   1.25698995198   3.47827344644   3.69843343966   1.22401668971   2.43811307175   0.8902023216   
88.0   0.108700226869   0.865545300775   0.872344202144   1.44586455454   -3.25561507455   -1.71843596396   
89.0   0.157663436234   0.700784037226   0.718300790725   1.34949950346   -3.71420744594   1.50517018135   
90.0   2.27519056199   0.599503106446   2.35284850086   0.257639687995   -1.09704772707   -1.83522215775   
91.0   0.157258382878   3.38917986848   3.39282631149   1.5244294543   1.66101746523   -0.521515211541   
92.0   -1.47560794444   -0.38339819366   1.5246025648   -2.88738956253   1.4633502911   -2.52696770542   
93.0   3.33505660433   -0.683708063399   3.404417611   -0.202204771897   -1.80188998978   -2.16068090577   
94.0   1.57714054189   1.09564113307   1.92036501253   0.607160737282   -5.41594248722   -0.27059526702   
95.0   3.99686986188   -1.34049488397   4.21567257111   -0.323596970207   -0.236390722768   -0.386551494121   
96.0   2.3942648433   -0.815624726608   2.52937696568   -0.328327926271   2.07843284374   2.3952013863   
97.0   2.20160856592   -0.414601353483   2.24030680038   -0.186137539091   0.868176815407   1.45591699798   
98.0   2.82719201231   -3.35842429677   4.38999184869   -0.871069814927   -1.01327881376   -0.665497632571   
99.0   2.0190442369   2.51936363777   3.22858061226   0.895195972139   1.23216791066   -1.50075771922   
