0.0   -0.0638911416594   -6.30390934093   6.30423310615   -1.58093114167   3.87173544635   0.256844239104   
1.0   6.99789834216   6.97524306869   9.88051603281   0.783776820497   6.18757115873   -1.80840928366   
2.0   1.17754272023   2.6886175429   2.93517821435   1.15798868558   0.136895445846   1.58254416126   
3.0   7.86278399879   -12.3750410404   14.661685202   -1.00477154427   6.97590726886   1.61636773437   
4.0   10.7425398139   -2.95694740142   11.1420689096   -0.26860409805   -13.3000949347   -2.97107029693   
5.0   -7.21678308129   6.04847281927   9.41626154521   2.44404077464   2.96808046549   2.04009206379   
6.0   -1.18986054656   10.4135426296   10.4812994528   1.68456381994   8.06445687942   -2.29058626623   
7.0   -9.31126896285   15.7377946258   18.2860031003   2.10505362846   20.5586005174   -0.266458022015   
8.0   -7.33734699938   -3.992987168   8.35347876715   -2.64321301259   -11.0434919702   -1.05609850207   
9.0   8.07872513055   1.4716104955   8.21166470245   0.180183152912   -18.2486502007   -0.141234649699   
10.0   6.54447484998   17.6669183606   18.8401208972   1.21603235189   1.24960459618   -0.84492369331   
11.0   1.93447823186   -6.14533073969   6.44261561244   -1.26582810182   8.82675321031   0.825398604986   
12.0   0.457044071819   7.32500406184   7.33924885731   1.50848204863   0.679499011655   -0.598140539764   
13.0   -2.99208349208   -5.83727671193   6.55944837889   -2.0444588671   0.294542850417   -3.0532227778   
14.0   8.76410968899   7.07356668752   11.2625469732   0.679058955734   0.89914178129   0.447866351151   
15.0   0.729034095466   5.26542436038   5.31565465463   1.43321418601   9.54629851468   -0.823326809149   
16.0   0.618787842755   -4.94934923117   4.98788093346   -1.44641762108   -9.33878746793   -0.77999587813   
17.0   -5.24040011937   3.79695374437   6.47137165893   2.51457675283   0.8985581905   2.20744362338   
18.0   0.724489287967   6.83797058443   6.87624362874   1.46523920992   7.21791537675   1.7624016426   
19.0   0.27026343493   0.350114242642   0.442292106148   0.913407563856   14.185069092   -0.646516651911   
20.0   5.59898559216   -7.65123960165   9.48103934719   -0.939061634882   4.24133752575   1.52966500366   
21.0   5.85114708835   0.576534887095   5.87948252192   0.0982166123353   -15.4010329272   -2.036719781   
22.0   -13.7867152549   -9.57097095951   16.7832357616   -2.534758507   4.33269461982   -0.85318254232   
23.0   -4.00391616526   2.18108052976   4.55943603264   2.64279925598   -8.02684549615   1.23227497106   
24.0   3.37539178566   -13.610030457   14.0223464066   -1.32769368587   -2.70408129411   0.305668439935   
25.0   -5.00646579058   13.2285588672   14.1442380288   1.93259600046   0.760048595799   -1.47780861666   
26.0   -10.3560207294   -7.13447793452   12.57568848   -2.5383411699   15.3186461702   -1.61028098459   
27.0   1.67661874599   -0.667944797811   1.80477163994   -0.379115954497   1.75927215349   0.220650620461   
28.0   14.6639420663   1.75231410107   14.7682700961   0.118934180989   2.42407672174   1.21458933615   
29.0   10.6819007441   14.5297684636   18.0337787253   0.93685190098   1.96699716585   2.01708565379   
30.0   -3.30252053022   -13.1760184499   13.5835968743   -1.81638319807   -9.69589855298   -1.57113772917   
31.0   10.7782062521   4.87713489372   11.8303074679   0.424930717469   7.6172275995   -1.25974189443   
32.0   7.55973521271   -5.92328591473   9.60390090088   -0.664617806897   13.1660758447   -0.624408595052   
33.0   -1.88378444851   2.5300197328   3.15430558076   2.21081511506   5.66185837856   1.05909568616   
34.0   7.1216583842   -3.28198385153   7.84152001483   -0.43183631169   4.8476948711   0.352015726335   
35.0   4.17304587594   -10.7657126998   11.5462063821   -1.20100445262   -3.97742679993   -1.3647035019   
36.0   -4.75947523547   -9.05714819134   10.2315462114   -2.05463035537   -5.52378926293   0.638725066165   
37.0   -5.95678009025   -2.40362596904   6.42344509143   -2.75806326802   2.58034756706   -2.72374868748   
38.0   -2.99655510094   8.66744660817   9.17082183768   1.90365783682   -1.30204505215   1.6047322524   
39.0   -2.07066539194   -5.67925570995   6.04496489522   -1.92041952323   -2.66849646426   -1.69829757044   
40.0   -9.75935622204   -14.7018132693   17.6461992303   -2.15682550193   3.72205905822   -1.65661577529   
41.0   6.03448346203   0.4104971679   6.04842943071   0.0679205999982   20.9114577511   0.174349847914   
42.0   -7.92568557709   3.20944422972   8.55084932218   2.7568330685   20.4843674738   -0.809620129711   
43.0   -8.13079849599   -7.42641791605   11.0118830018   -2.40144036381   -3.42384117235   0.0373246317146   
44.0   -10.0703672135   7.12912673103   12.3384254977   2.52556357339   9.69234247992   1.1714434161   
45.0   -8.82770047707   -11.0281014695   14.1261218222   -2.24582578343   5.6150522473   0.480856508505   
46.0   7.42520714428   -10.2932242598   12.6918937436   -0.945872619231   3.15205224825   -0.0848982278626   
47.0   1.7708489759   1.86461211044   2.5715140322   0.811183710411   -8.75403375958   -0.728459808098   
48.0   9.98032668322   -7.94944059652   12.7593309582   -0.672609916834   7.47521461849   -0.324770129776   
49.0   7.94268906378   8.55204034665   11.6714910639   0.822323553051   -2.48667511439   -0.632280219589   
50.0   9.32652928837   15.8615077218   18.4003145564   1.0392488299   -3.44646164251   1.49632464876   
51.0   2.6877456569   2.47040621992   3.65060044481   0.743287934828   -15.4072634824   0.655805362293   
52.0   1.03007736973   -2.51739312387   2.71998667787   -1.1823977362   -12.5089524903   0.852954338575   
53.0   -6.30509987048   -3.14061596451   7.04398701115   -2.6794603898   0.503627001845   -0.151789539713   
54.0   8.46658020821   -6.20672854937   10.497926448   -0.632587757459   3.65402837946   -1.73118432568   
55.0   6.29165523107   0.0955122296493   6.29238016434   0.0151796133183   -0.450374978036   1.29759007783   
56.0   -4.64620240467   2.34423094122   5.20409603015   2.67431347161   -5.436854116   1.92178685615   
57.0   0.606142609712   -7.65889386722   7.68284219106   -1.49181862728   6.17061483696   -0.809250489621   
58.0   -6.70466255969   2.01812944774   7.00181023073   2.84921512251   0.130474352122   1.41897082291   
59.0   -6.99032393198   1.36043597737   7.12147560008   2.94937835815   0.96089971955   0.758445395084   
60.0   -10.014344348   -8.45266727164   13.1047577896   -2.44055953478   -10.5422427977   -1.23806010495   
61.0   2.94329211963   -2.83435509971   4.08613966143   -0.766545487002   1.25999508117   -1.14925531655   
62.0   3.42540740159   -7.73544536654   8.45993681333   -1.15392958143   -13.9906159862   0.0166940617226   
63.0   3.62504397299   14.9088975307   15.3432776612   1.3322784897   3.59809997532   -1.22450275276   
64.0   -0.360988404036   14.5896484544   14.5941136987   1.59553405546   -17.0587076083   0.0291914212271   
65.0   9.91401979161   3.73346994165   10.5937050286   0.360159428541   10.7097206416   1.27576641469   
66.0   -2.58425373828   0.495209728261   2.63127346712   2.95226200821   -7.68805061368   1.18442607129   
67.0   17.5609144902   -5.18599879393   18.3106608626   -0.287152966708   -2.29808241444   1.77580534288   
68.0   -7.32804354391   -5.93041234242   9.42708930331   -2.46122093881   -7.2563069386   1.69546691358   
69.0   -5.74380731126   3.81929882462   6.89770729595   2.55478498817   1.16783340452   -0.962609689819   
70.0   -1.64034953418   13.5019849729   13.6012626179   1.6916933583   20.9445812214   -0.389031928249   
71.0   -0.564941317049   3.93054502855   3.97093728396   1.71354969371   -4.61304841334   0.929203394774   
72.0   -6.67393297236   0.0399089547472   6.67405229559   3.13561289934   10.5397754668   0.170486326335   
73.0   3.91314735964   3.79952068143   5.45427168987   0.770666755543   16.0084516634   -0.174335387722   
74.0   -3.49971561054   -15.4854159352   15.8759603187   -1.79306309271   -8.80968077797   -0.733835161081   
75.0   -0.409397691184   -15.4691390818   15.4745555801   -1.59725559811   9.07692002188   0.0206129143662   
76.0   -13.1025523717   8.10463627136   15.4065572969   2.58764209346   -2.18642477405   1.36757292557   
77.0   -1.49118137917   5.99656242337   6.17918949402   1.81452537845   -16.3963118174   -1.12708621823   
78.0   8.66849567257   3.59559909737   9.38462306619   0.393190389224   14.718047227   0.0694383258273   
79.0   7.77542363266   -10.6023669542   13.1479046886   -0.938025747105   10.0922018964   -0.0902533030974   
80.0   -9.59367808955   5.53181984696   11.0742805683   2.61854854413   -9.39184036962   0.174316848826   
81.0   -0.798600862351   9.69013443222   9.72298661173   1.653024304   4.01601811897   -0.488748625141   
82.0   3.83379305149   -4.06377564046   5.5867917106   -0.814510618318   5.57374257831   1.92601218596   
83.0   -4.1516477159   -6.23842491395   7.49360555166   -2.15798812965   10.1597529601   1.33539704415   
84.0   -3.59149348734   -3.13024889805   4.76416662527   -2.42470688636   -22.1526952695   1.12257758973   
85.0   13.8172294503   1.46856258347   13.8950532832   0.105887356732   -12.179528992   0.138349237199   
86.0   6.16279839993   3.97114712524   7.33144553335   0.57241004694   11.5368350652   -0.166281808534   
87.0   -1.9935840089   8.45217540226   8.6841030758   1.80242916608   -5.59473168683   1.26228647728   
88.0   -9.13013049171   -3.3975433157   9.74179569575   -2.78534553531   -9.07741464521   -1.04639724203   
89.0   -10.1715154163   -4.53027140226   11.1347691867   -2.72258064194   -8.270069243   0.613709185376   
90.0   -7.11016786711   4.02132074989   8.16856827553   2.62687168345   16.6673226924   -0.357667612898   
91.0   7.48642442085   11.6624864547   13.858576439   1.00011973766   -1.96549866807   -0.403800410983   
92.0   -25.5378544212   7.01017833995   26.4825340327   2.87368998982   18.5012849358   -0.204987935431   
93.0   -11.4417499802   12.549270046   16.9822796261   2.31006329943   0.67014034838   -1.84785991365   
94.0   -14.8696182713   8.77449729628   17.2654959482   2.60848758284   -15.4291041013   0.645611344651   
95.0   8.9025250487   -14.066125702   16.6466466445   -1.00653251115   -4.77149162378   1.04841140258   
96.0   2.92821842378   -10.0373649197   10.4557715004   -1.286942202   -14.9274478772   -1.30625339698   
97.0   14.36376269   5.74965276903   15.4717867611   0.380755284132   13.5418376775   0.606355570395   
98.0   11.38597347   7.33472821681   13.543951782   0.57227988663   7.57563863488   1.03424283346   
99.0   11.1171397798   -2.2992438108   11.3524146764   -0.203944307026   0.340009708   2.40243113341   
