0.0   5.02847809626   -4.37927416055   6.66810573835   -0.716500051859   -1.17748175149   0.111947097838   
1.0   11.51753141   2.28227690752   11.7414785127   0.195622603807   -0.411679259916   -2.86176113551   
2.0   4.36303530299   4.40152756195   6.19754160404   0.789789941068   4.75724295363   -0.81623559263   
3.0   6.69467811492   -1.38841069846   6.83713385345   -0.204491327038   11.270661099   0.789763070242   
4.0   -0.277080991596   -4.94698967091   4.95474325067   -1.62674788694   -7.7305827431   -0.368489242986   
5.0   2.39723254097   5.26144318857   5.78182568762   1.14327647505   -5.78369228078   -0.346538760805   
6.0   -4.98875068525   6.78876164677   8.42466130454   2.20453351228   7.78782059281   -0.712628584591   
7.0   3.71764791536   6.57055620667   7.54937844379   1.05590043928   8.15343608132   1.9950095932   
8.0   -1.73702619377   -0.911766711178   1.96177943038   -2.65822329803   2.87785882397   -0.193832462066   
9.0   8.31775682934   0.463105157338   8.33063893461   0.0556192648223   -7.72196703024   -0.505218662183   
10.0   -1.89174482501   4.98256050667   5.32959732865   1.93365776464   2.59862259814   0.154148396145   
11.0   2.65476844606   -2.37526227696   3.56225580027   -0.729887762973   -0.401144253099   -0.213810960995   
12.0   2.53472390465   -0.282837063467   2.55045526863   -0.111125266245   4.86712317469   -0.295256699992   
13.0   4.59047419886   -3.04023541572   5.50594994106   -0.584968033275   1.68334409751   0.159317004778   
14.0   0.312820756093   5.36948965292   5.37859423625   1.5126031688   1.02422770682   1.55145050261   
15.0   2.85213816428   11.0142085743   11.3774989619   1.31741128056   2.92291933533   1.69911190063   
16.0   4.00586806084   -0.332747123917   4.01966411151   -0.0828746672158   -1.35881553884   -0.860407672248   
17.0   0.284819617393   4.02607123773   4.03613327651   1.50017018086   1.36605619376   -0.0874578062246   
18.0   1.43138106357   7.70741039952   7.83919809775   1.38717339278   -5.55264968106   0.0777912827655   
19.0   -5.06348382705   -0.22921170212   5.06866910256   -3.09635594725   4.09687403574   -1.14273857724   
20.0   5.84423171618   -7.86625893842   9.79964662826   -0.931822946744   0.209908184225   0.604133980147   
21.0   5.08199315547   5.22119046296   7.28611585708   0.79890746738   5.42035738221   1.43151783373   
22.0   -1.23626920151   -8.29104951299   8.38271218433   -1.71881466084   3.44913643051   0.251352087106   
23.0   -2.51047394428   -2.2978210903   3.40330151293   -2.40039193815   -3.97118899653   -1.1401813446   
24.0   1.26668809085   -1.70992472728   2.12798996531   -0.933218383805   -2.31794610724   1.69060794191   
25.0   -2.49845570317   0.68306672954   2.59014691817   2.87471867634   4.71653144369   1.57124245404   
26.0   -8.16252921043   -1.23602511811   8.25558242668   -2.99130766256   2.48668174098   -0.739258364029   
27.0   -6.68881931456   2.29827540659   7.07264969211   2.81063112064   7.43563829374   2.65256723946   
28.0   6.71736653956   4.67152652105   8.18206411999   0.607659114864   0.307499593731   -0.361059195986   
29.0   -1.50914241554   4.80974648248   5.04094951929   1.87483556536   0.892914537613   -1.72912065342   
30.0   -4.29403896057   -11.0819472986   11.8847939202   -1.94046369895   -5.12297037622   -1.64986475335   
31.0   3.36376564125   3.75659219901   5.04250971629   0.840511789365   7.04915239035   1.13275921269   
32.0   -4.5579986051   -1.84871289097   4.91864723652   -2.7562701689   6.38307852887   1.35564859581   
33.0   -3.15090525859   -2.52415086839   4.03726907141   -2.46618894323   5.4481689316   -0.387659037048   
34.0   0.118691488277   -1.10388477959   1.11024739405   -1.46368619743   -3.1915945929   -0.444550701727   
35.0   6.23588654723   -2.95642248489   6.90121112118   -0.442712278014   -3.18894294986   -1.11423819029   
36.0   -3.06448396132   -3.80035156609   4.88198053817   -2.24940848218   -9.08989483967   -0.125619561281   
37.0   5.88812729306   0.467798075009   5.90668079875   0.0792811577581   -2.11144555584   -1.07363397153   
38.0   -3.49914661075   5.09963510841   6.18468311577   2.17217064802   4.05929608664   0.876513473853   
39.0   1.75398411251   -3.0015867336   3.47649006705   -1.04196194998   4.4857864402   0.547327958871   
40.0   -6.84789059822   -3.52277938643   7.70088178397   -2.66646560118   4.07633758854   -0.0784178772656   
41.0   1.97045011268   3.62344481844   4.12456373437   1.07272121659   6.85453193785   -1.45796739103   
42.0   -2.14063103886   8.02896333677   8.3094255823   1.83134919983   10.1029947218   2.0329217573   
43.0   -0.418495980153   2.44139991488   2.47700876659   1.74056277511   -2.1658070619   2.30245532291   
44.0   -6.24895889431   4.67254459671   7.80270211344   2.49954484431   2.04406662944   0.404254989606   
45.0   -3.71628004847   -7.66063422553   8.5144614707   -2.02246428316   2.87789125309   -2.21061722416   
46.0   -5.45333572241   -4.43607526612   7.02976772504   -2.458697583   -1.70133104716   0.688418180127   
47.0   2.06352312422   0.832644793959   2.22517977635   0.383525478975   -4.13073967563   -0.085228418069   
48.0   3.14062108925   0.751278252671   3.22922898525   0.234800969291   11.6834477986   -0.513554339582   
49.0   5.44933985971   0.814698164718   5.50990362949   0.148404837244   -5.26998769915   -0.397042056546   
50.0   6.50133153514   0.720048931732   6.54108417573   0.110304520993   0.718008218504   -0.666133408261   
51.0   1.3184300622   5.46601487943   5.62277302504   1.3341122957   -0.792661775169   -0.264336640186   
52.0   5.48262175581   -0.662545963531   5.52250925495   -0.120261584377   -13.0381496534   -1.59488077671   
53.0   -5.83382883029   2.7193789455   6.43650376139   2.70539834802   -9.65324324535   2.29473963939   
54.0   4.20157216334   -0.788619551826   4.27494203953   -0.185537577052   3.31490029746   2.13172645059   
55.0   -2.49123917001   3.07861178684   3.960318565   2.25112710809   -8.47206649619   0.933610863576   
56.0   -7.18824049925   -2.66902975882   7.66775855961   -2.78606534935   -2.19426248063   1.05996709956   
57.0   0.241435926482   -3.41000373215   3.41854015039   -1.50011203479   3.27028425385   0.429157772756   
58.0   -8.10339989998   1.66148544155   8.27197822842   2.93935989495   3.18488581952   0.220050522367   
59.0   -5.8230001711   5.88562591451   8.27936733079   2.35084585699   -3.94502810808   -0.185276886588   
60.0   2.21573759397   -1.86722719609   2.89759046229   -0.700247372606   -8.81869846021   0.538477472925   
61.0   3.54784634974   -3.8270283817   5.21855918389   -0.823235929428   -7.77921408728   -0.009006358057   
62.0   5.2589102455   -5.11257045341   7.33447432413   -0.771289273255   -2.02033162709   1.58847603669   
63.0   0.233693967017   3.67089984678   3.67833094696   1.50722089814   -5.05215576308   -1.71541698047   
64.0   -2.51586922839   5.27088165073   5.84053005732   2.01613154562   -17.6409272873   -0.68680790794   
65.0   2.81112289801   2.1931249356   3.56541847906   0.662525608064   6.0158166994   -0.35713516084   
66.0   5.08173382655   0.399966004564   5.0974495082   0.0785446819285   2.24554648991   1.07080364662   
67.0   8.03789664765   -9.52372047706   12.4623045318   -0.869803470656   -0.869923813057   1.80601611432   
68.0   -3.04990002182   1.19502763887   3.27566500131   2.76815333521   5.16400145177   0.0512774938282   
69.0   -3.8349580989   4.26435719694   5.73512388039   2.30322736332   3.60338375791   -0.784347811056   
70.0   -0.607963991592   5.26127120597   5.29628123478   1.6858406618   8.2436258038   0.813399418766   
71.0   1.82685360418   -1.32189938035   2.25495278506   -0.626385653977   7.65722784946   1.39190073053   
72.0   -7.18699809847   -1.1086740623   7.27200796506   -2.98853802158   9.27825736716   0.17568455686   
73.0   3.4070548164   6.40240749698   7.25250606889   1.0817590699   13.2532842933   0.859531086844   
74.0   -0.361215233921   -8.61927169195   8.6268372504   -1.61267967909   -2.31131658955   2.09271081842   
75.0   5.37798853981   -10.855390408   12.1145475212   -1.11081861068   5.21157244249   -0.17977392675   
76.0   -2.6957067254   -1.44974642497   3.06081679394   -2.64816560886   -1.8246960363   0.175180839098   
77.0   -1.980360221   10.0709797052   10.2638423033   1.76495930473   -2.98199477994   0.641912465084   
78.0   -4.9530875507   3.26475059213   5.93225696626   2.55882281171   3.66178000863   -0.0535647123363   
79.0   14.2285692501   -4.97960400259   15.0747682877   -0.336650073015   -1.64725369625   -1.00677697674   
80.0   -4.49203485683   -4.43644511331   6.3135110991   -2.36242052479   -3.19063483491   -1.54010067124   
81.0   1.41405822082   0.25478464635   1.43682840586   0.178267034548   -4.23501204909   0.344776760431   
82.0   1.59805357244   -5.76266746332   5.9801431014   -1.30028246745   -0.617993224513   1.78978295455   
83.0   -1.1803416231   -3.2542840692   3.46172950276   -1.9187435481   -5.0242119054   -1.63358757127   
84.0   2.62366800653   1.65368378691   3.10133904557   0.562397614218   -11.7304757028   2.35977869884   
85.0   6.68445753882   -2.03787254232   6.98819698398   -0.295916206596   -6.5664619675   -0.637146314251   
86.0   -0.704190401231   5.50358189751   5.54845003796   1.69805614318   3.95221128287   -2.70740487482   
87.0   -0.0227437225916   3.57262399421   3.57269638801   1.57716235227   3.01420621903   -0.82303878898   
88.0   -5.52632601589   2.618209961   6.11516987776   2.69914799791   -6.02020699983   0.556610555358   
89.0   -0.453504177836   -2.39336363152   2.43595063825   -1.7580602304   -7.66520999267   -1.94087540392   
90.0   -1.92229236391   -6.11210214269   6.40726154727   -1.87550761587   11.1668132189   -0.127790821882   
91.0   -2.32479246226   6.98668747634   7.36331867331   1.89201820758   -3.36824137767   1.54713958793   
92.0   -10.719219571   -2.10265333097   10.9234984891   -2.94789469868   4.132840919   1.09398604025   
93.0   -0.60778149578   1.37918951265   1.50717021547   1.98587292232   0.792761226251   -0.785935559959   
94.0   -6.62548965676   3.75923025897   7.61767191022   2.62549701837   -2.50343284654   0.281799113476   
95.0   6.19788202788   -8.47983753037   10.5033987915   -0.939634098684   -0.939962981221   0.205434505104   
96.0   6.52958918742   -6.33421562948   9.097132658   -0.770211479483   -2.8161297911   0.032517050987   
97.0   3.58308072606   -4.89966250025   6.07002142548   -0.939376675076   12.7911983076   1.62430213193   
98.0   2.13807816505   1.9103297091   2.86718290964   0.729201095084   2.24326682637   -1.07277206385   
99.0   -2.22225138454   5.68217170385   6.10126843273   1.94359980644   -3.51196815262   0.994506083157   
