0.0   0.976106738632   -0.217291589337   1.0   -0.219038901989   -0.219038901989   -0.219038901989   
1.0   0.581128331317   -0.813811933152   1.0   -0.950681844606   -0.950681844606   -0.950681844606   
2.0   0.636544628162   0.771239869533   1.0   0.880786672327   0.880786672327   0.880786672327   
3.0   0.913046413176   -0.407855669799   1.0   -0.420104282237   -0.420104282237   -0.420104282237   
4.0   -0.832158702165   -0.554537550045   1.0   -2.55378551369   -2.55378551369   -2.55378551369   
5.0   -0.929147123073   -0.369710188775   1.0   -2.76289556327   -2.76289556327   -2.76289556327   
6.0   0.615655472227   0.788015443704   1.0   0.907578829055   0.907578829055   0.907578829055   
7.0   -0.54267914416   0.839940085062   1.0   2.14441984648   2.14441984648   2.14441984648   
8.0   0.89752615123   0.440961231695   1.0   0.456669371024   0.456669371024   0.456669371024   
9.0   0.791330382265   -0.611388768383   1.0   -0.657814382862   -0.657814382862   -0.657814382862   
10.0   -0.651569875618   0.758588621841   1.0   2.28044839797   2.28044839797   2.28044839797   
11.0   -0.309353453928   0.950947128153   1.0   1.88530938701   1.88530938701   1.88530938701   
12.0   0.966531297063   -0.25654873182   1.0   -0.259449724036   -0.259449724036   -0.259449724036   
13.0   0.998713949579   0.0506995751093   1.0   0.0507213203659   0.0507213203659   0.0507213203659   
14.0   0.379617584483   -0.925143496735   1.0   -1.18141342345   -1.18141342345   -1.18141342345   
15.0   0.556047627798   0.831150428996   1.0   0.981173436221   0.981173436221   0.981173436221   
16.0   0.40882702449   -0.912611891248   1.0   -1.14962793021   -1.14962793021   -1.14962793021   
17.0   0.999999851402   0.000545156659753   1.0   0.000545156686756   0.000545156686756   0.000545156686756   
18.0   0.473511099429   -0.880787851141   1.0   -1.07752348374   -1.07752348374   -1.07752348374   
19.0   0.630106823787   -0.776508461394   1.0   -0.88910555353   -0.88910555353   -0.88910555353   
20.0   0.782792300292   -0.622283066299   1.0   -0.671655901191   -0.671655901191   -0.671655901191   
21.0   0.937184279054   0.348834670144   1.0   0.35632737818   0.35632737818   0.35632737818   
22.0   0.91386885414   -0.406009504117   1.0   -0.418083208696   -0.418083208696   -0.418083208696   
23.0   -0.97605983847   -0.217502164877   1.0   -2.92233801639   -2.92233801639   -2.92233801639   
24.0   0.744013937942   -0.668164096722   1.0   -0.731738479085   -0.731738479085   -0.731738479085   
25.0   0.104710192232   -0.994502778097   1.0   -1.46589383994   -1.46589383994   -1.46589383994   
26.0   0.77831501454   0.627873982692   1.0   0.678818627848   0.678818627848   0.678818627848   
27.0   0.745980462576   0.665967829144   1.0   0.72879045997   0.72879045997   0.72879045997   
28.0   0.804338062804   -0.59417192859   1.0   -0.636235750066   -0.636235750066   -0.636235750066   
29.0   0.981333242159   0.192315022381   1.0   0.19352066201   0.19352066201   0.19352066201   
30.0   -0.684840281311   -0.728693206427   1.0   -2.32518081797   -2.32518081797   -2.32518081797   
31.0   -0.0736638474234   0.997283128095   1.0   1.64452695855   1.64452695855   1.64452695855   
32.0   -0.6291663772   0.777270654149   1.0   2.25127657218   2.25127657218   2.25127657218   
33.0   0.384487908891   0.923130027632   1.0   1.17614330182   1.17614330182   1.17614330182   
34.0   0.742529789356   0.669813042512   1.0   0.733956974356   0.733956974356   0.733956974356   
35.0   -0.130329717365   -0.991470707975   1.0   -1.70149785305   -1.70149785305   -1.70149785305   
36.0   0.559142549241   -0.829071534687   1.0   -0.977445118049   -0.977445118049   -0.977445118049   
37.0   0.978264313888   0.207361838758   1.0   0.208877407707   0.208877407707   0.208877407707   
38.0   0.467365697161   0.884064084282   1.0   1.08448766845   1.08448766845   1.08448766845   
39.0   0.977710928658   0.209955566685   1.0   0.211529513266   0.211529513266   0.211529513266   
40.0   -0.708694803514   -0.705515184438   1.0   -2.3584428223   -2.3584428223   -2.3584428223   
41.0   0.42677563266   -0.904357539565   1.0   -1.12987192982   -1.12987192982   -1.12987192982   
42.0   0.998260450088   0.0589582376733   1.0   0.0589924484114   0.0589924484114   0.0589924484114   
43.0   -0.698559337186   -0.715552131176   1.0   -2.34417848118   -2.34417848118   -2.34417848118   
44.0   0.998201140377   0.0599540102997   1.0   0.0599899858031   0.0599899858031   0.0599899858031   
45.0   0.0545568868745   0.998510663986   1.0   1.51621233926   1.51621233926   1.51621233926   
46.0   0.70468544773   0.70951985156   1.0   0.788816609786   0.788816609786   0.788816609786   
47.0   -0.968738905255   -0.24808251338   1.0   -2.89089226535   -2.89089226535   -2.89089226535   
48.0   0.548876157415   0.835903680947   1.0   0.989777147524   0.989777147524   0.989777147524   
49.0   -0.28888673526   -0.957363282245   1.0   -1.86386011558   -1.86386011558   -1.86386011558   
50.0   0.84934046646   0.52784540543   1.0   0.556061774276   0.556061774276   0.556061774276   
51.0   0.625207576788   0.780458510061   1.0   0.89539885444   0.89539885444   0.89539885444   
52.0   0.977860144098   0.209259500583   1.0   0.210817633159   0.210817633159   0.210817633159   
53.0   0.344128248219   -0.938922653245   1.0   -1.21948615949   -1.21948615949   -1.21948615949   
54.0   0.996617454417   0.0821805910862   1.0   0.0822733765038   0.0822733765038   0.0822733765038   
55.0   0.388371923756   -0.921502712333   1.0   -1.17193215557   -1.17193215557   -1.17193215557   
56.0   0.9822137994   0.187765950771   1.0   0.188887145853   0.188887145853   0.188887145853   
57.0   -0.63074366655   0.77599125453   1.0   2.25330750952   2.25330750952   2.25330750952   
58.0   0.964664698552   -0.263480586319   1.0   -0.266628513497   -0.266628513497   -0.266628513497   
59.0   -0.289058709515   0.957311371735   1.0   1.86403975367   1.86403975367   1.86403975367   
60.0   0.842761409973   -0.538287289335   1.0   -0.568403526873   -0.568403526873   -0.568403526873   
61.0   0.860297860545   0.509791713489   1.0   0.53494266314   0.53494266314   0.53494266314   
62.0   -0.851143106572   -0.524933721659   1.0   -2.58895541216   -2.58895541216   -2.58895541216   
63.0   0.950538094041   -0.3106080034   1.0   -0.315832606928   -0.315832606928   -0.315832606928   
64.0   0.924260162508   0.381763214573   1.0   0.391703250357   0.391703250357   0.391703250357   
65.0   0.977955123133   0.208815174585   1.0   0.210363269193   0.210363269193   0.210363269193   
66.0   -0.499494115818   -0.866317279213   1.0   -2.09381105609   -2.09381105609   -2.09381105609   
67.0   0.42379319974   -0.90575897669   1.0   -1.1331672207   -1.1331672207   -1.1331672207   
68.0   0.997608343982   -0.0691201274429   1.0   -0.069175284069   -0.069175284069   -0.069175284069   
69.0   0.952359436339   0.304977874635   1.0   0.309915197033   0.309915197033   0.309915197033   
70.0   0.988472532668   -0.151400304364   1.0   -0.151984754165   -0.151984754165   -0.151984754165   
71.0   0.890188366921   -0.45559265951   1.0   -0.473037869444   -0.473037869444   -0.473037869444   
72.0   0.697335614321   0.716744753032   1.0   0.79912292788   0.79912292788   0.79912292788   
73.0   -0.245737244912   0.969336477423   1.0   1.81907651265   1.81907651265   1.81907651265   
74.0   0.61239641328   -0.790550841503   1.0   -0.911707961101   -0.911707961101   -0.911707961101   
75.0   0.963069325054   -0.269253551768   1.0   -0.272617875224   -0.272617875224   -0.272617875224   
76.0   0.906847203465   -0.421459546774   1.0   -0.43505419302   -0.43505419302   -0.43505419302   
77.0   0.968466967337   0.249141994006   1.0   0.251794211598   0.251794211598   0.251794211598   
78.0   -0.595816576768   0.803120543162   1.0   2.20907834741   2.20907834741   2.20907834741   
79.0   0.999430823159   -0.0337346960932   1.0   -0.0337410978866   -0.0337410978866   -0.0337410978866   
80.0   0.753345883195   -0.657624497926   1.0   -0.71766113496   -0.71766113496   -0.71766113496   
81.0   -0.149299454798   0.98879202707   1.0   1.72065607572   1.72065607572   1.72065607572   
82.0   -0.0128266013198   0.999917735766   1.0   1.58362327985   1.58362327985   1.58362327985   
83.0   -0.407977814002   -0.912991841849   1.0   -1.99103438958   -1.99103438958   -1.99103438958   
84.0   -0.831696922232   -0.55522988892   1.0   -2.55295330346   -2.55295330346   -2.55295330346   
85.0   -0.449284368093   -0.893388804825   1.0   -2.0367604736   -2.0367604736   -2.0367604736   
86.0   0.892726801168   0.450598333858   1.0   0.467435457531   0.467435457531   0.467435457531   
87.0   0.974280483181   0.225338723022   1.0   0.227290687001   0.227290687001   0.227290687001   
88.0   -0.61777513672   0.786354805702   1.0   2.23670653702   2.23670653702   2.23670653702   
89.0   -0.831098366488   -0.556125440184   1.0   -2.55187613998   -2.55187613998   -2.55187613998   
90.0   0.921579798043   -0.388188969239   1.0   -0.398665640213   -0.398665640213   -0.398665640213   
91.0   0.998965779324   0.0454683597539   1.0   0.0454840410138   0.0454840410138   0.0454840410138   
92.0   -0.139992826106   0.990152517867   1.0   1.71125049626   1.71125049626   1.71125049626   
93.0   0.87637669778   -0.481626290383   1.0   -0.502509466069   -0.502509466069   -0.502509466069   
94.0   0.986937950976   0.161100840855   1.0   0.161805962059   0.161805962059   0.161805962059   
95.0   0.998981295328   -0.0451261740435   1.0   -0.045141503705   -0.045141503705   -0.045141503705   
96.0   -0.0251735011341   -0.999683097207   1.0   -1.59597248745   -1.59597248745   -1.59597248745   
97.0   0.951508908164   0.307621191865   1.0   0.312691980985   0.312691980985   0.312691980985   
98.0   0.126830103747   -0.99192445518   1.0   -1.443623709   -1.443623709   -1.443623709   
99.0   0.6485976056   0.761131490618   1.0   0.865055852502   0.865055852502   0.865055852502   
