0.0   3.29995194819   -0.0706803968475   3.30070879947   -0.0214153395428   0.105907953699   0.918402971075   
1.0   1.37736984884   1.54825414943   2.07225447562   0.843741396765   0.669672438531   -1.40830152622   
2.0   3.01730078317   0.17741522995   3.0225122299   0.0587316953186   0.203474040415   0.0862332557966   
3.0   2.83747324926   1.48013160623   3.20031936094   0.48080715769   1.30898365638   0.491947555697   
4.0   -0.0628973765051   -3.00498722295   3.00564540324   -1.59172426725   -1.25325664171   -0.647435658768   
5.0   -1.0492471667   0.702499624381   1.2627055631   2.55161222427   1.71018933336   -1.16326522049   
6.0   0.774955357954   2.30266297851   2.42957045574   1.24615586032   3.11300212199   1.86304911654   
7.0   1.53975033402   2.94211047397   3.32066938014   1.08864453621   0.557128671653   -0.323954608362   
8.0   1.94991447064   -1.84731089789   2.68602382645   -0.758384066821   -1.14057199923   0.707116733244   
9.0   1.46731583286   -2.5486248849   2.9408339901   -1.04841477621   -0.579419505959   0.310449533251   
10.0   1.06116938106   0.345647509691   1.11604330393   0.314885889356   -0.692747745539   0.136879539192   
11.0   1.37418122847   3.00527975287   3.30455449973   1.14192498495   1.54128260523   0.777631659018   
12.0   2.80600945453   0.863670752881   2.93591829387   0.298591135709   1.72735190803   1.64644264227   
13.0   3.29518913673   0.826619149569   3.39728872268   0.24578448567   -0.24181697218   -1.47834761269   
14.0   0.657060905103   0.326580400908   0.733746408013   0.461270519536   3.39266050986   2.29135554351   
15.0   3.03083930298   1.30404198516   3.29947153034   0.40631553515   -0.637611013455   -1.07763377398   
16.0   0.248441954605   -1.16329300998   1.18952681007   -1.3603894694   1.7808699312   2.40386218482   
17.0   0.443146119664   -0.773585167634   0.891522571199   -1.05058141657   -3.95597792777   -1.75377160978   
18.0   -0.570572940199   -1.88419319496   1.96868927869   -1.86483902191   -4.26389876618   -2.37648691648   
19.0   -1.421290548   0.0823976296208   1.4236769968   3.08368366119   -4.32269114782   -0.640515828355   
20.0   3.61805247989   0.289045211547   3.62957998694   0.0797204093467   0.1499938936   -0.19133363586   
21.0   0.830525325273   3.09730764734   3.20672527326   1.30881492983   1.11032934591   -0.489674601827   
22.0   0.271027210628   -1.49976521628   1.52405756218   -1.39201276091   -0.129179834613   2.7997333674   
23.0   0.784880673674   -1.9480933829   2.10026319788   -1.18779516855   -0.968715146169   -1.04268992648   
24.0   0.841245189194   -2.66299111574   2.79270749468   -1.26481480516   -1.14413490852   1.6812263049   
25.0   0.0526359572203   1.83846462882   1.83921796844   1.54217375686   1.7027792884   -0.223243018495   
26.0   -0.0281915439711   0.304106490419   0.305410413487   1.66323499886   5.93147472932   2.29168673592   
27.0   -1.1786828692   1.53973338352   1.93909055964   2.22415080439   3.6061315316   0.795973814595   
28.0   2.76212770429   1.55111167913   3.16785367338   0.511678203456   0.541627133563   -0.617659659298   
29.0   2.90222996593   1.43309343305   3.23677239902   0.458667638554   0.796601636037   1.23344057318   
30.0   -0.699514362738   -3.62383621004   3.69073288398   -1.76148246822   -1.94209563843   -0.624822543231   
31.0   -0.281040195604   3.68530246517   3.69600295608   1.64690874647   1.62531215272   -0.593941539767   
32.0   -0.0925800875132   3.20331758217   3.20465514601   1.59968959794   1.28068369111   0.609900480666   
33.0   -1.66690291756   1.70577682585   2.38500312708   2.34466888151   3.03903028755   -0.42193594582   
34.0   2.77163669468   1.88608997753   3.35250732596   0.59751631391   -0.246456257733   -0.743260150641   
35.0   2.73814895678   -1.17689801269   2.98036048856   -0.405942076453   0.231202360286   0.20080994992   
36.0   0.284232170147   -3.6153182991   3.62647409068   -1.49233885691   -2.19535665349   -0.808786615364   
37.0   2.20567550216   2.80105639311   3.56523790766   0.903758411862   0.882359890677   -0.666274528094   
38.0   0.305770813043   3.65318654261   3.66596067971   1.48729121284   1.4945373829   0.255054075817   
39.0   2.18142668081   1.45173927235   2.62033762684   0.587194417898   -0.752557182095   -1.95054816137   
40.0   -0.881756961609   -2.16121086083   2.33416531641   -1.95817340351   -2.60121708379   -2.60889945157   
41.0   1.93186166715   -0.995028046224   2.17305552478   -0.475624275069   0.843100415772   0.690984124351   
42.0   1.5330808001   2.17576767225   2.66163515593   0.956979063005   1.54551693549   1.31242529149   
43.0   -2.87086448015   -1.73355226865   3.35366461226   -2.59835199172   -1.8257493019   1.57206536145   
44.0   0.107619815737   2.19229798906   2.19493792568   1.52174574481   1.78401049855   -1.15497174866   
45.0   2.0654065322   -1.13877296711   2.35853938146   -0.503883200696   -0.673667236329   -0.00960399559987   
46.0   0.711414578397   0.486222466194   0.861697736442   0.59953792492   -2.62569903767   -1.83014536303   
47.0   0.508142500581   -2.00798889727   2.07128660799   -1.32293935514   -0.841616446373   -0.809429798721   
48.0   -2.31097001121   0.470013689676   2.35828226919   2.94094563907   2.87242312893   -0.550413380437   
49.0   0.400537973983   -3.32593842412   3.34996971175   -1.4509449462   -0.933775885048   -0.0934441808653   
50.0   1.33597749354   -2.04755551308   2.44485570993   -0.992683620727   -0.775330656279   1.25062586506   
51.0   1.11406147018   2.28043181306   2.53801146832   1.11636600092   2.5959704623   2.55370198196   
52.0   2.74437982911   -0.855761600532   2.87470843102   -0.302268262842   -0.215038243026   1.55942521149   
53.0   -0.0902105220721   -0.799046835323   0.804122990178   -1.68321796698   -4.21420197145   -1.51036226051   
54.0   3.12990646717   -1.63677444698   3.53204545321   -0.481836046565   -0.141423835184   0.575252959579   
55.0   -0.389305139321   -3.61040693942   3.6313353962   -1.67820991398   -2.21486598017   -0.229060466886   
56.0   0.333111913756   -1.86961521217   1.89905886919   -1.39447518817   -3.04423799216   -1.55078839707   
57.0   0.185589200996   -0.521782789479   0.553805589465   -1.22906781337   -2.48733306719   -1.578659845   
58.0   0.391805995403   2.07502514399   2.11169156987   1.38417362989   2.75064616396   1.46357229212   
59.0   -1.02573041142   3.23727504219   3.39589054236   1.87763920986   1.0540425092   -0.874448299671   
60.0   -2.02179027594   0.053848863025   2.02250726079   3.11496470116   -3.61452780548   -0.548745464744   
61.0   3.43344560971   -0.375465534277   3.45391417414   -0.108922506983   -0.106341514239   0.846411894645   
62.0   -0.693303503137   -1.54800000922   1.69616443071   -1.99187792963   -4.1516809665   -3.01754984039   
63.0   0.689513793482   0.94963114096   1.17355382292   0.94277671973   2.21233390038   -0.00657740938758   
64.0   0.255313605397   -0.646721096096   0.695293616566   -1.19479662765   -3.00214430111   -0.699785472079   
65.0   3.44566903251   0.0274497435611   3.44577836925   0.0079662795908   -0.634048585637   -0.333324632301   
66.0   -3.18477183498   -0.280644415406   3.19711321801   -3.05369896139   -3.71961977907   -0.948944449299   
67.0   0.814876235613   -3.8412598885   3.92674175499   -1.36175755683   -1.64448176326   -0.391825858579   
68.0   1.51987803687   0.102219865161   1.52331157279   0.0671541773224   4.20577213158   2.64351531654   
69.0   0.0752069838912   1.35012942279   1.35222244794   1.51515029691   0.294319548317   -2.58532648111   
70.0   0.366780306671   0.83829321515   0.915020933055   1.15835882659   2.24055376697   -0.802352259763   
71.0   0.53437759825   1.04599752472   1.17459364856   1.09848387648   2.33578475896   0.04045090849   
72.0   -1.12659376233   2.37364005719   2.62742851975   2.01394032008   3.07834905023   0.572682701778   
73.0   0.705905902614   3.74781675374   3.8137165027   1.38462618159   1.45986181809   0.164404702083   
74.0   2.45892812327   -2.12062933458   3.24705963759   -0.711660595207   -1.5638139948   -1.02221729825   
75.0   2.98543542516   -1.92407452895   3.55174428567   -0.572489930522   -1.42431667706   -0.988258222816   
76.0   0.781170247271   1.04441859175   1.30423814927   0.928610129492   3.42212639206   2.0378161516   
77.0   0.754487437955   -0.45344227767   0.880262002593   -0.541149920333   -2.9701390285   -1.28319193726   
78.0   -2.47020112348   1.35161805817   2.81580627274   2.64092537251   1.63925663888   -2.12112618671   
79.0   3.60097719568   -1.35140764273   3.84621104213   -0.359024140674   -0.175929572741   0.580897012432   
80.0   0.444377540866   -2.25999580297   2.30326994256   -1.37664555645   -3.39703984967   -2.34513928146   
81.0   -1.2325768639   3.62024705136   3.82432143502   1.89895393011   2.0212566282   0.484116005736   
82.0   1.07507330947   2.6854506439   2.89265064976   1.19000329983   -0.151489776945   -1.2644132817   
83.0   -1.52013153084   -3.48575092277   3.80279625626   -1.98203001074   -2.44957990298   -0.51556075379   
84.0   0.159828694915   -0.415122396207   0.444827849343   -1.20327369612   -8.09347229066   -1.95121304922   
85.0   2.1340489063   -1.95973541892   2.89736563911   -0.742843831982   -0.86386194677   -0.501354418235   
86.0   1.86695484402   1.95505288848   2.703285443   0.808444282896   -0.186450601566   -1.19786825469   
87.0   2.01958590546   2.83139833352   3.47786482667   0.951211675159   1.54791075015   0.854860270695   
88.0   1.10220671045   0.751769788974   1.33417294538   0.598583135143   -1.53717911059   -2.29643621291   
89.0   0.998150509154   0.158952439537   1.01072761759   0.15792093789   -5.2193776273   2.00942139676   
90.0   1.81896533377   1.48936744506   2.35092540755   0.686099244802   0.738174430674   -1.62041282904   
91.0   0.2473571733   2.39324703543   2.40599603985   1.46780571504   2.18253267677   1.18873727746   
92.0   -1.58284736162   -1.37763141952   2.09839798376   -2.42540228069   3.99031799651   -0.726840006263   
93.0   3.56409885421   0.289708418776   3.5758539694   0.0811068622484   0.358790915991   0.573086057655   
94.0   0.93020905582   0.333093001911   0.988048498532   0.343858391529   -5.1453472202   -1.88285766293   
95.0   3.02468028096   -1.10629962623   3.2206505034   -0.350643175862   0.150160771353   0.364355277729   
96.0   2.88037801176   -1.68952059423   3.33931989018   -0.530480096061   -0.316768542561   -0.0337971843357   
97.0   1.55538957841   -1.17775338302   1.95098430846   -0.64809827081   -0.58774018257   2.29457933158   
98.0   2.29811074878   -2.509853135   3.4030391965   -0.829409653061   -0.347781181188   -0.136458719368   
99.0   1.68685052512   1.57615245365   2.30861890559   0.751485956364   2.73292562988   2.52032683907   
