0.0   1.56583934475   -0.0863399824284   1.56821792048   -0.0550839647423   1.07203738605   1.94541032682   
1.0   6.34772469717   2.98077548479   7.01274777258   0.439018232842   0.766368944668   0.930574776433   
2.0   2.0426517729   4.33001590166   4.78763657497   1.13000931375   3.12948461538   1.87174722446   
3.0   4.81564112546   3.25405754347   5.81199534974   0.594248770907   4.25971678642   2.21989444258   
4.0   -2.30302424964   0.0208137768571   2.30311830086   3.13255531488   -4.89546828192   -0.479080293892   
5.0   -2.54794444463   3.4746181948   4.30871123337   2.20352478075   -0.103893549892   -0.834375435961   
6.0   0.140544312082   2.61471311352   2.61848761114   1.51709667168   7.16420429097   0.142050413925   
7.0   0.772007151114   2.49485927847   2.61157382832   1.27070240957   1.25513749958   1.00315258394   
8.0   2.90462805635   -1.10562114679   3.10793537031   -0.363707195612   3.34071622588   1.54660399331   
9.0   5.06103409332   -2.49729687735   5.64362984145   -0.458382706655   0.324203363359   1.67681682175   
10.0   4.52604695968   1.25525114243   4.69688796032   0.270539827812   1.31039635746   1.7317481972   
11.0   0.0264439788388   -0.619790783652   0.620354656239   -1.52815621184   6.18927497264   1.37450186297   
12.0   -1.50604443231   1.36150220102   2.03023596546   2.40655810026   2.66088781109   -0.623320191389   
13.0   7.74207567483   -0.900675616786   7.79428972527   -0.115814559892   -0.974178438589   0.501194497242   
14.0   -2.08766906887   2.74291979384   3.44702351842   2.22137124347   1.4700905105   -0.532094501577   
15.0   1.04058086067   4.79115097037   4.90284979869   1.35692970889   2.67562080925   -0.0377453524015   
16.0   2.74573993924   1.86807690288   3.32096358442   0.597419122327   2.7245377407   1.80209957596   
17.0   -1.82669559837   1.6296563509   2.44797806998   2.4131407194   -3.59240600074   -0.659551924882   
18.0   -0.919027453946   0.816381433734   1.22926405074   2.41527369024   -5.2466947004   -1.67145802829   
19.0   -1.93059321161   0.143619791284   1.93592788945   3.06733789541   0.537744086222   0.771152332179   
20.0   3.42984771771   -4.55428619946   5.70134880123   -0.925312097464   -1.02120851688   0.493132503897   
21.0   4.54076756753   5.75666449737   7.33196810124   0.902931633095   1.29461426198   0.626608588099   
22.0   1.4250502735   -1.94636202912   2.41227971645   -0.938810305722   3.17769494014   -0.662704342966   
23.0   -0.359347880561   -2.5591440321   2.58425019615   -1.71030144067   3.9573003853   -2.24289955066   
24.0   0.668213873817   -4.43630546734   4.48634773292   -1.42129621045   -4.77641806894   -0.412898754894   
25.0   1.57923161359   4.25041906753   4.53431745017   1.21505613563   -1.69143796669   -1.5098134565   
26.0   0.317637770926   -1.65036398934   1.68065316196   -1.38065607362   3.70691507111   0.407875017776   
27.0   -5.4458750723   3.64057208987   6.55067328178   2.55232130871   2.17278852432   0.0333155427134   
28.0   1.81595056003   -1.78440311489   2.54593222866   -0.77663606927   -1.42814331587   1.76464779971   
29.0   2.0095581689   1.26222231299   2.37308432248   0.560832141904   3.54338101269   -0.51289444364   
30.0   0.671905692406   -7.59067742848   7.62035701806   -1.48250920854   -1.70036370015   -1.64077483899   
31.0   0.219958193026   3.49873838899   3.50564572102   1.50801109719   3.94525383586   -0.516227345387   
32.0   -3.20046631653   4.23108220878   5.30519003436   2.21839225378   4.2875449291   0.399528985116   
33.0   -2.41770556057   -2.38323772395   3.39486704106   -2.36337375526   4.50704474623   -1.23373310067   
34.0   2.83944883512   2.46812625409   3.76219575426   0.715551099154   -5.3767277484   -0.423239316356   
35.0   8.3547966721   0.14156256922   8.35599589475   0.0169422464511   0.347943484494   -0.086018876572   
36.0   -2.64387188267   -3.24213603638   4.18347996414   -2.25490060687   -3.25904303953   0.512974413217   
37.0   6.42381206292   4.23196475096   7.69252150293   0.582532029946   1.62824578426   1.61534484158   
38.0   -3.28591508824   4.43478781585   5.51947288595   2.20847427073   3.56517265161   -0.999193590251   
39.0   3.8668692192   2.30846766434   4.50352090211   0.538200543796   0.0778335305877   1.29751283423   
40.0   0.313275408506   -2.01640721124   2.04059783473   -1.41666540044   3.36712767658   2.46557052432   
41.0   1.63248345644   2.33164238823   2.84632367487   0.959974292143   1.13398003474   0.472601250272   
42.0   0.642504949107   5.11901323929   5.15917717797   1.44593582561   0.910675158649   -0.0862406159842   
43.0   -2.62677135036   1.25307807139   2.91034918525   2.69648022574   -3.6301459081   0.507407516068   
44.0   -3.47029637498   0.382961646663   3.4913631368   3.03168321291   2.5672766336   -0.803810282296   
45.0   1.87993990629   -3.28553847528   3.78535825568   -1.05107923349   3.10593304645   1.06461184611   
46.0   -3.77970245042   -2.04086736126   4.29549650215   -2.64649461545   -3.07941492008   -0.497627049049   
47.0   3.81476512432   -1.58734965844   4.13184122298   -0.394313967525   0.224186559691   -0.626006850119   
48.0   -2.90165050649   0.648504525222   2.9732362471   2.92171110509   11.0057390356   2.61361572326   
49.0   3.77696511663   -2.55601472324   4.56055662805   -0.594942494465   1.98264243606   1.10212601031   
50.0   3.97965538149   1.65867925484   4.31148162769   0.394895923056   0.810775046841   1.4372605933   
51.0   -3.44814123292   0.94738558745   3.57592189701   2.87345651197   2.87455985787   -0.554623129702   
52.0   3.78293197235   1.42966840401   4.04407295345   0.361333472415   -6.5138024144   -0.584077460978   
53.0   -4.30528339168   -0.420100661535   4.32573111144   -3.0443226562   -3.54408405574   1.05116688375   
54.0   7.04328062338   -5.1613702367   8.73198400479   -0.632406932278   -0.0238141664608   1.05217404584   
55.0   -1.73165959788   0.18553650678   1.74157077326   3.03485609608   -6.72605513903   -2.38687477558   
56.0   -0.426064684873   1.09423292703   1.17425585555   1.94210800394   -5.00551189371   -1.14249899051   
57.0   3.25669669149   -3.23410448353   4.58971732798   -0.781917527323   -1.9658652163   -0.907347117367   
58.0   -2.84277655514   3.47130557303   4.48679628731   2.25697733904   4.55127497139   1.6151363324   
59.0   0.581771796639   4.76298843967   4.79838694769   1.44925409867   -3.81730871225   -1.56452322007   
60.0   0.0370930153464   0.662051526014   0.663089824145   1.5148274568   -6.68833770178   -0.601989228854   
61.0   2.18153186827   1.14650427741   2.46445802367   0.483878138448   -4.12458936769   1.67400025986   
62.0   2.45157614   -5.01555680911   5.58265489491   -1.11615330681   -5.9024502973   1.80289429266   
63.0   3.95852091534   -0.360545519761   3.97490640254   -0.0908302533408   -0.285815147453   0.620828636092   
64.0   -1.96009237149   1.49297676283   2.46392810754   2.49065376433   -10.6091103905   -0.92165224418   
65.0   1.38102619131   3.02070165997   3.32142617856   1.14198160634   3.16275307531   0.0563364412351   
66.0   0.31402853299   -2.08739198231   2.11088114477   -1.42147548802   0.111474793208   0.968232829641   
67.0   2.93426383308   -5.080354735   5.86684825742   -1.04703227449   -1.18509036742   -1.65504113725   
68.0   -0.398239138801   4.34931561168   4.36750966819   1.66210535266   1.31721012304   -0.136466500447   
69.0   0.551817242434   6.22912925767   6.25352329314   1.48244039429   1.20087866244   0.776380277436   
70.0   -0.910291266016   1.19867858657   1.50514469168   2.22029414475   6.65917975913   2.21427259389   
71.0   -0.856146683708   0.717291332158   1.11691270886   2.44421610701   3.20923962397   0.928123666959   
72.0   -4.4972386047   1.07691954991   4.62438220572   2.90655605552   3.51065637171   -1.28442072206   
73.0   -3.06645253717   5.41007995155   6.21868927065   2.08644894253   4.36311864678   2.22199438153   
74.0   2.89197614612   -6.98332926184   7.55846635297   -1.17817223932   -1.47660534905   -0.077615295989   
75.0   4.07673521954   -4.38131669056   5.98462246038   -0.821393439641   5.22368998647   0.942618427419   
76.0   -3.74981620369   1.37176716451   3.99285195256   2.79089217975   1.56813191054   -1.37603312303   
77.0   -0.388569738507   1.7077509751   1.75139939324   1.79452042319   -5.37446770108   0.296887722873   
78.0   0.887912463893   2.07386587104   2.25594951065   1.16626601181   0.280415716898   0.747425033792   
79.0   8.96421622074   0.809136148052   9.00065962907   0.0900189552123   -0.103426046693   -0.881548587601   
80.0   -3.10889178812   -1.95594954942   3.67300242174   -2.58001687289   -3.57695751268   -0.172773426587   
81.0   -0.770080658672   5.1212623473   5.17883695928   1.72004743307   -3.02315778545   -1.15886472363   
82.0   4.09540233232   -1.02210811919   4.22102182781   -0.244578182297   0.172116480494   2.12532840975   
83.0   1.722744172   -6.23171571921   6.46545654128   -1.301084596   -0.964263667242   0.997885589273   
84.0   -0.0678970400327   0.767691904256   0.77068856739   1.6590098818   -12.1967720334   -1.41610108961   
85.0   2.36248256792   -4.85547669777   5.3997201637   -1.11795810786   -3.33881988377   -2.39227758891   
86.0   2.48871864417   2.87351116238   3.80141906268   0.857035163862   6.170296656   1.01804075125   
87.0   1.58812161803   -0.232852356825   1.60510139671   -0.145583907699   6.25007124282   2.15303052789   
88.0   -3.90040884407   1.96240189117   4.36625816155   2.67544639265   -4.40965951831   -1.26774664601   
89.0   -1.18394049053   2.09171899543   2.40353977312   2.08585053555   -4.44090830719   0.937870975516   
90.0   1.65848691153   -0.739713541026   1.81597217998   -0.419536820461   6.48612402738   1.82195055529   
91.0   -2.0314914296   5.16199915013   5.54735907027   1.94572778521   2.87348403899   2.90387309074   
92.0   -3.62311581712   0.598904101666   3.67228189921   2.97777317855   3.77121044364   0.14377755571   
93.0   0.778442843528   2.4095761672   2.53219876119   1.25831814906   -3.05762155737   0.731562033481   
94.0   1.86128005976   5.34503160485   5.65983447795   1.23570260075   -4.57378494729   -0.862098826957   
95.0   5.68014844083   -4.83986540066   7.46246496852   -0.705692673548   -0.420687586683   0.530960166436   
96.0   4.55723866695   -1.29508498851   4.73768608025   -0.276882402113   -1.5612512432   0.535053771796   
97.0   2.24252190378   -2.92935105466   3.68917363245   -0.917426481851   6.63102867047   1.25625793507   
98.0   4.29845338089   -0.199535417995   4.30308213386   -0.0463869822172   0.689241555474   0.488511891105   
99.0   -0.33010727405   2.6583136537   2.67873147102   1.6943430717   4.74792421816   0.82953947096   
