0.0   2.83524111777   -8.98888471494   9.42542522194   -1.26525678959   3.2010347144   -2.23707867   
1.0   9.46218637275   6.89950981548   11.7105169248   0.630033834936   11.222010075   -1.44953226493   
2.0   0.334010625323   2.22070313229   2.2456815223   1.42150777361   -6.20634657637   -1.4331272886   
3.0   2.7626897559   -12.2094263468   12.5180887681   -1.34826851199   11.0744693398   1.52981059556   
4.0   9.43363923008   -8.58257064852   12.7535903988   -0.738194208039   -13.6784418883   0.0575417666024   
5.0   -9.40393597175   4.68437142575   10.5060624125   2.67944311752   5.27505907062   1.2654370585   
6.0   -1.04506119039   15.6949768668   15.729731458   1.63728389247   5.24663252981   -2.08847819105   
7.0   -7.56219898743   18.1740913305   19.6846246907   1.96510261355   21.5122905473   0.422539771529   
8.0   -5.68697292335   -1.52823484992   5.88873184883   -2.87906906759   -11.836549019   -1.53226405982   
9.0   6.80257731656   3.14389346897   7.49393917056   0.432921781194   -15.0226451278   -0.489027721825   
10.0   8.49585919549   18.7447776141   20.5802407973   1.14525233715   6.34344086056   1.13904043538   
11.0   -1.84431775866   -7.40848778781   7.63460537926   -1.81478329807   8.84243977763   -0.465137597639   
12.0   -1.21936418095   12.5677488392   12.6267636349   1.66751686877   3.27944033949   2.86531300704   
13.0   -1.32002163772   -6.9291161566   7.05373006541   -1.75904429092   -0.387192149181   -1.21867053723   
14.0   7.26898573908   8.53409899191   11.2102185206   0.865282629639   -2.16105371664   1.04675707128   
15.0   -2.38011622641   7.2206500667   7.60281136403   1.88920685678   10.4714662714   0.328210214242   
16.0   6.06054346548   -6.62435669506   8.97843464755   -0.829816517059   -6.33063102058   -0.38827025581   
17.0   -5.06506575296   6.55305434655   8.28235548323   2.22881313908   6.9615504916   0.268061412309   
18.0   1.70111215017   10.0654489187   10.2081851709   1.40337328824   7.94380454032   2.1900609811   
19.0   -0.0620288177686   -4.03387942958   4.03435630883   -1.58617207875   9.57598809103   -1.96443443675   
20.0   5.77563154396   -8.97405414466   10.671999228   -0.998938885046   4.93273019757   -1.57310412754   
21.0   4.09015064503   -0.577252345822   4.1306842738   -0.140206296648   -12.1949425974   2.72076168396   
22.0   -17.0412899332   -11.415465827   20.5114217604   -2.55137494915   4.67154615703   -0.887416760448   
23.0   -4.67218323606   1.7760963965   4.99838119805   2.77832094674   -5.63228192378   0.464492612762   
24.0   3.97276372021   -9.44071229944   10.2425534071   -1.17247841135   -4.24236554868   -0.550125714041   
25.0   -3.81229572974   9.36914022442   10.1150574529   1.95723611076   -7.96292404222   -0.743929730996   
26.0   -12.3214933149   -5.75480608005   13.5991540372   -2.70464725268   10.1325412516   0.0522418513917   
27.0   6.032455083   -2.66957373569   6.59675209923   -0.416628885536   -1.54078270179   -0.25173504889   
28.0   12.7576103884   6.97492164983   14.5398127513   0.500326371382   3.44785655996   1.8783070425   
29.0   14.4656075752   18.7047465767   23.6457469118   0.912508167394   -1.09803235664   -1.9211152655   
30.0   -4.63124152901   -16.7460545866   17.374658049   -1.84060965267   -3.64032185708   2.25847944863   
31.0   10.723770658   10.6543803513   15.1167151788   0.782152323145   8.32377699464   1.11272539804   
32.0   8.88612970024   -11.5021530346   14.534883057   -0.913011030168   10.2374451226   -1.22839119383   
33.0   0.0208842960008   1.87928850355   1.87940454224   1.55968391041   11.3862117593   -0.325346991309   
34.0   7.0497005706   -5.72429205389   9.0810680899   -0.682009764398   17.3827564578   0.187306325997   
35.0   3.55501643255   -7.15461914291   7.98916246648   -1.10964455017   -5.11670593113   -1.0443582254   
36.0   -0.656719238212   -5.73437114385   5.77185347815   -1.68482287283   -4.5271535068   0.10817433836   
37.0   -5.25964282354   -7.92378471673   9.51053136625   -2.1567971925   6.05404843522   0.869257528645   
38.0   -2.15813862805   8.53267046584   8.80136509961   1.81852745729   6.00109851584   -0.703401698831   
39.0   -0.157926062888   -7.52095455217   7.5226124463   -1.59179138226   -8.03272811765   -0.072547015875   
40.0   -7.03535991667   -19.8872292502   21.0949798864   -1.91081927689   4.5696413963   0.03730229969   
41.0   1.12752365225   -1.87575392089   2.18855257148   -1.02956527415   20.1720806288   -1.44386122692   
42.0   -6.6777527652   8.38349696392   10.717994371   2.24342118282   20.8085485754   -0.192981272399   
43.0   -10.6048392585   -7.96969071599   13.2656920591   -2.49712295457   -5.34537868565   -2.88953739589   
44.0   -13.4356557693   5.89377740713   14.6715186016   2.72820320466   8.60631147733   0.0840217473864   
45.0   -11.7784675959   -10.8876413042   16.0397329178   -2.39547639987   6.38707029719   1.89610597914   
46.0   8.84149651158   -8.1770472232   12.0430960245   -0.746375319026   8.94998539688   1.61542389994   
47.0   -4.50594630058   2.85365339966   5.33356257947   2.57704109393   -9.52760120948   0.203836450812   
48.0   10.2670839843   -9.62842339171   14.0754946823   -0.753308438561   0.777473412154   -1.92007264334   
49.0   9.18455690388   1.76153044486   9.35195567936   0.18949155974   -1.02820292345   -0.262143176963   
50.0   9.93771763589   9.48111108029   13.7349808565   0.761888896221   -1.14142644465   0.631359932716   
51.0   3.37996331689   0.222465424939   3.38727661829   0.0657240884412   -11.2717564255   0.811029747055   
52.0   -3.2760741027   -2.73650204984   4.26861862846   -2.44569531982   -11.5704921651   2.82089019194   
53.0   -2.72198891948   1.21565728209   2.98111494332   2.72156454852   0.662072044364   -0.467779352347   
54.0   9.7038057614   -8.1514958809   12.6732289237   -0.698677892524   6.48297193331   1.63305037235   
55.0   3.7692345291   -1.27579946988   3.97929556865   -0.326372754276   3.06943695546   1.38681500939   
56.0   0.436640576633   0.453278599407   0.629377852997   0.80409209095   -5.19418213353   1.30746773643   
57.0   2.03166839126   -7.92323952708   8.17957218047   -1.31978552657   7.72805212715   -0.37947070926   
58.0   -3.17777688697   3.31155479673   4.58962537852   2.33558235783   -4.87990290475   1.12340451687   
59.0   -4.08635592826   1.99959341302   4.54936023962   2.68651409225   -4.61956756491   -1.18686263526   
60.0   -10.2724152284   -3.95473346952   11.0073807711   -2.7740962229   -13.0573678665   -1.84336376932   
61.0   5.59064883724   -4.99241638125   7.49530357925   -0.728930922835   7.43246684308   1.74823884936   
62.0   0.851129451396   -10.0938974586   10.1297180241   -1.48667413097   -12.8394944573   0.944352555159   
63.0   -1.96823761736   15.212027785   15.3388313978   1.69946840515   3.22648675555   1.3863913417   
64.0   -1.98052782808   18.4716831158   18.5775554799   1.67760794313   -23.3175429872   -1.30401085697   
65.0   11.0684716301   4.54014728598   11.9634443871   0.389257627694   6.38245985349   0.128857406704   
66.0   -4.5474822956   -4.07575269166   6.1066648207   -2.41084450087   -8.00921717553   0.581906019208   
67.0   16.2192777405   -1.92547982402   16.3331700222   -0.118162478053   2.125034528   -0.510905214932   
68.0   -1.73955905767   -8.22241907257   8.40441795248   -1.77928496398   -6.11570178222   2.46488660487   
69.0   -6.11751622006   4.78158721084   7.76450777303   2.47815849946   5.98744129565   -1.69421242379   
70.0   -3.91099614987   13.732159783   14.2782387986   1.84825568831   27.7564346406   1.46752274   
71.0   2.40947626117   3.12148573513   3.9432536119   0.913425625356   -0.302802300062   -0.90042050099   
72.0   -7.18565915203   -1.29989051201   7.3022881888   -2.96262745424   14.3068987723   1.5897070231   
73.0   2.94603642449   4.51110614642   5.38787613802   0.992270881507   21.3251930026   2.64506510187   
74.0   -5.21015668366   -12.5994106715   13.6341806479   -1.96290655017   -11.0825181096   -1.06708349237   
75.0   -4.02378153131   -17.6387151267   18.0918514567   -1.7950804774   10.7772983432   1.31001689625   
76.0   -14.4708727256   10.0254944488   17.604451039   2.53571181958   4.51061283406   2.16898247699   
77.0   -2.10625146818   4.03454002385   4.5512425173   2.05193179553   -21.9757002634   -0.606891459088   
78.0   8.90867036088   3.21261600904   9.47023279652   0.346101488458   19.0373944934   0.0862938215786   
79.0   12.8470342649   -11.0483773969   16.9444071158   -0.710267782639   4.69329675513   -0.647699065568   
80.0   -10.4056363172   6.15388106973   12.089148828   2.60752155314   -8.19897216226   -0.41691644949   
81.0   -0.211829898766   4.1103324345   4.11578724282   1.62228672656   6.53603746758   0.499646026812   
82.0   2.97801691317   -8.95539091174   9.43756383381   -1.24976082511   3.71528011234   0.115201935045   
83.0   -9.08668726571   -9.63296982525   13.242431541   -2.32702047469   10.486630869   0.304906278311   
84.0   -5.70160457553   3.52164511815   6.70151319285   2.58828997183   -23.425792012   -0.835611276661   
85.0   12.269128057   4.37909304016   13.0272007405   0.342825979678   -7.43068544891   0.706182748577   
86.0   6.64677853547   4.50668915913   8.03056113087   0.595825633997   18.3200871439   -0.304587419962   
87.0   -0.228487420222   9.30379679443   9.30660202723   1.59534990494   -1.37946419878   -1.216894834   
88.0   -15.2620919089   -3.17036546026   15.5879012887   -2.93677738502   -9.43679031617   0.88056929423   
89.0   -10.9139425333   -5.34132908076   12.1508821889   -2.68645757587   -15.2391987834   -0.414313788982   
90.0   -8.06262562145   -0.82845545025   8.10507682534   -3.03919944008   16.0977630361   0.947449007061   
91.0   5.14687703515   10.019445195   11.2640856367   1.09625772428   2.56928009535   -0.0732100186417   
92.0   -19.7933618706   3.66150862326   20.1291783126   2.95867375073   17.2544353677   -1.25986189393   
93.0   -11.9472912559   10.7088630814   16.0442362501   2.41080203393   4.53929701591   -0.292055687329   
94.0   -16.0379529224   9.1638523286   18.4713866139   2.62247907597   -20.7100564083   -0.960311157778   
95.0   11.7565179726   -12.1187353191   16.8842962713   -0.800568245817   1.32131736065   0.0296652377659   
96.0   4.81175143872   -10.5672075151   11.6111509582   -1.14350433232   -18.570005043   0.31707522482   
97.0   10.2429802255   11.0301286261   15.0526536334   0.822383329   15.0090136387   0.619691113049   
98.0   7.17570971847   11.7938187656   13.8052515747   1.02420155571   8.9762156746   0.89927106794   
99.0   10.8804518621   0.165177863493   10.8817055856   0.0151799923349   2.34431451077   0.662422046963   
