0.0   -6.19904154425   -14.4790140067   15.7502369085   -1.97532336838   9.68126963677   1.37264420336   
1.0   7.20078064221   1.04380198196   7.27604043658   0.143954092333   10.0386607214   1.83435312359   
2.0   3.12128612564   6.91438839978   7.58625032682   1.14676300651   -2.92871201956   1.51436942712   
3.0   3.14353450595   -12.7442231558   13.1261964421   -1.32896036932   4.48716387886   -2.22975429906   
4.0   7.37744168494   -13.027514558   14.9713987781   -1.05552722091   -21.1540623402   -1.00310857736   
5.0   -10.043969732   10.3209057765   14.4014729811   2.34259661794   2.17433983491   -2.41025141116   
6.0   -5.61633726611   9.53813405135   11.0688411981   2.10296193258   3.72264234654   0.924639111188   
7.0   -6.00676202479   17.6318691294   18.6269696682   1.89914103553   24.7746040481   1.33672548489   
8.0   -1.45325240917   3.80049972874   4.06887462979   1.93602536053   -12.1048449626   -1.86109116598   
9.0   7.95467526317   -0.99092244205   8.01615779714   -0.123932645285   -7.99475233259   -1.290066246   
10.0   12.2369229769   13.9968379969   18.5917658616   0.852383676954   -0.715441355618   -0.888643685671   
11.0   -1.05441579282   -2.12175254862   2.36930929634   -2.03200506635   14.1255759586   0.274800330295   
12.0   -6.34195237399   14.1553329052   15.5110866663   1.99200717804   9.42696950297   -0.94671121831   
13.0   -0.208046260662   -6.10980875236   6.11334983761   -1.60483436567   6.99651140522   1.96097369284   
14.0   7.38592464383   7.90352550849   10.8174672779   0.819238704554   -2.69681538556   -2.10622997743   
15.0   3.58445848315   10.706486432   11.2905798937   1.24773249942   13.8841620996   1.91706121162   
16.0   17.539885086   -3.06919906464   17.8063907552   -0.173230131492   -5.413494107   0.796026525381   
17.0   -4.9981949214   7.44193295681   8.96461480522   2.16222439198   13.6146261342   0.353645596317   
18.0   2.62562307443   8.00939959988   8.42878274009   1.25401801559   4.5944789378   -1.25005844795   
19.0   1.19163196984   -1.91406146754   2.2546880168   -1.01394832315   3.07007556346   1.33445720652   
20.0   5.23347065682   -9.20968851706   10.5928078288   -1.05404429925   9.74902112349   -0.124255285249   
21.0   -0.707718969177   0.366688864506   0.797073938029   2.66354820873   -8.77271898912   2.26960271839   
22.0   -16.5350924743   -11.7032224115   20.2577071247   -2.5256636841   6.26080885451   0.0179250180032   
23.0   -5.70830159637   7.11772228675   9.12396173087   2.24674604346   -2.69396574028   -1.62752899764   
24.0   7.42531620295   -16.3943067031   17.9974612929   -1.1455164368   -5.80414554749   -2.98103006682   
25.0   -7.09447211906   12.8181159229   14.6504481317   2.07630150274   -11.5670678092   -1.45701932525   
26.0   -10.54919295   -9.88829002625   14.4590370198   -2.38852100971   6.26737842834   -0.351017942247   
27.0   9.3868996825   -12.1485400514   15.3525538928   -0.912939086285   -1.43001094805   1.63626988705   
28.0   13.9112791262   4.27742495915   14.5540389998   0.298303979317   7.16073996316   1.90405525808   
29.0   8.73114344122   17.0607930414   19.1651643612   1.09777983749   11.1038833842   0.699794835329   
30.0   -4.55833796297   -19.3380719812   19.8680515636   -1.80228891112   -2.46060950606   0.385234899258   
31.0   9.28621172421   12.2249499346   15.3519747619   0.921172226828   13.7734874936   -0.252521202661   
32.0   9.8594768585   -17.6892840832   20.2514210687   -1.06231235563   14.091849639   0.710639172988   
33.0   -0.217375865726   7.29910630668   7.3023424422   1.60056868877   3.70945490032   -1.28517094035   
34.0   10.7713066362   -8.91905646943   13.9846564118   -0.691605301806   24.7040715034   -1.14599357814   
35.0   -2.31602370231   -4.34612558653   4.92471048931   -2.06041145129   -2.88404186601   -1.30338659467   
36.0   5.79519780027   -10.441392333   11.9418169219   -1.06410597258   -0.767579251425   -1.33305589646   
37.0   -5.92341692714   -1.30337396418   6.0651176232   -2.92500656206   3.91958513933   0.0714177621335   
38.0   -2.08840090125   5.39769693283   5.78762045257   1.93996399168   9.16093195893   -0.527130569626   
39.0   2.71377166614   -4.38896448355   5.16019049007   -1.01701715327   -7.42404437862   -1.51483787928   
40.0   -13.1071872043   -20.2219088074   24.0982147103   -2.14588235245   -1.52139761288   1.82695738988   
41.0   -1.16510997343   -5.26550454537   5.39286745317   -1.7885598114   9.42579153782   -0.512227507477   
42.0   -7.02835570703   10.4621532915   12.603746881   2.16233653265   25.7352718754   -0.0840929084578   
43.0   -4.80658948753   -6.83084336513   8.35246811311   -2.18397427389   -5.67741990141   0.703282243837   
44.0   -10.2447520941   5.17673521813   11.4783941816   2.67370921984   7.88954711612   2.16614630635   
45.0   -5.19196821829   -12.6524608196   13.6763042804   -1.96019524458   -7.48416765107   -0.443986812275   
46.0   13.3755802521   -8.11805604093   15.6463727734   -0.545500339309   3.65207281134   -1.69233596639   
47.0   -1.5004664988   3.10223455421   3.44604975927   2.02129707443   -12.6541050937   -0.577340447418   
48.0   11.2548893307   -21.1364879136   23.9462659964   -1.08149872115   -0.484029121936   0.373562869029   
49.0   5.22898228219   4.85635590242   7.13627692557   0.748467625862   1.34380296495   1.18953897277   
50.0   12.6260091299   7.90657935398   14.8973186724   0.559471581642   -1.42786012624   -2.17150206509   
51.0   2.26771256419   4.36727153694   4.92093293504   1.09186635153   -15.5368856775   1.67778808573   
52.0   -4.86278090352   5.65583469883   7.4588943052   2.28094160148   -12.1713625494   -1.16200608431   
53.0   -13.4430423503   5.43896090217   14.5016441594   2.75713307102   2.28401082151   0.391058370029   
54.0   8.74419503731   -6.87679010161   11.1243511699   -0.666418164321   9.01384346366   2.09068500928   
55.0   -1.55502658578   5.82844399542   6.03231855013   1.8315228318   1.20137273209   -1.58861233252   
56.0   0.908964189365   9.06264419991   9.10811373402   1.47083273168   -11.5962297441   -1.44939780577   
57.0   -5.62331567914   2.73536171493   6.25330975874   2.68885809474   8.01970934062   0.0839748853314   
58.0   -2.97051135461   0.46623656296   3.00687782268   2.98590780283   -0.426613788175   1.90341032428   
59.0   0.175892231327   2.46554644089   2.47181255949   1.49957692457   -5.04907575102   -1.8880178141   
60.0   -15.3622237839   6.09996188047   16.5289883093   2.76360998232   -9.09205445917   1.26120549982   
61.0   7.6237722536   1.70585842335   7.8122888026   0.220129275676   11.8178292827   0.146916116298   
62.0   -4.2094170093   -7.45703573095   8.56309368458   -2.08469567533   -9.05985969371   -0.357538818678   
63.0   -0.172665023255   19.995355625   19.9961011145   1.5794313686   2.32117526209   1.60021765596   
64.0   -1.8653959535   12.2345542872   12.3759452435   1.72210052035   -25.945621232   0.350031316553   
65.0   5.15708900429   4.11235190091   6.5959840172   0.673164129395   11.5388597638   -2.27315663976   
66.0   -3.85632747626   -3.09781293269   4.94648426361   -2.46483880146   -10.7936099458   -1.83757815193   
67.0   14.3076931678   2.3922832323   14.5063125172   0.16567006266   -5.82661139716   -0.920213836457   
68.0   0.0489390098247   -9.59265122909   9.59277606481   -1.56569465218   -4.71223210184   0.371004832539   
69.0   0.0650507479974   7.4884961158   7.4887786505   1.56210978803   8.89724621503   -0.614136538541   
70.0   -1.51817101337   16.4999999465   16.5696964806   1.66254835212   26.6691659212   1.01598915873   
71.0   4.13356843587   0.891589687751   4.22863100605   0.212440275812   6.91622364507   0.445785031584   
72.0   -2.73008030263   -4.55369898836   5.30937971287   -2.11087035264   17.1693115718   -1.10977562828   
73.0   -0.084124531921   5.95024142859   5.95083607533   1.58493338805   12.3520211616   0.833931194986   
74.0   -1.22182593811   -12.9689863028   13.0264141015   -1.66473043642   -5.07922558433   -0.104483664419   
75.0   0.00475942159479   -18.412177634   18.4121782491   -1.57053783366   13.1108020871   -0.593536326998   
76.0   -14.6785902937   6.15508302478   15.9168483077   2.74453956102   8.75827719772   -2.45170866929   
77.0   -4.31235552808   4.59061216953   6.29842284161   2.32495029159   -29.6168463603   -2.04886611951   
78.0   14.4459988301   -2.55154698201   14.6696037507   -0.174823449658   18.6739007   1.30478560224   
79.0   18.1813506891   -9.53900804131   20.5317848053   -0.483179591068   9.45082093342   2.12008799427   
80.0   -7.57493768958   5.27973267321   9.23337739409   2.53288285295   -8.72029761322   -0.956633011973   
81.0   8.07983136584   9.52058635885   12.4870028236   0.867075187512   8.7281407464   1.75163159502   
82.0   8.36306519918   -9.62392761994   12.7499349943   -0.855382250708   -6.96544395182   -1.10073221075   
83.0   -13.4987028979   -8.04331854055   15.7133686099   -2.60422384681   2.8032642762   0.369775974797   
84.0   -12.1659928452   5.40392100084   13.3121652668   2.72358709036   -20.5101983   0.284667309464   
85.0   5.45279662358   10.0137299694   11.402095374   1.07216087059   -9.87226852169   -0.224859809918   
86.0   5.9447083298   4.10481969113   7.2242025043   0.604321468851   15.8483428977   1.46700887593   
87.0   -2.41561033763   13.3929569785   13.6090583778   1.74924203936   -4.75921777966   0.546057450738   
88.0   -23.7270725598   -4.11611477534   24.0814528861   -2.96982456378   -10.4605302175   -1.58746539234   
89.0   -10.7598088838   -6.28636030565   12.4616135836   -2.61283856128   -15.3456142621   1.29130355975   
90.0   -11.9741507066   -1.82461048932   12.112369239   -2.99037675898   18.7298629783   -2.39094956181   
91.0   1.48328269715   7.42920510111   7.57583104313   1.37373190451   -11.3144028797   -2.01121463936   
92.0   -20.0475913463   8.92843835282   21.9459091907   2.72260225495   17.3704143147   1.48558839142   
93.0   -2.17883647334   4.98846838289   5.4435416031   1.98259777803   -0.0421500661888   -0.271685999207   
94.0   -17.8136852126   14.3670076441   22.8853291324   2.46289164334   -29.5870529329   -0.0633912902923   
95.0   13.4023853292   -11.4715850505   17.6414624134   -0.707930180868   -0.648451261507   0.349784604167   
96.0   6.67814480861   -17.9718078265   19.1724670984   -1.21501855591   -26.0859193764   1.55400660845   
97.0   7.94701876954   10.6792661952   13.3117179129   0.931047161892   15.5368103788   1.26678572572   
98.0   -0.376992956509   13.5391971035   13.5444446876   1.59863369181   9.99147058635   0.771201024569   
99.0   13.6314918612   -1.93514851317   13.7681650967   -0.14101932128   9.30485550932   -0.412033781877   
