0.0   4.64522609447   -3.45563034223   5.78960331378   -0.639592129317   -1.28942884932   -0.140870374612   
1.0   10.6010812487   2.682425757   10.9351877708   0.247831417612   2.4500818756   1.23473699391   
2.0   4.31819636836   5.40052179113   6.9146551246   0.896306208367   5.57347854626   -1.13227340761   
3.0   6.4230476295   -0.426009077833   6.43715966752   -0.0662280700011   10.4808980287   -1.97078298733   
4.0   -0.400166949118   -3.95459365769   3.97478862137   -1.67164346248   -7.36209350011   1.06594523192   
5.0   1.51940703578   4.78246262276   5.01802216799   1.26317758597   -5.43715351998   1.11376833352   
6.0   -5.05486346937   5.79094949021   7.68679001223   2.28843018558   8.5004491774   -1.13433474613   
7.0   4.01264689172   5.61505863789   6.90146495931   0.950323910806   6.15842648812   0.200967085665   
8.0   -0.771602844832   -1.17245379817   1.40357360299   -2.15285123586   3.07169128603   -0.273670394189   
9.0   8.18612534685   1.45440387761   8.31432130925   0.175832185679   -7.21674836806   -2.02755016547   
10.0   -1.03556693682   4.46587934407   4.58437315196   1.79865352683   2.44447420199   -1.70869829035   
11.0   1.73415364809   -1.98479026292   2.63565575577   -0.85269097164   -0.187333292104   0.646924784986   
12.0   2.3806064299   0.705215467513   2.48286444046   0.287997753599   5.16237987468   -1.34224497654   
13.0   4.70278451291   -4.03390859809   6.19585351285   -0.708987827522   1.52402709274   2.765929893   
14.0   -0.206938065808   4.51517661482   4.5199162853   1.61659594258   -0.527222795786   -0.615526316641   
15.0   3.82832427595   10.7972738483   11.4558801197   1.23006141038   1.2238074347   -1.63084561087   
16.0   3.79547129936   0.644868957556   3.84986471927   0.168297672083   -0.49840786659   -1.81840703609   
17.0   0.0815068899618   3.04695738589   3.04804735602   1.54405244872   1.45351399998   -0.862146984058   
18.0   0.686563960892   7.04014172533   7.07353982   1.47358240382   -5.63044096382   0.389701020997   
19.0   -4.48610478817   0.587264534805   4.52438015692   3.01142538508   5.23961261298   0.223414168044   
20.0   4.86618166567   -8.07462903873   9.42758495673   -1.02842998668   -0.394225795921   1.56849088087   
21.0   4.43170141518   5.98087503732   7.4438460251   0.933093851126   3.98883954848   -0.62149490986   
22.0   -0.283189213045   -7.9883309381   7.9933489419   -1.60623184818   3.1977843434   -0.951194281101   
23.0   -1.83530036799   -3.03547998293   3.54717721118   -2.11460317917   -2.83100765193   -1.87496593794   
24.0   1.94623861105   -0.976296012946   2.17738343799   -0.464952539613   -4.00855404916   -0.534215710581   
25.0   -2.50259815463   1.68305814955   3.01590488218   2.54954570017   3.14528898965   0.152714541665   
26.0   -7.36942701707   -1.84511370845   7.59690062835   -2.89626192077   3.22594010501   0.346403818506   
27.0   -7.09506653105   1.38451219925   7.22888947971   2.9488770992   4.78307105428   -0.371845011693   
28.0   5.76427317695   4.36885005657   7.23282075509   0.648549802167   0.668558789717   0.243025912364   
29.0   -2.1362869672   4.03084359295   4.56195375657   2.05814325877   2.62203519103   -1.52266635291   
30.0   -4.69318143138   -11.9988362167   12.8840219847   -1.94363838141   -3.47310562287   0.683349762266   
31.0   2.64305336192   3.06335788766   4.04597239509   0.858920192779   5.91639317766   -1.60117036472   
32.0   -5.55301342475   -1.94844006218   5.88492793255   -2.80413429162   5.02742993306   1.09649583098   
33.0   -3.822070802   -1.78284336583   4.21743472772   -2.70513516807   5.83582796865   2.17204578502   
34.0   1.11744165175   -1.15386588574   1.6062634676   -0.801433469674   -2.74704389117   -2.08345857972   
35.0   7.23476573138   -3.00375508951   7.83354197192   -0.393526659593   -2.07470475956   0.335608250636   
36.0   -2.12003523196   -3.4716927801   4.06782498937   -2.11901958864   -8.96427527839   -1.84963990849   
37.0   6.40282002571   1.32517278362   6.53851567162   0.204085584717   -1.03781158431   1.05985000599   
38.0   -2.89150090094   5.89384332504   6.56491939023   2.02689314892   3.18278261278   1.17030092373   
39.0   1.97865233422   -2.02715141499   2.83273858995   -0.797504775274   3.93845848133   -1.21429012177   
40.0   -6.25386696607   -2.71833179681   6.81910403109   -2.73156493946   4.15475546581   1.21498677992   
41.0   1.12927658572   3.08267952966   3.28301365968   1.21964873519   8.31249932888   0.329412011856   
42.0   -1.36193826881   8.6563687638   8.76285318963   1.7268507375   8.07007296452   -0.260539796277   
43.0   0.142021664576   3.26954239655   3.27262549585   1.52738583558   -4.46826238481   2.09617346578   
44.0   -5.79315933778   3.7824621487   6.91864979741   2.56316834819   1.63981163984   -0.769568338866   
45.0   -2.75084824619   -7.92129000455   8.38534444193   -1.90503947109   5.08850847725   1.78274182792   
46.0   -5.32317139001   -3.44458283218   6.34044986852   -2.56726427804   -2.38974922729   1.0138853582   
47.0   2.61292589684   -0.00291286020877   2.61292752045   -0.00111478821716   -4.04551125757   0.0955016637803   
48.0   2.50572539112   1.52387611216   2.93272196788   0.546396204639   12.1970021382   -0.104591378587   
49.0   4.92018968909   -0.0338300298218   4.92030599125   -0.00687564887902   -4.8729456426   -0.43284140977   
50.0   5.74821394796   0.0621629994633   5.74855006328   0.0108138940003   1.38414162677   -2.74878861064   
51.0   0.616478038401   6.17823911118   6.20891968758   1.47134336294   -0.528325134983   -1.43500861579   
52.0   4.59186058049   -0.208074260844   4.59657247181   -0.045282738264   -11.4432688767   -0.781169011782   
53.0   -4.85981370146   2.49289599069   5.46189707275   2.66762991088   -11.9479828847   -1.32966275732   
54.0   5.18659194492   -0.616178170763   5.22306533955   -0.118247893725   1.18317384687   0.960401539324   
55.0   -1.91176376345   3.89360151266   4.33762301574   2.02721916969   -9.40567735977   1.66271339585   
56.0   -6.60438780676   -1.85717014443   6.86054074017   -2.86746925168   -3.25422958019   0.382014093454   
57.0   1.2331665847   -3.28166705944   3.50571512172   -1.21134687285   2.84112648109   1.50904107584   
58.0   -7.10433690272   1.70476508469   7.30601305921   2.90608437649   2.96483529715   0.0340149772073   
59.0   -5.12876201249   5.16588055736   7.2794588888   2.35258888817   -3.75975122149   -0.571336933613   
60.0   3.03762523351   -1.29757755992   3.30316130143   -0.403705880837   -9.35717593314   -2.25199691943   
61.0   3.47314844433   -2.82982217287   4.48002830867   -0.683683245626   -7.77020772923   -0.0431620583424   
62.0   5.69345729516   -4.21192131993   7.08207153148   -0.636929916189   -3.60880766378   -0.0519830959671   
63.0   -0.0995732493515   2.72806743193   2.7298840168   1.60727968705   -3.33673878261   0.475045774982   
64.0   -2.87017136904   4.33575064754   5.19967473649   2.15554587448   -16.9541193794   2.05262138341   
65.0   1.84665346411   2.45731939253   3.07384899001   0.926341646039   6.37295186024   0.286625456829   
66.0   5.70643607438   -0.380897044598   5.71913413286   -0.0666498083877   1.1747428433   -0.281450282308   
67.0   7.39301187039   -8.75944066961   11.4623045397   -0.869792971685   -2.67593992738   -1.22068945315   
68.0   -3.48631693503   2.09477220143   4.06724431862   2.60054445277   5.11272395795   -2.24909295469   
69.0   -2.93970219561   4.70990951444   5.5520353595   2.12878603251   4.38773156896   0.158177272077   
70.0   -0.228104711083   4.33622692216   4.34222243554   1.62335230648   7.43022638503   0.13996302707   
71.0   1.63136682188   -2.30260571659   2.8219409621   -0.95439689571   6.26532711893   0.215375808416   
72.0   -6.19771305075   -1.25467096074   6.32343627146   -2.94185112531   9.1025728103   -1.29288308584   
73.0   2.63384791964   5.76825365539   6.34112806184   1.14245833171   12.3937532065   -0.824067872708   
74.0   0.313456784124   -7.88115404004   7.88738512806   -1.53104432414   -4.40402740797   1.04106965287   
75.0   4.89927974037   -9.97741666958   11.1153850753   -1.11434487486   5.39134636924   -0.165356409734   
76.0   -2.44452617996   -0.48180617186   2.49155482215   -2.94699101748   -1.9998768754   -0.736324317381   
77.0   -0.993068951398   10.2299009088   10.2779890322   1.66756823673   -3.62390724502   1.35833699118   
78.0   -4.08536147926   3.76179331155   5.55349145448   2.39740496498   3.71534472097   -0.438640243395   
79.0   14.3049521498   -3.98252544368   14.8489785817   -0.271526144484   -0.640476719509   -0.947256748557   
80.0   -3.4932371836   -4.48546763814   5.68525513532   -2.23246985667   -1.65053416367   -0.796466443053   
81.0   1.87350916177   -0.633418502068   1.97768945439   -0.326027243294   -4.57978880953   -2.52819216204   
82.0   0.783010748251   -5.18326674298   5.24207592093   -1.42086487227   -2.40777617907   0.674227672749   
83.0   -1.48713578441   -4.20605995805   4.46122328649   -1.91064782363   -3.39062433413   -0.727004629063   
84.0   1.95315398737   0.911786927433   2.15549667116   0.436759615643   -14.0902544016   -2.50478119912   
85.0   5.72431278166   -1.75836933071   5.9882902005   -0.298026862341   -5.92931565325   -0.7970067841   
86.0   -0.0151401654415   6.22829547718   6.22831387902   1.57322719021   6.65961615769   -0.190963601895   
87.0   0.969153591512   3.44558180329   3.57928661148   1.29660636201   3.83724500801   -2.96281042133   
88.0   -6.49194604417   2.35825234719   6.90700496405   2.7931557282   -6.57681755519   -0.544116357753   
89.0   -0.641156677189   -1.41112815085   1.54995630352   -1.99726804915   -5.72433458875   2.0816462312   
90.0   -2.09269565466   -5.12672773745   5.53739220184   -1.95834583461   11.2946040408   0.614794152687   
91.0   -1.35036752074   6.76197425165   6.89549042644   1.76790358804   -4.9153809656   -1.47178182396   
92.0   -10.1715737199   -1.26594309331   10.250049944   -3.01777044887   3.03885487875   -1.54332449271   
93.0   -1.30966268463   0.666895474533   1.46968225188   2.67060292365   1.57869678621   -1.08816703958   
94.0   -5.82229630273   4.35494867906   7.27081235035   2.49938697653   -2.78523196002   -0.720679470216   
95.0   5.60806410844   -7.67230126375   9.50339885126   -0.939599491852   -1.14539748632   1.06196136006   
96.0   7.47709201627   -6.01446824587   9.59587063796   -0.677409625168   -2.84864684209   -0.782814955312   
97.0   2.60824819073   -5.12260089545   5.74839095386   -1.0998437673   11.1668961757   1.0473392136   
98.0   2.76099868615   1.12804457924   2.98254896317   0.387867237628   3.31603889021   -2.86274918519   
99.0   -1.29005989091   5.32020620938   5.47438111867   1.80868780794   -4.50647423578   -1.04112858126   
