0.0   1.44521767138   -0.20704914208   1.45997378912   -0.142296753722   -4.40797908213   -1.55910258453   
1.0   3.6523667497   2.60275087192   4.48487402003   0.619145876008   0.341371456621   -0.865405761134   
2.0   2.76880385604   2.36709704283   3.64272194977   0.707341626348   2.55131970074   0.801180370069   
3.0   5.4736806467   2.28845916672   5.93280921485   0.395998315228   0.80865327387   0.535573001913   
4.0   -2.50304930903   -2.86983056953   3.80804193008   -2.28803493619   -3.79876612527   -0.398409651386   
5.0   -3.40613425681   2.43848513757   4.18902856777   2.52026853818   2.70253660572   0.505523109827   
6.0   -1.80347255286   1.9924912237   2.68747735348   2.30644093889   3.97952628907   1.26645271167   
7.0   -0.569165550884   2.29299735729   2.36258043352   1.81409806984   -2.92452686684   0.770654327029   
8.0   4.7978003737   -2.60538678471   5.4595722107   -0.497482214168   -0.0562916742119   0.158441246559   
9.0   2.94412487114   -1.53517136808   3.32033467986   -0.480648625442   0.0645150462595   -0.0284892684807   
10.0   2.61612497757   1.37065552031   2.95343976638   0.482604576848   1.60338189984   0.933647542478   
11.0   -0.692971764132   1.39439391459   1.55709481244   2.03201689582   4.23243640003   0.173435488253   
12.0   1.33010973915   0.759989764525   1.53191917553   0.519104772153   2.89145534363   -2.11324615873   
13.0   6.1854669898   1.35897306239   6.33299373648   0.216268141055   0.297113029388   -0.0527286002779   
14.0   -1.75638827752   -0.160306002963   1.76368869022   -3.05057457604   2.53869936658   -0.882767253567   
15.0   3.84077608036   4.00262246584   5.54730092059   0.806029962156   1.70225626311   0.860694912151   
16.0   2.05642313664   0.642443101649   2.15443942959   0.302801078868   0.939381926465   0.916797433188   
17.0   0.764479663576   0.699806224815   1.03641589544   0.741259628249   -6.26914309262   -1.35636538154   
18.0   0.452487118932   -0.693883409583   0.8283832319   -0.992940436589   -3.74258888468   1.99184046782   
19.0   -4.12482918649   0.794703968973   4.20068687431   2.95126128371   -3.36019000821   0.515202887369   
20.0   3.760918875   -2.28816326943   4.40229507551   -0.546577013464   -2.2583156176   -1.28235679507   
21.0   2.48502844007   4.1118651455   4.80445640242   1.02718038385   1.92028351212   1.84183868755   
22.0   2.76463029754   -2.17197850089   3.51577463589   -0.66591756906   -0.238491432787   0.697940309616   
23.0   0.252770120716   -1.36401999245   1.38724304782   -1.38756230127   2.3567287993   1.50346197265   
24.0   1.07965060707   -5.38297882241   5.49018273247   -1.37285515309   -2.08984540885   -0.807391643056   
25.0   0.669579534949   4.4248576586   4.47523206688   1.42061345056   1.34859314496   -0.573359562721   
26.0   2.03568465167   0.0356025764003   2.03599595886   0.0174874566528   7.33391717916   1.93265155242   
27.0   -3.69602925653   1.20960217559   3.88892911844   2.82530833395   2.62435657387   -1.38009831713   
28.0   3.42412810996   -0.186183361097   3.4291861363   -0.0543204560697   -1.88861473283   -0.315179007276   
29.0   4.11675800867   3.26254542004   5.25279916995   0.670153204172   1.28896769297   -0.337010907429   
30.0   -0.217747119437   -5.53971882201   5.5439966121   -1.6100826318   -0.0659430934947   2.05958066285   
31.0   1.20789814203   4.18836721263   4.35906387076   1.29002135738   2.01586373511   2.02223775468   
32.0   -1.17223508921   5.34982280124   5.47674530255   1.7865038774   2.09611253993   -0.689923963304   
33.0   -2.65220105442   0.0203679089473   2.65227926221   3.13391317977   4.14822154169   1.00181171591   
34.0   2.96250395923   0.502835571161   3.00487492586   0.168130936177   -1.73566444783   0.406642491381   
35.0   5.54445745967   -0.350215020711   5.55550709503   -0.0630810809021   0.0162650295948   -0.547337848333   
36.0   0.111755161558   -4.24624859036   4.24771895343   -1.54448383781   -4.06071916763   -2.05557169841   
37.0   4.58654177809   3.66723852248   5.87239336752   0.674475674707   -0.0930659324728   -0.129631439461   
38.0   -1.76693541438   4.9468947314   5.25298279477   1.91385384519   3.11058738731   0.24111522324   
39.0   2.52741069205   2.16970286579   3.33097813444   0.709390056997   2.23274113765   1.23805358745   
40.0   -0.176787054783   -2.04127746556   2.04891858163   -1.65718685062   1.66074139134   1.55674224948   
41.0   0.295902685291   -0.180901185438   0.346819316151   -0.548725970407   2.41542341243   -1.6623112235   
42.0   -0.20780052587   2.53719963869   2.54569500631   1.65251545978   3.03588421166   1.38978700865   
43.0   -1.13523904561   -1.05344933131   1.54871662492   -2.39354639233   -6.22692224093   0.420801077876   
44.0   -2.17312592298   0.923669072028   2.36127949039   2.73968671158   3.70785063272   -0.537921011524   
45.0   2.56276730494   -3.57434563585   4.39814995012   -0.948758966793   -2.13335338251   -0.811667609009   
46.0   -0.934728103452   -1.41764463205   1.69806741037   -2.15371844942   -1.65740841214   0.511319332337   
47.0   1.2626523634   -2.95926864524   3.21738432667   -1.1675059615   -0.234404558602   0.445300923812   
48.0   -1.94772791038   -0.1024576251   1.95042087197   -3.08903742958   6.6061827461   1.46612268064   
49.0   2.56375754328   -4.45781875805   5.14247030331   -1.04887577605   0.278196720072   0.752121635461   
50.0   2.4705658977   0.5202098536   2.52474041174   0.207531387015   1.67067985674   0.738142617971   
51.0   -1.35406328653   1.95249952532   2.37607697272   2.17714822347   4.12474150331   1.09596577733   
52.0   1.12008001454   0.651964194809   1.29600792833   0.527130819816   -4.76544906102   -0.826803841271   
53.0   -2.64836869347   -1.02032345895   2.83811851364   -2.77385314144   -3.83578331172   -1.02404720086   
54.0   4.67993035684   -3.7991470036   6.02787409455   -0.681892128117   -1.64062030514   -1.08705406825   
55.0   -2.06708127836   -1.29616675124   2.43985107299   -2.58151934597   -4.33829670662   -0.691366360694   
56.0   -0.62032333743   -1.27816613672   1.42074266354   -2.02263349049   -4.61647369515   -0.838106433761   
57.0   2.23201147018   -1.04616347781   2.4650219523   -0.438302803315   0.328797781378   0.181710162554   
58.0   -1.42829594536   3.29292585519   3.58934395055   1.98005217692   2.16539661328   0.174449531678   
59.0   1.02299245243   5.15942948274   5.25986940381   1.37505874412   0.452059408205   -0.109142695713   
60.0   -2.84529067703   1.04610508586   3.0315037337   2.78927082105   -6.12495449323   -2.47467699819   
61.0   2.84687538126   -0.244407545402   2.85734745606   -0.0856411651601   -4.03193630668   -1.28588973446   
62.0   1.36137597018   -3.39828001607   3.66082662793   -1.18976647711   -6.94577126991   0.59584896769   
63.0   2.47631348822   1.7044418453   3.00620200518   0.602829083643   -0.796888897917   -2.14741642272   
64.0   0.0423215768947   1.05849975665   1.05934548222   1.53083500762   -6.12324318495   -1.86370706058   
65.0   4.20777853704   2.44536581108   4.86674574709   0.526446605519   0.899151886518   -1.19476861487   
66.0   -2.33350733524   -1.49081926693   2.7690790112   -2.5730780395   -0.879640428464   -1.08536121457   
67.0   0.843672673115   -5.17501354122   5.24333374211   -1.40918994265   0.48587128837   2.42019688555   
68.0   -0.335602598973   1.48549273859   1.5229306553   1.79298631657   1.70086225625   -0.732884557555   
69.0   -0.921194459882   3.90515898938   4.01233921363   1.80245312003   1.77024999132   -0.758675423816   
70.0   -0.644742537193   2.15994839896   2.25412289492   1.86087553133   3.85830991476   2.08921709373   
71.0   0.769966734686   1.02645292483   1.2831423847   0.927216011787   6.39928230729   1.90511463091   
72.0   -3.80226525731   3.42214423832   5.1154953108   2.40876222141   3.18181162275   0.584076670684   
73.0   -1.26641217457   5.1112130528   5.26576667419   1.81367634256   3.3923748523   0.944656589023   
74.0   2.10000638639   -4.15259162424   4.65339059403   -1.10259129771   -1.33613940423   1.66280826805   
75.0   5.00549054755   -2.59998747194   5.64046722141   -0.479068231074   0.871733975634   1.76325915534   
76.0   -1.77197452298   0.187310016755   1.78184700591   3.03627680963   3.5697472619   -0.387642556071   
77.0   -0.966856673718   0.863182602562   1.29610803287   2.41278528372   -3.36476339562   1.59605954163   
78.0   -1.36508388326   3.16421982413   3.44611971698   1.97808583045   -0.00165348492258   -1.08381496143   
79.0   6.39221354079   -0.29114132657   6.39884030298   -0.0455147899129   0.35469641537   0.106383989299   
80.0   -1.34026462036   -1.64267763301   2.12007053151   -2.25515891641   -2.51345303712   2.20218545582   
81.0   -0.389640886168   5.76462233355   5.77777558136   1.63828541942   1.18023772989   0.832054999081   
82.0   2.75768024769   0.422443052124   2.78984918603   0.152006162062   -1.18266845006   -0.0193390217207   
83.0   0.992527562382   -3.64507802997   3.77779099563   -1.30494895631   -0.886836381441   -1.05826005662   
84.0   -0.661696831002   -1.56265003714   1.69697313907   -1.97134940206   -8.24466389746   2.03317926192   
85.0   1.76103483944   -4.30971055971   4.65562550193   -1.18288089237   -0.801668544966   1.57253321547   
86.0   1.80744051829   4.56557695437   4.91032933249   1.19384294118   1.83290890628   -0.211710423056   
87.0   0.788833708562   1.54300918847   1.73295584926   1.09820455588   4.56949686351   0.188912660934   
88.0   -1.60461692514   1.07584827647   1.93190191015   2.55096126352   -3.79317199111   -1.05888838566   
89.0   -1.17509282028   -0.591112313429   1.31539230018   -2.67552033526   -1.99015370574   0.763214531313   
90.0   1.40991995841   0.788260724711   1.61531088625   0.509789126947   4.03887501224   2.22413220493   
91.0   -1.43785947503   4.14998645962   4.39201861163   1.90432586544   3.18377743657   0.974461336562   
92.0   -0.968845489256   1.38070940123   1.68671871771   2.18266314599   1.69954482913   0.816958407033   
93.0   3.37944035418   1.29960519049   3.62071688462   0.367127546691   -4.60743718187   0.254653303442   
94.0   2.3867344255   2.92419330644   3.77457384499   0.886253487288   -5.14464824061   -0.0308993341669   
95.0   4.97689784473   -3.00386835178   5.81315209088   -0.543034787503   -1.30255188157   -0.528363797169   
96.0   4.1354047013   0.164093833462   4.13865906179   0.0396594296109   0.466192010085   -0.0926805521727   
97.0   0.555094140763   -1.49048557193   1.59049575455   -1.21428506929   3.90267374785   0.36459485174   
98.0   1.88564730842   -1.78512019319   2.59659775011   -0.758019149278   2.5209811558   0.821810820166   
99.0   0.468074419061   3.36596956065   3.39835912537   1.43262164964   3.12946303119   0.975052640356   
