0.0   -7.94959009609   -18.7278303711   20.3452110607   -1.97222647699   13.0609457833   2.22377594867   
1.0   4.20322924684   -2.16100478938   4.72621178125   -0.474887329151   8.369374954   2.56351419558   
2.0   8.6278157405   8.53398418528   12.1354064838   0.779930752015   -6.42426479498   0.326609090853   
3.0   6.1976687349   -13.2713218066   14.6471526326   -1.13389786394   9.67084113755   -0.419708153913   
4.0   5.67195674209   -18.1970976781   19.0605733699   -1.26864438704   -19.8487709901   0.168532260186   
5.0   -11.7595056251   10.0774098778   15.486773789   2.43307259031   -7.50038798087   -0.0195559235353   
6.0   -8.09345825593   9.67231631505   12.6118107121   2.26755658557   2.75134301886   0.801016963513   
7.0   -5.16922663283   15.30269079   16.1521902353   1.89656017109   30.6869637164   0.773776241289   
8.0   2.84810814091   -1.95018818794   3.4518044485   -0.600404699096   -14.3099784473   -0.946758393213   
9.0   1.91087260596   -6.47472232359   6.75081204626   -1.28381512137   -8.65325560699   -0.34638387328   
10.0   15.2153681748   6.21560033857   16.4359701954   0.387819314936   1.37846007898   1.41016380222   
11.0   1.60006086191   -4.63416241501   4.90261726535   -1.23833696355   2.86181568154   -1.94101622567   
12.0   -5.39255855142   8.07923743376   9.71358663119   2.1593471666   11.030381172   -0.779219161315   
13.0   6.80188632675   -5.23139817632   8.58097806087   -0.655619691263   8.05563252688   0.659709120416   
14.0   4.0282494015   7.65201622055   8.6475514153   1.08622911919   -1.42400884687   0.908129715469   
15.0   3.19967148473   6.40614763827   7.16076987296   1.10757369172   9.21988148768   0.193549210232   
16.0   16.1603253188   3.62302816681   16.5614747987   0.220545980609   -2.88454534194   0.910172025008   
17.0   -8.43490277871   6.67818338425   10.7585184017   2.47191347865   16.9605782381   0.223484706847   
18.0   1.89604892276   0.565239770468   1.97850891219   0.289726127021   -4.27642678615   -0.99133909321   
19.0   6.69930322809   -6.23400201413   9.15114445597   -0.749436697406   5.57678199451   1.57866820917   
20.0   11.4960807924   -15.2953183663   19.1339132828   -0.926267011312   12.0949191817   -0.33975767365   
21.0   -2.50962406635   -1.75430356597   3.0619918282   -2.53151771026   -21.876457228   -2.39555509371   
22.0   -11.2318886482   -9.58936616346   14.7685905225   -2.43491827294   14.3844848962   0.540372256842   
23.0   -10.4002833973   9.60075836758   14.154167442   2.39614738786   -1.94893903962   -2.33800149099   
24.0   3.4900282108   -20.2659819449   20.5642972431   -1.40025790773   -1.87175523464   -1.44444904701   
25.0   1.53909936558   7.2339717152   7.39588896843   1.36116224074   -10.6347819789   1.21228592216   
26.0   -8.06163467721   -6.24029375555   10.1946662439   -2.48286199278   13.0490784431   0.354011306172   
27.0   13.748309938   -9.49928607824   16.7108486364   -0.604620930074   5.63464125653   -2.34041646509   
28.0   13.641302939   6.63831267895   15.1707725939   0.452897206367   3.82110741538   0.939865788745   
29.0   10.8075756075   12.5842705682   16.5881751934   0.861206210796   7.89752672823   0.943208237393   
30.0   -6.07727982207   -25.9782495717   26.6796323221   -1.80060090179   -1.61849777639   -0.891562908745   
31.0   7.00051500605   8.31476570371   10.869339403   0.871001483903   17.2859014127   -1.16915834851   
32.0   13.6358613742   -25.5736012813   28.9818184024   -1.08094228972   18.0793864953   -0.268087706344   
33.0   1.47068498687   5.6707466405   5.85835145679   1.31704103262   10.8051111458   2.54276951496   
34.0   8.33238011303   -16.2487630818   18.2606369012   -1.09696053005   22.7336965093   -0.30513506703   
35.0   5.65369587226   -5.94009755768   8.20055095776   -0.810096158117   -0.663177630439   -0.916368147042   
36.0   -1.19797329399   -10.4358484325   10.5043834907   -1.68509008574   1.98196817471   0.428152176089   
37.0   -7.7488097028   0.121083369525   7.74975567309   3.12596786469   0.432502111963   0.979618939618   
38.0   -4.07323976569   8.43636974639   9.36822377437   2.02060492141   15.8070900813   1.16452903362   
39.0   0.332756269293   1.47598689073   1.51303140627   1.34905681701   -1.94256195019   0.74752203219   
40.0   -11.9069358486   -20.8317810906   23.9945457284   -2.09005320121   -10.1389491309   -2.52158619673   
41.0   -4.48331880963   -10.4234313758   11.3467206361   -1.97699504838   10.2332519092   -0.0700855334923   
42.0   -7.03108837295   13.8019442856   15.4896697761   2.04195736835   22.0807328697   -1.34749163629   
43.0   -7.28226950152   -14.1970946827   15.9558436481   -2.04474292119   -7.81286203591   -0.348734995217   
44.0   -14.016902026   6.91912126851   15.6316276035   2.68305643173   19.2744077325   0.626140061557   
45.0   -10.9910526412   -12.6704190993   16.7732751219   -2.28533858223   -13.7001480692   0.598947731467   
46.0   11.6408578508   -11.4578750064   16.3337831247   -0.7774765593   8.46043596795   -0.709984484166   
47.0   7.42859015133   -2.76826354464   7.92762478231   -0.356708738221   -11.6330771693   0.231211109778   
48.0   18.1643486661   -18.8026209334   26.1434908998   -0.802662463373   0.886772441659   -0.058817758567   
49.0   2.48282333668   4.05417598433   4.75402509806   1.02130079037   3.53089301898   -2.15343566564   
50.0   18.4074955119   13.3249412668   22.7242150752   0.626578075461   -6.92281022557   -1.04213860025   
51.0   4.83123265727   3.86086412097   6.18442242649   0.674220482115   -17.4126844977   0.614860411967   
52.0   -7.76514750808   5.13105727399   9.30726944765   2.55767623637   -15.7956464304   0.834470987848   
53.0   -9.07655823489   5.31910963134   10.5203059205   2.61151066095   12.2910674186   -2.26523187776   
54.0   7.24839803461   -9.58659032812   12.0184020646   -0.923404155898   12.2085359127   -1.07825854767   
55.0   -3.57754516911   11.0909096372   11.6536305938   1.88282475969   3.43598021479   -0.17132487564   
56.0   2.31548749447   7.65463525658   7.99718220677   1.27705228351   -6.27359359231   0.785722549256   
57.0   -7.6901239571   2.8166377116   8.18971638544   2.79050031221   4.66241770454   1.87329713754   
58.0   -11.0362232781   -1.31450651355   11.1142319401   -3.02304279751   -2.196618825   1.35412587271   
59.0   -2.2894969771   -3.34797480393   4.05595015945   -2.17059775958   -9.7655225098   -1.60488024803   
60.0   -12.5255007559   11.8266355043   17.2266501833   2.38488492945   -12.6129066307   0.149039953215   
61.0   8.08779545032   -3.79346372724   8.93324142157   -0.438570658192   12.1603159325   1.44498740713   
62.0   -1.82716364709   -1.32161804031   2.25503907676   -2.51538867344   -13.8860301864   -0.35233928606   
63.0   -3.11205905829   17.0482219925   17.3299389696   1.75135280686   1.88776653996   -1.66648248127   
64.0   -5.46962413418   11.4993357764   12.7338726029   2.01477239428   -29.6956895246   1.35861162964   
65.0   3.14770663543   9.89577171791   10.3843321863   1.26283053987   9.82794804433   0.587675779344   
66.0   3.0389706634   0.909149444432   3.17204908621   0.29068929072   -14.2325208701   -1.67246488468   
67.0   18.2783882029   3.26827991609   18.5682828744   0.176935874438   -7.36883884519   1.00338200949   
68.0   0.163657188757   -11.731729935   11.7328713853   -1.55684726942   -2.74935643265   0.693873681371   
69.0   -5.61504992611   7.69215230019   9.52354937416   2.20135531966   9.91467880448   -0.427465059055   
70.0   0.087309969625   15.0970451211   15.0972975866   1.56501314237   20.8118558248   -1.39724993982   
71.0   3.65381395688   -8.78481383091   9.51437388772   -1.17663827092   4.59720674228   1.07989520539   
72.0   2.63490213565   -12.5353110295   12.8092440007   -1.36361413428   20.8302134853   1.98747311594   
73.0   2.93468716695   -1.9743844277   3.53703020007   -0.592219599219   16.9514559885   -0.142727450992   
74.0   -3.41615004165   -14.3329459141   14.7344297373   -1.80477348349   -9.32791198357   -0.326512469848   
75.0   -2.15899466727   -15.3889985158   15.5397082757   -1.71018127474   1.17713697115   -0.0111371740251   
76.0   -12.9372161411   9.43546703549   16.0124826201   2.51145377153   -0.271040184255   -1.05552100882   
77.0   -0.964150755232   2.8444820051   3.003442118   1.89759761706   -39.5329424759   -0.0725852144776   
78.0   18.8409812205   2.01639472755   18.948573061   0.106615935599   19.6558740529   -1.91408023265   
79.0   15.4299595399   -8.40572843762   17.5709966129   -0.498816460356   16.6874257082   1.85747273015   
80.0   -5.16863942552   -1.34080975646   5.33971949769   -2.88777495869   -5.88236419527   1.45141864801   
81.0   3.18448936459   15.0853880035   15.4178436796   1.3627531144   11.3324092293   1.31026341753   
82.0   13.1434289397   -14.0084872533   19.2090457707   -0.817247326141   -6.61234163432   1.03019073242   
83.0   -14.6112524147   -9.9234217961   17.6624742681   -2.54498857576   9.01764198412   -1.23273590843   
84.0   -8.36243011107   9.91887784549   12.9736030106   2.27126056111   -32.481517496   -1.6384384912   
85.0   10.4418041178   14.0592806445   17.5126995485   0.931984694528   -10.0215102321   0.809782148003   
86.0   4.72941708577   5.94603571281   7.59754741145   0.898872715008   20.2739896851   -0.437127367145   
87.0   -3.15182856838   4.70303974203   5.66150210982   2.16121928335   -9.49873115736   -0.658332435761   
88.0   -23.3436272779   -1.42246016677   23.3869264209   -3.08073221168   -2.56111065898   0.169985954859   
89.0   -18.0548654926   -0.399042163204   18.0592746976   -3.11949460986   -16.2087972584   -1.1964193728   
90.0   -5.77488911962   -6.02795708507   8.3477907834   -2.33475650897   17.3353840739   -0.367971313268   
91.0   3.3292770166   4.8118280253   5.8513053585   0.965531081452   -10.3660198669   1.68492884076   
92.0   -20.6874655757   7.63716774915   22.0521555222   2.78794400447   17.4871062977   -1.45328947444   
93.0   0.676515636153   4.26986186208   4.32312314504   1.41366278636   0.873373343202   -1.18735264665   
94.0   -21.6487606983   14.05655964   25.8119295808   2.56570905408   -23.5262491512   -1.34664220832   
95.0   15.8380956842   -16.8188390691   23.1023510174   -0.815420843315   4.72688970287   -1.12537432165   
96.0   5.86000473593   -21.4889517018   22.2736324102   -1.30457106553   -29.2153401633   -0.030643213596   
97.0   14.3655807946   4.84623345021   15.1609989849   0.325361485936   17.8791593399   0.211680931051   
98.0   -0.71850653041   14.9274648454   14.9447468478   1.61889239858   20.1191232151   0.498388492272   
99.0   14.1274251822   -3.62218177848   14.584386964   -0.250987082768   4.40033525297   0.152688653358   
