0.0   -3.09812442465   -12.7742005006   13.1445263657   -1.80873195996   3.04913962988   -0.300769861451   
1.0   10.4156631614   1.2886040631   10.4950721543   0.123092429081   10.7315781659   0.138074342337   
2.0   3.67630401231   4.85569149792   6.09039827219   0.922758830623   -7.93418849275   -2.13974390721   
3.0   4.88829092274   -12.6124429827   13.5266073403   -1.20104522267   12.822706087   1.56799265252   
4.0   10.7429802036   -10.8136389481   15.2429134667   -0.788675972915   -18.9473070612   0.255087081882   
5.0   -8.75203817988   7.70182965407   11.6583168735   2.41993548099   2.16295611746   2.30539925568   
6.0   0.042771204845   9.3623108842   9.36240858264   1.56622791331   3.82178728916   -1.40550240171   
7.0   -6.2885959459   23.755468785   24.5737407849   1.82958230999   20.567875234   2.09172477371   
8.0   -1.72489772956   -0.729018478469   1.87262919965   -2.74171885587   -11.0641561546   -0.152335079548   
9.0   8.12933085259   -2.25519633131   8.43634580868   -0.270609801034   -14.21719005   2.11442745407   
10.0   9.16057457478   14.4440969981   17.1040365011   1.00560228614   5.54079930362   0.608502672661   
11.0   -2.34184728281   -2.96702704702   3.77988071157   -2.2389730987   10.6409654268   2.04951569778   
12.0   -2.04895886583   15.4933954822   15.628292805   1.70228059013   6.2742367176   1.39359314587   
13.0   -0.911004184417   -5.90471751375   5.9745809511   -1.72387347322   0.116888035015   -1.41862639296   
14.0   3.7833374896   7.8991256232   8.75841470652   1.12412480241   0.949769234319   -1.29223680364   
15.0   1.23038699964   11.895508501   11.9589704685   1.4677299265   12.9891448073   -0.655050936166   
16.0   11.9097240799   -5.22187263997   13.0042101463   -0.413211351673   -5.2100943261   2.16655256205   
17.0   -6.39946417022   4.52712647862   7.83887847969   2.525902337   11.640148287   1.80578790879   
18.0   2.12714997169   5.77999650916   6.15898746938   1.2181597687   5.09622761411   1.47607934358   
19.0   0.632110373287   -4.72291658107   4.7650293342   -1.43774800566   2.28109846135   0.429632907526   
20.0   6.71843187433   -9.9072388545   11.9704097077   -0.97489701239   6.11461754804   0.829369207275   
21.0   0.492196573351   -1.0480528936   1.15787405818   -1.13173893419   -18.0747633621   -1.4331525743   
22.0   -17.694494733   -14.7379575812   23.0282986242   -2.44710306517   4.4974431307   1.33190632609   
23.0   -3.63006111918   7.91086595113   8.70397287597   2.00100223157   -5.04688389878   0.671721795086   
24.0   7.28988431892   -13.5150790745   15.3557733695   -1.07613627913   -2.01812790477   -1.64962909923   
25.0   -6.53288894598   9.483713772   11.5160524873   2.17400214558   -3.59167515682   0.176518343617   
26.0   -16.0823846451   -10.1666513935   19.0263999861   -2.57786064087   10.0679156004   -0.566813238803   
27.0   11.2432731029   -8.73941235049   14.2403833621   -0.660746303994   -0.368535313645   0.745721649992   
28.0   14.2238111802   6.09877238916   15.4761697182   0.405061247304   2.28875581039   0.686695184411   
29.0   12.6536726088   16.9335899627   21.1391082952   0.929055742111   6.18404586293   1.18685494951   
30.0   -4.04597823461   -14.1232373904   14.6913503212   -1.84980070384   -1.76928149835   1.50306406086   
31.0   10.0985544767   8.88706778046   13.452166229   0.72167381608   16.1138335156   -0.801978184834   
32.0   8.67177090535   -16.2182268189   18.3910437927   -1.07978110361   10.873218324   -1.31016425498   
33.0   -0.321023025176   8.72204643614   8.72795221211   1.60758564963   8.78978125456   0.721782358296   
34.0   9.30035129115   -5.87208580896   10.9989965854   -0.563176338019   20.3241770534   0.74836353956   
35.0   0.353205192691   -2.11122784601   2.14056929948   -1.40503298292   -5.07938777693   -2.09662869368   
36.0   1.61084387982   -7.74889016963   7.91455095796   -1.36583488481   -1.7164479157   1.35369606252   
37.0   -5.03036722545   -1.77727781922   5.3351017675   -2.80197232441   10.9605263479   2.07024078207   
38.0   -2.05692320838   8.07747331023   8.33525693441   1.82014602519   12.859900356   2.1002887932   
39.0   -2.8145930771   -5.51092854156   6.18807462624   -2.04299054507   -7.42943779218   0.207789291025   
40.0   -11.6928668623   -18.9006165572   22.2251308591   -2.12481632925   4.11536086448   -0.47374730283   
41.0   2.65807109499   -1.71898697127   3.16547913489   -0.574055149748   10.7335110744   -1.99813911185   
42.0   -7.79095764174   8.99128524557   11.8971522367   2.28479241011   22.3255019001   0.103105566318   
43.0   -8.1522555932   -7.18015574138   10.8634206274   -2.41951137004   -5.81419078186   0.0547788848092   
44.0   -12.535437448   4.82628224336   13.4324306179   2.77407416641   11.2481505839   -2.42992222252   
45.0   -7.97640956449   -12.9080108852   15.173656598   -2.12430453986   -1.40176510978   -0.945197036495   
46.0   9.92924223541   -8.32911762915   12.9600945926   -0.697983584085   6.14225831034   0.553899421422   
47.0   -5.06459286798   0.196017537048   5.06838473216   3.10290844848   -9.82186459399   -1.11918936673   
48.0   8.4285713554   -15.9205643841   18.014027462   -1.08389526649   -3.43188452968   -1.88056999154   
49.0   6.10636566776   5.25068034171   8.05340584592   0.710196244143   -3.51416603581   0.218042642099   
50.0   13.1567368944   7.16686021498   14.9821096996   0.498787612124   6.02120754632   0.208804549199   
51.0   2.9619063459   7.01145962587   7.61140297758   1.17109779311   -10.7711814833   -0.438406458066   
52.0   -1.72549593642   2.6351334135   3.14980385636   2.15054130017   -10.8812610571   0.328364941307   
53.0   -8.39950576528   3.98191040974   9.29555310953   2.69890759513   4.32789180783   2.43781462559   
54.0   5.25521872524   -9.22207902833   10.6143330198   -1.05283963095   5.6229783282   2.94847614524   
55.0   -1.7046436583   4.91447051249   5.20171418091   1.90467297656   2.04759279179   -1.09175153605   
56.0   2.04231888594   5.28549421198   5.6663493977   1.20206813837   -4.41287390259   0.182452486061   
57.0   -3.06230611732   -2.23559406875   3.79151679363   -2.51099133517   8.83512150331   -0.152808452858   
58.0   -3.28120958808   3.20565640268   4.58721803852   2.36784106489   -2.79751776689   -1.86364170109   
59.0   0.37774882381   -0.89738376118   0.973648698823   -1.17236567124   -1.28846915581   -0.525821887832   
60.0   -11.203063352   2.12645744248   11.4030894815   2.95401374988   -9.21545017995   0.993372373276   
61.0   5.85566655409   1.75785298979   6.1138267825   0.291637433597   7.8698659392   -0.0778545940715   
62.0   -1.06075218016   -5.48001492785   5.5817343897   -1.76199910191   -8.59252122664   2.45727042898   
63.0   -0.746673423937   19.8373356507   19.8513829976   1.60841837034   2.88555628326   1.30170030116   
64.0   -4.97366490816   12.9380336374   13.8610986946   1.93780169529   -27.2402259811   0.777355975798   
65.0   3.89644910987   5.36151038271   6.62782839622   0.942345503177   10.1571853233   0.490784130335   
66.0   -3.24718759861   -3.50005898856   4.77437328075   -2.31873430644   -9.32900726736   -1.04216167522   
67.0   14.2168497352   -3.13819893777   14.559090252   -0.21725412304   -4.35051882832   -1.53302785671   
68.0   1.67852458478   -10.3621007253   10.4971699149   -1.41020436134   -0.825746042287   0.124890109321   
69.0   0.442191658111   6.55093321962   6.56584035066   1.50339800603   6.37954695599   0.964859104436   
70.0   -4.00417992419   17.0604760273   17.5240776974   1.80132875751   26.5853246977   -1.92623353179   
71.0   -0.0634910374663   1.25874354135   1.26034376848   1.62119362609   3.99708224906   -0.0724676720487   
72.0   -4.66369474104   -0.241515260312   4.6699441387   -3.08985262328   15.8496583017   1.04196691819   
73.0   -2.04299291073   5.32791546741   5.70618114514   1.93695516771   15.2160901782   -0.189594313078   
74.0   -5.4688195849   -12.7209414939   13.8466725296   -1.9768157482   -8.37706660756   0.697001230477   
75.0   -0.657120141852   -20.6427292103   20.653185617   -1.60261858769   11.8900353164   -1.83818320739   
76.0   -11.3694339534   8.32014453249   14.0886065125   2.50984207212   12.258680265   0.637243890343   
77.0   -2.45773930282   6.14646032345   6.61962665022   1.95118420753   -27.9332444723   -0.43148521515   
78.0   14.6945001786   2.17892443387   14.8551690393   0.147208967678   17.5389727037   -0.15462089226   
79.0   16.2887986033   -10.5611590958   19.4129606548   -0.575228097046   7.87582469286   1.37586317379   
80.0   -9.66354968262   8.38493787438   12.7941930432   2.42691948641   -5.41802753049   0.792424099197   
81.0   7.89576931069   4.04603946316   8.87206900024   0.473543131887   6.94754010222   0.543151086114   
82.0   8.52898088685   -11.309323109   14.1648968987   -0.924641412012   -0.79974285702   0.0952649175843   
83.0   -9.20681270273   -10.7598302425   14.1611915809   -2.27857017264   3.89467815533   -2.01170344414   
84.0   -8.8538504008   5.5909554528   10.4713633207   2.57835310304   -22.5268243049   -1.65510291671   
85.0   7.36726218928   5.00514572116   8.90662875928   0.596750266016   -10.6788265636   -0.0447114008817   
86.0   4.60909732612   3.01054275324   5.5051926243   0.578603301341   11.5246790474   -0.025156783908   
87.0   -3.55540387396   7.90687217222   8.66945928273   1.99336744458   -5.65371619257   -1.75127045594   
88.0   -19.6403523791   -2.6145765819   19.8136178493   -3.00924808894   -8.94283183665   0.0653458612572   
89.0   -11.8186119248   -6.815227766   13.6428339187   -2.61851763903   -18.0457404252   -2.47842909737   
90.0   -10.4455660207   -0.943077249113   10.4880524499   -3.05155184104   17.6011292521   -0.650964309244   
91.0   1.78477576099   5.55744696129   5.83700618849   1.26005027993   -2.12265229172   0.980952469309   
92.0   -18.2973914154   8.85466447779   20.327312061   2.69088314794   12.8820922567   -1.59315875347   
93.0   -6.55480965962   8.11610202981   10.4324801381   2.25017258527   -0.648721034725   -0.864092286417   
94.0   -15.8015756702   14.2011084497   21.2452647632   2.40948811239   -25.0695231052   -0.473452904154   
95.0   13.2537577541   -11.6822335316   17.667390155   -0.722459074744   3.65616873756   0.744519765711   
96.0   6.16053621463   -14.658974719   15.9008725001   -1.17294992258   -19.8948072025   -1.29791291752   
97.0   10.0480620684   10.9434030069   14.856702888   0.828024944272   16.8446493251   -0.136266644471   
98.0   4.67250739402   16.4024287141   17.0549697469   1.29328036681   7.74863984401   -0.842910255488   
99.0   13.8405708461   -0.667785236983   13.8566712622   -0.0482110012898   5.56302491674   2.36537974719   
