0.0   -7.7940707088   -13.5628705522   15.6428576619   -2.09237679695   10.5939254194   0.769340604682   
1.0   5.88976847066   0.281177858016   5.89647637372   0.0477038340378   10.4623508807   -2.74697269849   
2.0   5.78221670806   5.9417317964   8.29085078863   0.799003242452   1.52531117788   -0.338468851661   
3.0   6.53037917298   -14.9018941242   16.2699815806   -1.1577777129   6.43196443278   0.994894035061   
4.0   3.95079373931   -13.6995192202   14.2578258524   -1.29002536137   -24.0405403761   -2.07380838134   
5.0   -10.5283548531   9.75474399374   14.3527449046   2.39431667585   -1.92414143595   0.25279645965   
6.0   -5.40271013161   5.86213075215   7.97206709213   2.31543349224   4.19861166915   -1.18598751346   
7.0   -3.99505227417   16.0432970305   16.5332338725   1.81484951619   25.7313034885   1.67946208321   
8.0   1.07894003504   3.23655916838   3.41166042414   1.2490215861   -16.1168106159   -0.887786155818   
9.0   6.44963547233   -3.13988176007   7.1733294357   -0.453056924806   -6.24055341122   -0.917469144143   
10.0   12.445731124   8.53927065342   15.0935538063   0.601349966814   -2.15186152422   -1.53008066299   
11.0   4.55907445412   -5.45210884169   7.10708454289   -0.874366359601   12.2604218778   0.261711755025   
12.0   -10.2580454857   12.690368733   16.3178722806   2.25059783191   9.68286612713   0.187185222676   
13.0   2.6584251369   -10.0941837612   10.4383796642   -1.31328166933   6.11283228209   1.45219821022   
14.0   7.856362319   9.26527302091   12.1477451833   0.867501505014   -3.30185767622   1.28544013774   
15.0   7.66491197444   9.11899829529   11.9124726856   0.871818109114   11.3424228217   -0.775932299915   
16.0   18.9811155556   1.16586148024   19.0168867254   0.0613451113733   -7.83644017456   -2.64931968935   
17.0   -7.11202221893   8.12563114893   10.79846015   2.28977233064   13.645392756   0.556857078921   
18.0   3.65132715186   4.05822247607   5.45906215711   0.838127332808   -0.401545700528   0.874523313511   
19.0   2.27883688005   -4.52598223815   5.06730823474   -1.10435178946   1.11097505349   1.47366778198   
20.0   5.49439391344   -12.8286416152   13.9557303702   -1.16614133559   12.7699990496   1.63644974339   
21.0   -1.74075956537   -1.18493957165   2.10578385712   -2.54393570559   -14.9957099441   -0.925346830475   
22.0   -14.6574960394   -10.2440226869   17.8824548358   -2.53160996874   10.4706402168   2.09852171112   
23.0   -9.70801328182   10.6940469681   14.4432739514   2.30790196371   -4.47379075948   -1.69432999012   
24.0   1.68943745401   -16.4008917196   16.487675643   -1.46814948323   -2.78780616529   0.573559465835   
25.0   -2.97005770732   8.69122120301   9.1846920898   1.90008543897   -13.2790471407   -0.174292895536   
26.0   -7.88939004914   -6.72518556597   10.3668026047   -2.4356871314   8.67558447504   1.66522904113   
27.0   9.4233423997   -12.7796987282   15.8782896297   -0.935428760347   5.49807916142   2.00742940305   
28.0   15.4433391132   4.55018236162   16.099716845   0.286529571628   -1.53121135911   -1.46087007965   
29.0   9.10801913254   11.7393166643   14.8582491655   0.910951696277   9.4944156529   -1.71595563949   
30.0   -7.44390143298   -23.3566967364   24.5142193631   -1.87932433027   -1.64293310823   -0.170664216155   
31.0   8.1431697282   12.2855180634   14.7392390342   0.985456856506   17.5311491509   -1.42103017172   
32.0   8.84621110423   -19.9883760319   21.8584223423   -1.15414020399   17.3207206674   0.0512733292355   
33.0   -0.430064177364   9.15379465331   9.16389173614   1.61774386966   4.03148272909   -2.94937762819   
34.0   10.1850230463   -11.4762416158   15.3440156438   -0.844937275242   22.4815366448   -2.87822973155   
35.0   0.0017917021371   -3.1252574291   3.12525794269   -1.5702230294   -1.25877993231   -2.3658009612   
36.0   3.12815013198   -10.1570516357   10.6278417931   -1.27203628101   2.37231573457   -0.595353843814   
37.0   -11.3676848535   -2.24054661059   11.5863845975   -2.94698914258   2.83644755374   -0.320554620338   
38.0   -1.52670125166   4.28472333091   4.5485899721   1.9130838077   15.2802741622   0.677769959679   
39.0   4.77782194857   -0.0454943596259   4.77803854202   -0.00952169947433   -6.02048302337   -0.380597184279   
40.0   -15.2258026908   -21.2591290463   26.1491039117   -2.19231268286   -4.32839971276   -1.31417621664   
41.0   -1.35738195565   -5.18213770234   5.35696153986   -1.82697577447   13.6986110375   0.447873298784   
42.0   -7.89560405959   14.6769539067   16.6659395008   2.06434827518   27.0308701409   0.157909859795   
43.0   -8.14167596647   -8.6962537076   11.9126704013   -2.32327017301   -9.45108149382   0.0651827709865   
44.0   -14.489386413   8.76748905416   16.9355006699   2.59743354262   10.0729656069   0.871740488455   
45.0   -9.20020619236   -9.29701373001   13.0796887684   -2.35096091162   -11.2394161388   -0.950029928896   
46.0   11.8586697022   -9.25252978711   15.0411886022   -0.662571369906   8.64966446621   -1.50822825455   
47.0   2.77559547473   -0.877387500523   2.91096875033   -0.306168345131   -13.9931659724   0.222974027175   
48.0   15.6431836155   -22.5918090268   27.4790652813   -0.965170864109   -0.850689097123   -0.347313084795   
49.0   2.54552733139   5.46708430663   6.03064840715   1.13503748846   6.62991286882   2.74459202367   
50.0   12.7281761586   10.6349480059   16.5863976623   0.696041365584   -5.17941299471   1.06321086534   
51.0   4.29648122946   -0.802400992603   4.3707663296   -0.184630772896   -14.4091374873   -0.0992412273013   
52.0   -7.88684034646   4.24048752811   8.95455108459   2.64826805426   -11.7643637757   -1.60051477799   
53.0   -13.2347134243   5.0995344689   14.1831904458   2.77380944695   13.125705856   2.7989397727   
54.0   6.23356729755   -7.11404185519   9.4586972026   -0.851267696991   10.8864553719   -0.0970171303125   
55.0   -4.12485248728   8.69695220728   9.62555898312   2.01366286321   2.08804670703   -0.714488223127   
56.0   -0.300574717731   9.90724647035   9.9118049711   1.60112589904   -7.34780217857   1.83649166096   
57.0   -6.79310144791   7.59365967723   10.1887140786   2.30060633758   7.07036578092   0.15573442143   
58.0   -4.02778805899   -1.78536714738   4.4057476663   -2.72435579472   -4.04223403647   -1.29737799131   
59.0   -0.916831107508   1.27971053271   1.57424214377   2.19246841595   -7.9919028393   1.39257508911   
60.0   -16.8750354116   7.48825291571   18.4618729243   2.72395055117   -9.85201907453   -1.74910427511   
61.0   10.9782156421   -1.56597893429   11.0893421224   -0.141688377473   12.4090506662   -0.852780892156   
62.0   -3.61640708952   -2.0833695399   4.17358705156   -2.61894092864   -12.8005534616   -1.91478806556   
63.0   -0.50012375945   14.4643857955   14.473029407   1.60535877608   4.63924131021   0.12686520101   
64.0   -5.62320932193   7.36141044377   9.26341442449   2.22311947977   -27.3529581517   -0.472179515645   
65.0   6.80329684755   5.73432105021   8.89760000802   0.700342395025   8.59039054535   1.24251172572   
66.0   0.136801936644   2.23014575616   2.23433767895   1.50953094367   -11.4330687451   0.34650092702   
67.0   15.2777676858   3.11352150661   15.5917991789   0.201041219719   -7.65885279685   -0.244015375107   
68.0   -1.24323968604   -12.5529752972   12.6143899468   -1.66951384294   -1.38968613212   0.234958190123   
69.0   -3.26409024692   9.0813367847   9.65012761248   1.9158457853   14.4674036575   -0.374873895917   
70.0   0.0849965868321   18.4722056339   18.4724011812   1.56619503615   22.6751878035   -2.53414777311   
71.0   5.86588266812   -2.43547246852   6.35138611809   -0.393534655681   4.98390212861   -1.40851621577   
72.0   0.356001427468   -8.98091700058   8.98797013723   -1.5311773057   18.2878286857   -0.160599450885   
73.0   1.62408152291   5.24898166033   5.49449263022   1.27073004313   15.300646617   -0.500259976451   
74.0   1.02892677015   -15.0487420561   15.0838764172   -1.50252963141   -13.1063451084   -0.406216030629   
75.0   1.26163709835   -19.3322328757   19.3733568626   -1.50562793281   4.49301252379   -2.23921565425   
76.0   -15.6987306053   4.77996197902   16.4103071007   2.84603012427   2.8885525197   -2.37069392504   
77.0   -1.53192213242   4.06115729469   4.34048199996   1.93150592216   -31.7838844744   2.12315035139   
78.0   15.0887126717   -0.947117182369   15.118408681   -0.0626876682717   20.8867387791   -1.02047212998   
79.0   14.3069395592   -7.11218440601   15.9772239947   -0.461336394386   9.04261599094   1.63310644993   
80.0   -5.49825694179   2.97546991472   6.25173980676   2.64555704603   -7.2763580955   -2.20617302757   
81.0   3.19060244949   14.0769803762   14.4340334107   1.34790824088   8.47757633375   -0.522163816738   
82.0   8.61468941321   -14.1393966785   16.5570351246   -1.02358958982   -6.93585837054   0.513439135994   
83.0   -13.1432730789   -10.6092426005   16.8908749265   -2.46247720303   3.92810326441   -0.248541895556   
84.0   -9.40422538501   8.13182622453   12.4324596455   2.42862659943   -20.4455152142   -2.75934268433   
85.0   10.3320321852   12.6610966448   16.3417948012   0.886347773227   -11.0886855639   1.60524267767   
86.0   2.98207357299   3.14008093162   4.33045852675   0.811201545049   18.7094645772   1.76683890912   
87.0   -1.14184149877   10.6456304621   10.70669183   1.67764699186   -8.46625687834   -0.829990541312   
88.0   -21.4716816693   -5.50269772355   22.1655768241   -2.89071502595   -6.11446540833   -0.429817587525   
89.0   -14.5509224447   -2.57844165768   14.7776082427   -2.96621194771   -16.8458650274   -1.09609038949   
90.0   -8.31253481536   -2.71752407378   8.7454658051   -2.82562622744   19.5550666373   1.87784568163   
91.0   2.28127288253   7.36650946202   7.71165790337   1.27048111211   -15.5061758283   1.40879054169   
92.0   -23.3256086305   7.45719339223   24.488645354   2.83216200967   16.4807467922   -1.90689167823   
93.0   -1.79116770678   0.595672733368   1.88761960126   2.82053725479   -0.715078899511   0.337879437349   
94.0   -18.0948104421   14.9596247733   23.47791597   2.45076075084   -22.0975944915   0.664956936973   
95.0   13.0519110699   -13.8459087042   19.0279155564   -0.81490862702   0.384771428528   0.655810485116   
96.0   9.92552810201   -20.0943561556   22.4120337634   -1.11200358615   -27.5131766107   -1.86499863353   
97.0   12.2959268376   6.34521873392   13.8366042646   0.47639895285   17.3305682346   -0.937758634454   
98.0   -0.491994906357   17.6108892523   17.6177603357   1.5987260334   14.542094854   1.4378987139   
99.0   13.1965652299   0.233476980452   13.1986304353   0.0176904080944   5.11801921569   0.315426804793   
