0.0   1.3681701619   -8.39978337425   8.51047885411   -1.40933266139   -0.885030305551   0.852789084825   
1.0   2.32043798878   7.76820781365   8.10737226824   1.2805238363   2.92150961435   0.139273882707   
2.0   -1.83521145887   6.00939768045   6.28337978962   1.86719093887   -4.49573462413   -1.38263673159   
3.0   4.90405517235   -11.8545796625   12.8289054914   -1.17854896209   9.66372351466   0.303695827002   
4.0   5.34443991074   -0.910061620253   5.42136976346   -0.168664169547   -13.4050871267   -0.257150744562   
5.0   -3.29921270035   7.22904884837   7.94631686344   1.99894539921   -2.98278249509   1.41558001509   
6.0   -3.79451367407   7.41657064745   8.33089756216   2.04370177174   6.94179436596   -1.5767868007   
7.0   -5.68271986645   10.8388500584   12.2382178306   2.05368796307   15.3724815146   -0.103469988708   
8.0   -5.67685007732   -2.67384366409   6.27503519833   -2.70140619773   -5.75348932256   0.701269783894   
9.0   1.05704465501   2.16432282559   2.40865869231   1.11647566682   -11.9773184162   -1.10872722779   
10.0   0.853856030404   12.4722227274   12.5014163151   1.50244236767   0.759528960862   -2.46118297508   
11.0   3.20174490872   -5.00385645624   5.94051764539   -1.00158567731   9.34152633063   1.86005894181   
12.0   3.68585860661   3.41604077786   5.02542418746   0.747424079782   7.43237390302   0.98362063975   
13.0   0.415418142575   -7.19169871887   7.20368674334   -1.5130968806   -1.78830091236   0.112604852665   
14.0   2.26255588774   7.75937206655   8.08251285259   1.28707280534   4.65922743185   -1.54178777201   
15.0   3.75282834871   4.19240338462   5.62671900438   0.840667458273   7.43753361769   1.27996298238   
16.0   2.19174905444   -5.46866820267   5.89152746141   -1.18961516252   -5.79453048261   -1.81809697928   
17.0   -6.55510547667   3.64506265133   7.50039262588   2.63410518279   -0.467040443929   0.339340529139   
18.0   2.26944238266   6.49658539562   6.88156890039   1.23471985756   4.05235892978   1.5909469801   
19.0   -2.36038338521   -1.48355425678   2.78789220702   -2.58046425589   10.285157797   -0.91424678143   
20.0   7.98273291846   -6.2519086666   10.1395456911   -0.664399738097   2.90305708198   -0.856141487838   
21.0   4.03170971365   -1.41071282267   4.27139249931   -0.336589617622   -12.5513521787   0.542441225633   
22.0   -9.41738817561   -10.0181371122   13.7495553109   -2.32529449057   8.92666418193   0.722987655104   
23.0   -0.788995341722   3.48239327986   3.5706549266   1.7936017454   -7.54453427869   -0.550548518249   
24.0   3.65360041968   -12.1707365467   12.7073059346   -1.27916017839   -1.5580272112   1.94916417147   
25.0   -3.79345625977   8.45941139884   9.27102753796   1.99234410965   0.464608310816   0.0613386638751   
26.0   -5.60975090349   -5.6752621379   7.97984370355   -2.35038940177   12.4172491689   3.00853431355   
27.0   2.50455175177   -1.82754745021   3.10043693051   -0.630375778324   5.38861149766   0.0722792391504   
28.0   15.1491472112   -3.06303331378   15.4557055584   -0.199502166938   0.446267117591   1.24111339186   
29.0   2.09283445004   12.9345848413   13.1028027937   1.41038508588   -0.481442517247   -0.213948109312   
30.0   1.59895690842   -7.88706512836   8.04751263024   -1.37077566521   -7.07912686857   -0.484307533938   
31.0   9.87957409145   6.03743796998   11.5782831832   0.548543541322   10.4915458963   0.962707939653   
32.0   0.191779876458   -6.95890233918   6.96154446134   -1.5432443743   9.4184007254   0.423025441587   
33.0   3.14942763186   0.142412764606   3.1526458418   0.0451878357739   4.91540573344   -0.737633262698   
34.0   0.396922955387   -1.05813135496   1.13012822143   -1.21192317137   6.45151402196   0.0519125327827   
35.0   6.40827345822   -3.85564980007   7.47877022619   -0.541644693146   -3.83262017828   1.08748014583   
36.0   -5.89287538925   -5.72134779435   8.21339156117   -2.37096216969   -2.86505515271   -1.69027180506   
37.0   -0.498624855809   0.470565044575   0.685607911278   2.38513822473   3.62386240292   1.36526304909   
38.0   -3.19285309936   6.77360592282   7.48839422786   2.01127614513   -3.21473920245   0.0615288735129   
39.0   -5.47750909995   -8.63906133094   10.2291977505   -2.13586980983   1.00558483912   -1.45677047086   
40.0   -6.89984969021   -9.16002097634   11.4679514315   -2.21637864283   4.11181720682   -1.22350219392   
41.0   0.311025131927   -0.534714893853   0.61859247522   -1.0439672791   18.435619379   1.89743063123   
42.0   -6.44744427704   4.70623387019   7.98236650038   2.51105541568   23.3249368013   -0.0311884674827   
43.0   -2.02384544731   -6.83938237506   7.13253823452   -1.85849712873   -2.81074442062   -0.286319495216   
44.0   -8.47416857668   7.76951525397   11.4968213149   2.39954745214   11.4211397124   -0.381959114605   
45.0   -12.8181376516   -9.39044884694   15.8897823271   -2.50932689502   10.7448577435   0.778628657307   
46.0   3.71329549904   -9.73782812112   10.4217973488   -1.20649038369   1.38694850672   2.78424345282   
47.0   -1.73628949971   4.47958273069   4.80430667921   1.94056818488   -10.6232544045   -0.322827727997   
48.0   8.75147602743   -3.49858621925   9.42488398827   -0.380308937514   4.73393600193   1.99653925735   
49.0   8.34908705373   8.32981318702   11.7937713375   0.784242580124   -6.42227855586   1.22362276329   
50.0   7.42387016068   12.0696555404   14.170054094   1.0193583253   1.09350256543   0.246531176497   
51.0   3.4804722083   3.69669737014   5.07732786406   0.815515855062   -5.95698652056   -2.55965227574   
52.0   2.77546133772   -3.07663142766   4.14353068998   -0.836816457661   -17.3372293092   0.988057096586   
53.0   -6.13257578057   -1.52976460778   6.32049566566   -2.89713269012   1.49126036865   2.17578194954   
54.0   2.23412932779   -4.22483837579   4.77918331463   -1.08436861768   6.43049382391   0.135449745278   
55.0   0.30492908735   3.52829711935   3.54144918229   1.48458666791   -0.937615831023   -0.693668354589   
56.0   -3.40953924747   1.48830548132   3.72021653749   2.73001161607   1.87946200381   0.419876488591   
57.0   -3.03382186118   -4.78636708564   5.66686729718   -2.13573186804   5.25278873838   0.817975232721   
58.0   -7.18984841655   5.35789127844   8.96665596556   2.50116917718   7.16030929724   -0.0621990547646   
59.0   -5.62332476197   -1.59179531742   5.84427871608   -2.86573928756   -1.67691670372   -0.235379982644   
60.0   -8.7101757776   -7.57611517028   11.5440323609   -2.42571510765   -11.1780033441   -2.43170077479   
61.0   6.68172149874   -1.54724054032   6.8585242929   -0.227552502962   -3.83629168465   1.46924683509   
62.0   2.80662415415   -1.68676805456   3.27449623798   -0.541151050944   -8.50652266471   -1.85619969923   
63.0   -1.79216603316   13.0005103183   13.1234571522   1.70778642726   8.22766942243   2.33819013409   
64.0   -7.76920408177   9.60560665509   12.3542790675   2.25089205753   -16.2152665024   2.47264626905   
65.0   4.81643404566   5.45979501074   7.28061800093   0.847923274515   7.21140994969   0.619057030111   
66.0   -0.439114993589   4.6951297646   4.71561931076   1.6640506933   -1.20866430314   0.173836485246   
67.0   14.9852294156   -7.61451968354   16.8088670245   -0.4701344168   0.414607589402   -2.15677739779   
68.0   -5.5775803667   -1.08094390514   5.68135921   -2.95016415197   1.38880214082   -2.19920167376   
69.0   -4.35610445615   4.05231788664   5.94953160234   2.39230762577   1.58252316835   -0.713218300962   
70.0   -1.56129698225   13.1810795731   13.2732251914   1.68869683529   19.0757049094   -1.58285602258   
71.0   1.18714295717   5.02083527655   5.15927274672   1.33861702353   1.32999707708   0.550374668095   
72.0   -10.787632794   1.24912144818   10.8597111237   3.02631404646   12.4138077292   1.14123390809   
73.0   10.5738325565   7.38052640516   12.8948867754   0.60938186646   16.6989349996   -0.837389070323   
74.0   -5.78821651786   -7.50310866938   9.47629094963   -2.2278799618   -6.18241189008   -0.413388694986   
75.0   1.94650214735   -18.6893070663   18.7903983254   -1.46701990159   9.88616429914   -0.59769458758   
76.0   -9.59914928644   5.61587922691   11.1212304407   2.61224633197   -6.11960389626   0.183978757178   
77.0   -1.52069918346   1.65544148347   2.24789068056   2.31379663448   -9.69288160495   -1.9017535711   
78.0   3.34128353457   0.0158418119888   3.34132108924   0.00474119993773   12.0571135118   0.80272652682   
79.0   13.7209460189   -11.6493201352   17.9991949616   -0.703923262285   8.15982278902   0.608466444741   
80.0   -5.48766306415   -0.404074254561   5.5025195964   -3.06809208701   -8.85655717071   2.60107139048   
81.0   -2.81276083921   6.49218466994   7.07531521045   1.9796368258   -0.519275978004   -1.08838761148   
82.0   6.69651068684   -3.06114015056   7.36300444115   -0.428762973174   2.86949744448   -1.26908572915   
83.0   -0.666156479898   -6.11186516104   6.14806149957   -1.67936174779   1.11157064571   0.892019486691   
84.0   0.706225193104   0.950518977143   1.18416229854   0.93179734564   -23.7032385736   1.42573980057   
85.0   8.81082073624   -1.65637863356   8.96516325696   -0.185824822968   -5.32320235193   0.140528657743   
86.0   4.43696562904   2.50480566318   5.09516588578   0.513931132372   8.12987901874   1.62131290398   
87.0   -4.59747305007   5.1346850718   6.89215127756   2.30105077169   -2.371028887   0.941779951099   
88.0   -3.96679077714   -1.31728091317   4.17979163043   -2.82097301336   -5.58729323771   -0.0174306188625   
89.0   -6.35412940409   2.52038787489   6.83573811112   2.76397448699   -9.82566129923   0.519515255726   
90.0   -7.30350553092   0.445648787499   7.31708930395   3.08064973653   21.605648211   1.90179385396   
91.0   2.21317034927   10.1112333689   10.3506117325   1.35531234076   -2.91645201288   1.62265988823   
92.0   -23.4191637252   3.26985915052   23.6463360471   3.00286626403   14.1479705636   0.617701948565   
93.0   -6.59245444955   5.01347550328   8.28223353277   2.49141361864   -0.44643200419   0.426529870117   
94.0   -17.8450650011   7.66655709565   19.4222151825   2.73581722115   -12.781908494   -0.827046620842   
95.0   8.39501992994   -10.4662357586   13.4170954598   -0.89477317131   -4.58198555257   -2.65682844509   
96.0   5.95486832274   -5.39949035532   8.03834266739   -0.736523920139   -8.09782255151   0.237174124414   
97.0   6.8227360735   3.95544192724   7.88639641207   0.52539239112   10.107521051   0.584103091917   
98.0   9.3450771503   7.19787230093   11.7957548553   0.656324001221   2.99011216512   0.38543792046   
99.0   7.05662520338   -1.5091724012   7.21620125811   -0.210692037416   4.92771051396   -1.06834449629   
