0.0   -8.82976053472   -19.2024881415   21.1352838146   -2.00178960738   10.8371698346   0.293156728799   
1.0   4.69610636133   -3.03110372055   5.58936532369   -0.573170254576   5.80586075842   -2.43344422888   
2.0   7.63775095629   8.6745961445   11.5578483266   0.848874757441   -6.75087388583   -2.55896931021   
3.0   7.16754763137   -13.0277341917   14.869283682   -1.06781794548   10.0905492915   1.33331678721   
4.0   5.13099410571   -17.3560510528   18.0986079205   -1.28335220242   -20.0173032503   -0.090061617214   
5.0   -12.1057769908   11.0155442718   16.3674082296   2.40331229039   -7.48083205733   -2.04817445829   
6.0   -7.16864413313   9.29189702235   11.7357917918   2.22791236948   1.95032605535   1.04604938951   
7.0   -5.91509229844   15.9687871861   17.0291068789   1.92554199486   29.9131874751   0.989428329612   
8.0   3.02006079529   -0.965082972925   3.17051294775   -0.309301464601   -13.3632200541   1.07843703228   
9.0   2.62772267997   -5.77749497803   6.34699729825   -1.14394097674   -8.30687173371   0.896888534469   
10.0   15.0242155921   5.23404000415   15.9098154899   0.33522517249   -0.0317037232437   1.7217836514   
11.0   2.56117791135   -4.91030371447   5.53811473896   -1.09002425843   4.80283190722   -2.61644724885   
12.0   -5.42735840813   9.07863173532   10.5772290074   2.10960897333   11.8096003334   -0.77377571031   
13.0   7.00217337104   -6.21113543696   9.35994846857   -0.725602775397   7.39592340647   0.143134237128   
14.0   3.88198848163   8.64126226847   9.47318574525   1.14857576982   -2.33213856234   1.74264777602   
15.0   4.17875353868   6.20268183861   7.47898677149   0.977939533434   9.02633227744   0.511086731938   
16.0   17.1274701619   3.87725415376   17.5608466174   0.22262408386   -3.79471736694   -0.197832615321   
17.0   -8.12206305806   7.62798931663   11.1424471878   2.38755386348   16.7370935313   -0.758061544012   
18.0   2.31833171404   -0.341224373436   2.3433087738   -0.146136064998   -3.28508769294   -2.51054864744   
19.0   5.93860182002   -5.58490004389   8.15218376124   -0.754713848271   3.99811378534   2.32748825241   
20.0   10.6051707771   -14.841138507   18.2408618052   -0.950352448097   12.4346768553   1.71756845596   
21.0   -1.51619391246   -1.63986349714   2.23338224885   -2.31702969352   -19.4809021342   0.300816675978   
22.0   -10.9870842423   -10.558938648   15.2383465481   -2.37606308759   13.8441126394   1.4414842348   
23.0   -10.0310883636   10.5301103069   14.5432443709   2.33192917351   0.389062451373   -0.125169721911   
24.0   3.78646436112   -19.3109292716   19.6786509113   -1.3771739529   -0.427306187632   0.254582152977   
25.0   1.8921150074   6.29835429519   6.57642501888   1.27895958432   -11.847067901   2.16718505165   
26.0   -8.94737593071   -6.70447306558   11.1805856346   -2.49852507362   12.695067137   2.31014649948   
27.0   12.9513458628   -8.89525937122   15.7118744565   -0.601826288596   7.97505772163   -0.016895528779   
28.0   14.4191806805   7.26672832097   16.1467678496   0.466812691287   2.88124162664   -0.114743758184   
29.0   10.8511069415   11.5852185061   15.8733679378   0.818106271434   6.95431849084   1.66365953405   
30.0   -6.02959646062   -24.9793870701   25.69680548   -1.80764846347   -0.726934867648   -0.259601047987   
31.0   6.99337324883   9.31474020104   11.6478175814   0.926792593484   18.4550597612   -0.0303776932587   
32.0   12.9180686585   -24.8773444197   28.0313888925   -1.09185151137   18.3474742016   -0.111067341717   
33.0   1.65999866872   6.65266330186   6.85664091142   1.32626578302   8.26234163086   1.87875186787   
34.0   9.06912823536   -15.5725957917   18.0209552089   -1.04343539179   23.0388315763   0.529801593165   
35.0   4.86565588466   -5.32447350199   7.21280980349   -0.830393464332   0.253190516603   1.14946728458   
36.0   -0.798289513815   -11.3525015163   11.3805341186   -1.64099914878   1.55381599862   -2.35677600367   
37.0   -8.65672955083   -0.298060459685   8.6618593012   -3.10717518008   -0.547116827656   0.437793770222   
38.0   -3.07814880654   8.53533430078   9.07341896428   1.91691482289   14.6425610477   0.630006683238   
39.0   0.696017275722   2.40767430677   2.50625928738   1.28938514217   -2.69008398238   2.09579579918   
40.0   -11.1512994716   -21.4867724384   24.2081157822   -2.0495158448   -7.61736293416   -0.07571435831   
41.0   -3.79271588039   -9.70019725454   10.4153022292   -1.94351461027   10.3033374427   -0.636291965896   
42.0   -6.035098363   13.8914088042   15.1457469547   1.98064243859   23.428224506   0.524203491026   
43.0   -7.32337751291   -13.1979399743   15.0936237452   -2.07738451528   -7.46412704069   -1.45171213598   
44.0   -14.9280018504   6.50693549723   16.2845156148   2.73053611282   18.648267671   2.44209426632   
45.0   -11.414293037   -11.7644016782   16.3916818045   -2.34109087789   -14.2990958006   1.38677246574   
46.0   12.2108155179   -12.2795490645   17.3173710718   -0.78820471068   9.17042045212   -2.74040079349   
47.0   6.83339949778   -3.57184806784   7.71060615749   -0.481645722833   -11.8642882791   1.63544067408   
48.0   17.5324318778   -19.5776571729   26.2806169625   -0.840454844963   0.945590200226   -0.159518439469   
49.0   3.40799816312   4.43371720806   5.5921641393   0.915462634394   5.68432868461   2.65851675861   
50.0   17.6051758134   13.9218358148   22.4445923972   0.669094171934   -5.88067162532   -0.0350647079029   
51.0   4.69770773896   2.8698186648   5.50493570984   0.54839397605   -18.0275449096   -0.411616674218   
52.0   -6.76898921426   5.04348642461   8.44132515059   2.50124323395   -16.6301174183   -0.238792735993   
53.0   -10.0389010564   5.59094835905   11.4907892668   2.63344575682   14.5562992964   1.43454487323   
54.0   6.31174062671   -9.23634341489   11.1869615811   -0.971326181112   13.2867944603   0.456262265673   
55.0   -2.62056514587   11.3810634501   11.6788683929   1.79710842329   3.60730509043   0.253947838219   
56.0   1.31553349462   7.64504368878   7.75740429389   1.40038854571   -7.05931614156   2.40831261479   
57.0   -7.64017347611   3.81538940719   8.53987394951   2.67843702148   2.789120567   -0.356763455819   
58.0   -10.4504591875   -0.504024909756   10.4626066704   -3.09340006829   -3.5507446977   -0.59504884817   
59.0   -1.34699087035   -3.68216373065   3.92080529281   -1.92149021444   -8.16064226177   1.05451667402   
60.0   -13.5244181509   11.8731547261   17.9967132963   2.42111969388   -12.761946584   -0.676003351988   
61.0   7.16910912872   -3.39847582553   7.93383662777   -0.442668339971   10.7153285253   1.44899013516   
62.0   -2.07566886205   -0.35298748218   2.10546939837   -2.97314454028   -13.5336909004   -1.86648282068   
63.0   -2.80036991804   16.0980378631   16.3397948188   1.74303002083   3.55424902123   1.65725237962   
64.0   -5.32073906007   10.5104812701   11.7805127509   2.0394168784   -31.0543011543   -0.817642689985   
65.0   4.06752851475   10.2881079389   11.0629992851   1.19429447573   9.24027226498   0.88367443281   
66.0   3.13418015909   1.90460670214   3.66750759501   0.546053979153   -12.5600559854   1.03142276676   
67.0   17.8120535265   4.15288828685   18.2897712384   0.229058485355   -8.37222085468   -1.02099949311   
68.0   1.08771375144   -11.3494741712   11.4014773239   -1.47524989336   -3.44323011402   -1.53399625493   
69.0   -4.73267040632   8.1626906972   9.43544851043   2.09622516491   10.3421438635   0.291199359796   
70.0   0.468888625985   14.1727087488   14.1804629622   1.53772447911   22.2091057646   -0.642333915201   
71.0   3.76874167776   -7.79143997431   8.655053478   -1.12027123778   3.51731153689   -1.17086921302   
72.0   3.03338419733   -13.4524871557   13.7902440284   -1.34901675622   18.8427403694   0.479629351949   
73.0   3.25617811783   -1.02747177676   3.41443907356   -0.305656844997   17.0941834394   -1.00449748095   
74.0   -2.42083788319   -14.2362313484   14.4405934456   -1.73923280866   -9.00139951373   1.4399397416   
75.0   -2.5425651005   -16.3125101415   16.5094707488   -1.72541816213   1.18827414518   -0.661813713376   
76.0   -13.9007090663   9.70320082701   16.9523396272   2.53218576183   0.784480824562   1.36455445782   
77.0   -0.704139068355   3.81008747458   3.87460686929   1.75354356276   -39.4603572614   -1.54849109948   
78.0   18.1488207368   1.2946510994   18.1949392856   0.0712146402974   21.5699542855   2.00829549058   
79.0   15.9874284481   -7.57553061999   17.6914253964   -0.442503882674   14.8299529781   0.770406639852   
80.0   -6.08938035302   -1.73098426156   6.33062868896   -2.86463545538   -7.33378284327   0.0448584978429   
81.0   2.85398781123   16.0291934512   16.2812864702   1.39459344118   10.0221458118   -0.275835519296   
82.0   12.1971135466   -13.6852424904   18.3318149917   -0.842830816714   -7.64253236674   -1.60158614963   
83.0   -13.6929937284   -10.3194028374   17.1460827062   -2.49577462675   10.2503778926   -1.23718109912   
84.0   -8.84641727287   10.7939529435   13.9559492229   2.2573577633   -30.8430790048   -2.04181110918   
85.0   11.2689804213   13.4973381538   17.5831753951   0.875131867587   -10.8312923801   -1.04695925182   
86.0   4.58357652626   4.95672760549   6.7511719225   0.824491358108   20.7111170523   -0.661975919098   
87.0   -2.15456185997   4.62915393627   5.10599676597   2.00641011234   -8.8403987216   -0.689243008081   
88.0   -22.5074288697   -0.874033123157   22.5243931822   -3.10277906118   -2.73109661384   1.57036285889   
89.0   -17.1776830722   -0.879199430493   17.2001682366   -3.09045462202   -15.0123778856   -2.6643513313   
90.0   -5.83148334415   -5.02955982258   7.70082268345   -2.42989560765   17.7033553872   0.472023339522   
91.0   3.91806167571   4.00353808649   5.60174298809   0.796188041227   -12.0509487077   0.926279375143   
92.0   -20.8943082158   8.61554197318   22.6008778437   2.75049451457   18.9403957722   2.67141704759   
93.0   0.0342710967278   3.50336205675   3.50352967858   1.56101429369   2.06072598985   0.893956737998   
94.0   -21.6130725276   13.0571966656   25.2510453021   2.59813883098   -22.1796069429   -1.53566386756   
95.0   15.8235954698   -15.8189442027   22.3746546182   -0.785251169284   5.85226402452   0.519888489767   
96.0   6.44897983209   -22.2971028857   23.210991749   -1.28924978261   -29.1846969497   -0.301869057032   
97.0   13.8006084425   5.67134328612   14.9204868571   0.389909207748   17.6674784088   2.40656767529   
98.0   -1.01520065391   13.9724922819   14.0093244996   1.64332596846   19.6207347228   1.69518025619   
99.0   14.4344390075   -2.67047672382   14.6793894762   -0.182938833763   4.24764659961   1.04354344271   
