0.0   0.628322933457   -12.3816818621   12.3976141028   -1.52009364962   4.26079056799   0.777775542178   
1.0   10.3736572532   2.31730569249   10.6293306694   0.219775470553   11.778829506   0.877900840279   
2.0   0.884998004847   5.566323904   5.63623839744   1.41312457777   -3.51172314748   1.08558716915   
3.0   4.65449905368   -10.1810057762   11.1945183038   -1.14199189668   11.9197237714   -1.95008839187   
4.0   7.99367600999   -9.45638025009   12.3823254515   -0.869024992232   -17.798646167   -1.68072805847   
5.0   -9.74457761093   6.4344924438   11.6773064456   2.55800013796   2.09072512473   0.201908952968   
6.0   -0.171563725078   12.6783488585   12.6795096076   1.58432752523   5.00053330453   -1.54320726628   
7.0   -5.67991724152   21.8919381678   22.6167729045   1.82465144828   20.3163969292   0.340041028801   
8.0   -2.1612080192   -4.18413276408   4.70932979199   -2.04757615218   -12.604558907   0.648685365046   
9.0   8.57284683722   -0.959187804233   8.62634013579   -0.111423316485   -13.6524376523   0.0436894589481   
10.0   7.4859370844   17.6121095704   19.1370232156   1.16888766209   3.20454764599   2.19072649398   
11.0   -2.76174112957   -4.08539341943   4.93129328456   -2.16523521503   7.62704515028   0.566975026476   
12.0   -2.47914788913   16.7826276528   16.9647506669   1.71745676053   2.00169390438   0.997291966459   
13.0   -1.17193501573   -5.33678193141   5.46394299609   -1.78696108032   3.90294508111   0.768623523432   
14.0   4.79207280671   5.7757269394   7.50486398699   0.878211053283   -1.11806032111   1.05126573532   
15.0   -1.26343704689   8.94121012068   9.03003386448   1.71117188078   14.7228487068   0.462954892072   
16.0   9.70507714454   -3.66944624624   10.3756136269   -0.36148179016   -6.17402778395   -1.01489500663   
17.0   -5.00438659723   7.350532295   8.89236808923   2.16853323295   9.74645550364   1.44406023636   
18.0   2.65246682393   8.28020792724   8.69467788767   1.26078663585   5.60164583775   1.66320976851   
19.0   1.52730563114   -4.6980748575   4.94009816275   -1.2564813963   5.39963425559   0.150179008356   
20.0   3.78070558303   -8.92953513505   9.69692386449   -1.17028733314   4.5964363529   -0.376451322342   
21.0   2.05563906546   -2.35866287387   3.12872857884   -0.853936559261   -15.8868717035   0.488076349435   
22.0   -16.685323713   -12.6264325365   20.9243118406   -2.49379261831   7.70201775453   1.92412974383   
23.0   -4.13658929124   4.55720903762   6.15463444706   2.30785060203   -4.33720751097   -0.370573408753   
24.0   4.94923979348   -12.0819689602   13.0563757792   -1.18200860119   -1.69340601222   -0.21995019066   
25.0   -3.48352063743   7.60743174246   8.36707438401   2.00020887803   -4.65497759045   2.33959375455   
26.0   -13.4472499631   -9.93160319717   16.7172148887   -2.50545332919   9.74405963956   -1.13525464579   
27.0   8.19559867709   -6.55330270626   10.4935034205   -0.674504584251   -1.57275732036   -0.814153506633   
28.0   15.3369187422   4.89171379537   16.0981346857   0.308750397934   5.96847139213   0.671239645899   
29.0   12.2714770666   17.0514818776   21.0081456492   0.946989208342   0.304771753544   2.39256216681   
30.0   -1.40667837598   -13.6795600431   13.7516946965   -1.67326683398   -6.08653210219   -0.954986692077   
31.0   12.6439254309   10.1618096899   16.2213201213   0.676987532907   12.6284780664   0.0365031992914   
32.0   6.48781413084   -13.7161630818   15.1731625538   -1.12897696482   8.97388419374   -0.392808080415   
33.0   0.444364000787   5.22045116982   5.2393291347   1.48588116693   7.90796133087   0.0514766083534   
34.0   6.54500695466   -8.0863107885   10.4031503981   -0.890353860993   18.092175537   1.74201959971   
35.0   2.44223221043   -3.96274576267   4.65487402077   -1.01847913069   -4.87890320134   0.201601988108   
36.0   1.13365529934   -5.74239872181   5.85323136549   -1.37588428047   -0.852319828336   -1.89093786783   
37.0   -4.52164850638   -3.00985843276   5.4318093671   -2.55429068567   7.74619112494   -0.0372763347852   
38.0   -1.79219008819   9.99912742447   10.1584691053   1.74814783379   9.73044532074   1.68250266054   
39.0   -2.26017607353   -4.22689612474   4.79322925935   -2.06182712954   -11.2145140094   -0.766134378399   
40.0   -9.22738330458   -17.1613726117   19.4847969599   -2.06413417948   2.11156151607   1.42193361337   
41.0   3.25099420811   -2.26322330003   3.96120474691   -0.608146445928   14.2078138327   -2.27212609564   
42.0   -5.89887934699   7.55555651959   9.58557311125   2.23367876986   22.6262628035   -2.26294906117   
43.0   -11.1714431454   -9.35594955049   14.5717169182   -2.44440744901   -7.21159061277   0.133337519636   
44.0   -13.2409116493   6.89794159101   14.9299477393   2.6613205894   13.5809970874   0.584638988922   
45.0   -10.295420422   -11.2630954442   15.259521639   -2.31133862266   0.920592908185   -1.16623668975   
46.0   7.42232743389   -5.98769768255   9.53642847577   -0.678821639678   7.72428510804   0.867807842539   
47.0   -4.14600787697   1.99504271743   4.60104083445   2.69310102953   -5.35432931391   0.3925703672   
48.0   8.58524892476   -13.4711765443   15.9743261701   -1.00339732555   -2.67740691631   -0.101464938792   
49.0   8.36050447006   2.39135226802   8.69578062416   0.278591209044   -4.51676152658   -0.417978544034   
50.0   12.1903961538   9.65151553   15.5485533222   0.669678541987   3.27784852994   2.83417092886   
51.0   4.82232136781   4.13867648747   6.35479554686   0.709254506694   -11.3699717112   0.834254673957   
52.0   -3.0213576035   -0.706979568234   3.10296984808   -2.91173425233   -11.8917879664   0.946196503234   
53.0   -6.62981078263   2.53513515857   7.09797867605   2.77636389719   3.15234956959   0.0847730764801   
54.0   7.11551017699   -8.52634884893   11.105364009   -0.875351111626   2.30761885557   -0.492921717541   
55.0   0.984551314454   2.44788194578   2.63845926845   1.18839019779   2.54461275012   0.313176036816   
56.0   2.50231920847   1.4331458758   2.88366234542   0.520124412992   -4.37614939576   2.56270486638   
57.0   -0.542467044828   -4.82940273535   4.85977378845   -1.6826533692   8.15925670976   0.236995174929   
58.0   -4.87665051736   4.72835283816   6.79257247518   2.37163289157   -1.1619077747   1.80028669609   
59.0   -2.4091389421   0.00884176485419   2.40915516709   3.1379225767   -0.697969050989   -0.111715471183   
60.0   -8.2719149876   0.0981359687651   8.27249709764   3.12972945563   -11.4514740332   -0.109810021751   
61.0   6.64912042675   -2.09185752561   6.97041393009   -0.304802944372   8.66986464396   0.187461021322   
62.0   -0.911287891428   -7.15304473238   7.21085948861   -1.69751231935   -10.8459096006   -0.706695105107   
63.0   0.7214219897   16.8449035197   16.8603447259   1.52799516731   0.145001659826   0.97062648209   
64.0   -2.6597554696   15.8496102067   16.0712302846   1.73705921702   -26.618033025   0.844748203458   
65.0   7.5007279272   5.86999602844   9.52458780272   0.664034680788   9.64054711971   -0.0989424841637   
66.0   -3.07168363893   -2.14116188901   3.74430428953   -2.53283948267   -3.60636131532   0.899828714635   
67.0   17.4648264719   -3.49130982508   17.8103736061   -0.197304415148   -1.64734116856   0.735976666927   
68.0   1.16065772685   -9.31385356552   9.38589338309   -1.44681917271   -5.06181666898   0.985864657111   
69.0   -2.62398840979   7.11646676765   7.58481472614   1.9240505003   7.77593984824   1.18625545158   
70.0   -2.70391310222   16.3867090648   16.6082925082   1.73432924915   27.1685831261   0.641776494723   
71.0   1.93301399811   2.52088908165   3.17670031304   0.916630569672   4.96736971591   -0.330706484191   
72.0   -3.78700000965   -2.36712839082   4.46594512861   -2.58294522528   12.6027926454   1.15843831117   
73.0   -0.692719356774   5.89071787426   5.93130821838   1.68785378796   20.945276695   -0.812009593958   
74.0   -2.74178753067   -10.8691260825   11.2096075159   -1.81789587949   -10.9642932881   0.919552165868   
75.0   -3.13179193724   -21.1119132832   21.3429380175   -1.71806475925   10.0116155086   -1.67912549277   
76.0   -12.2487380005   10.8331745652   16.3520412721   2.41744559894   9.24416291815   1.70244598785   
77.0   0.034503543307   8.32082592275   8.32089745948   1.5666497017   -23.6584004606   0.773038950793   
78.0   12.2131689761   4.3022043307   12.948762819   0.338686283163   19.0444683276   0.834246990123   
79.0   14.1517418037   -11.2127410897   18.0553969445   -0.670041873782   8.25231130627   2.17269092025   
80.0   -10.5427639385   6.0327883038   12.1467858375   2.62184956123   -5.37022823662   -0.963745928259   
81.0   4.34671627235   2.87153688985   5.20957449914   0.583806230317   6.35120725667   0.259516863847   
82.0   5.48120625599   -9.018330547   10.5533837169   -1.02467219855   -1.55820662466   -1.44097038702   
83.0   -8.76113284938   -11.3491180071   14.3373612755   -2.22820807811   8.35855944086   -1.55081178818   
84.0   -5.76095661391   6.77013191166   8.88950545354   2.27583419135   -21.9216378605   2.11756199627   
85.0   9.21361399892   1.68046568424   9.36560984865   0.180406399649   -9.3350455258   -0.72454763407   
86.0   3.26916872128   4.2216729761   5.33947439785   0.911875263145   15.221710521   -1.10822976598   
87.0   -2.14365456345   6.71122891773   7.04527135557   1.87996681437   -0.790077198232   1.34267716794   
88.0   -17.0675114503   -2.39892863106   17.2352779404   -3.00195216058   -11.8564073134   -0.984407716812   
89.0   -12.7826120339   -6.00955587527   14.1247984845   -2.70212103344   -13.6572346336   2.29834543446   
90.0   -12.2263964814   1.31707676162   12.2971322721   3.03428243455   15.2973345484   -0.600155295935   
91.0   4.8506271533   7.06084734978   8.56645487219   0.968865418041   -1.7500311797   -0.59231937393   
92.0   -20.1607467443   6.96321240029   21.3293702725   2.80903540944   12.6293374202   -2.51891856999   
93.0   -8.13728290853   9.19341136338   12.27738513   2.2953299929   5.26944177915   -0.432048020694   
94.0   -17.5232284891   11.7719273122   21.1102299685   2.55005160164   -23.1952124213   2.143640654   
95.0   15.3349994155   -13.1714286612   20.2150622075   -0.70964575183   0.727864575484   2.00979917411   
96.0   3.90852528934   -14.2725829696   14.7980807729   -1.30350098077   -21.0446088124   0.60048295846   
97.0   12.4242514372   12.0774070759   17.3270247143   0.771243154432   13.9246640759   1.46841007815   
98.0   4.2975032311   13.0659776706   13.7545740214   1.25303393926   6.95921487658   -2.68948540701   
99.0   14.3256079753   -0.113983722495   14.3260614319   -0.0079564732901   6.03750551223   -0.557613662438   
