0.0   4.37074882161   -0.687009780885   4.42441269556   -0.155907905533   -2.25268788137   -1.37994034599   
1.0   9.68548807089   0.0228974929546   9.68551513687   0.00236409875571   -1.35575126775   -0.176920170413   
2.0   1.48194321612   4.90072421374   5.11988803735   1.27714584488   8.18576620367   -0.11713565231   
3.0   6.75921671051   1.83079757321   7.00277304314   0.264512693973   11.659114952   0.569828666716   
4.0   -1.78137055086   -1.84322167036   2.56334686798   -2.33913184885   -6.28591622977   -1.08525097475   
5.0   0.0867151012721   2.93447760581   2.93575856088   1.54125448479   -4.33681324647   -2.92000081296   
6.0   -2.52541773706   6.93390786242   7.37948595711   1.92007631826   7.91250212976   -0.947110593319   
7.0   1.09895071298   6.89000300025   6.97709352188   1.41262929661   2.31829182702   0.733751961205   
8.0   1.76982858031   -0.0355495274607   1.77018557575   -0.0200837233748   4.88660655379   1.91465088107   
9.0   7.56216522636   1.224266778   7.66062478225   0.160501129301   -0.244643003288   -0.827808421467   
10.0   1.14422178058   3.09329876752   3.29814201457   1.21650136423   1.32630766794   -1.81797651797   
11.0   -1.75999927676   -0.9080987618   1.98046479781   -2.66525444051   2.63663458965   -1.18752114959   
12.0   1.72926234502   2.66849406788   3.17981270647   0.995807731253   2.32012901781   0.998331742681   
13.0   5.76601156921   -2.86849477843   6.44012047326   -0.461632266689   -3.05706040817   -0.461515802715   
14.0   -3.9563547725   4.40303669312   5.91941510682   2.30281051882   0.684760825877   -0.898216773775   
15.0   5.0857901232   8.11949821412   9.5807887163   1.0112142162   1.16144355627   0.258520533797   
16.0   1.20501713301   1.51612876443   1.93667568817   0.899234980926   -0.16183681354   -0.848492928211   
17.0   0.420023621992   1.01505779726   1.0985272754   1.17845642997   -1.49466201755   -0.982415981774   
18.0   -2.76199911417   6.01535366503   6.61914789245   2.00124008275   -4.33060980211   -0.501422845895   
19.0   -4.13529764463   2.96616090305   5.08908607831   2.51936413232   2.03039310273   -0.144415803532   
20.0   2.59596391999   -6.14309922731   6.66908515393   -1.1709754232   2.71396512748   -2.41541404183   
21.0   6.21385446082   9.28880888007   11.1755965242   0.981206753636   3.0643982259   2.26519597431   
22.0   2.98508829088   -6.21569935139   6.89533686858   -1.12307335841   4.39769215127   -1.34653950203   
23.0   -1.85486542402   -3.61672153145   4.06462795066   -2.04467753095   4.17301531196   2.83407316399   
24.0   2.4241812882   -2.0550690725   3.1780440228   -0.703179024095   -7.07193351014   -0.052433562127   
25.0   0.774388919812   3.00011828224   3.09844927449   1.3181905357   3.19215186289   2.20218088702   
26.0   -3.66180089844   -2.96260411904   4.71018141752   -2.46135375002   3.0222150545   -1.5590177192   
27.0   -6.76486289851   2.98476384063   7.39406418825   2.72606770515   2.35911420878   -1.49865318831   
28.0   3.6344978218   1.87328718015   4.08886038842   0.475906136399   2.92255821894   1.30199868148   
29.0   0.358002267576   2.70011812291   2.72374806127   1.4389775421   2.10072577884   -2.16836293908   
30.0   -1.8449377366   -11.7326295172   11.876800522   -1.72676756895   -2.15088814565   -0.172852744882   
31.0   0.247264213909   1.00782713705   1.03771630499   1.33020467823   6.71434704515   0.0209687992175   
32.0   -3.8732529369   -0.131139777901   3.87547235244   -3.10774779404   5.32909732393   2.41988999222   
33.0   -3.48758423173   -1.92843956773   3.98523812837   -2.63649181016   0.548364949581   1.65658849002   
34.0   2.44721497193   1.02147744421   2.65184412963   0.395419259423   -1.41283401542   1.94195491556   
35.0   10.0610440365   -0.633612512858   10.0809757425   -0.0628937559329   -1.49276123974   -0.282668372995   
36.0   -2.96721207497   -2.45400122497   3.85051548627   -2.45058035979   -6.2690048622   0.85355194177   
37.0   7.61700579077   4.20753126369   8.70184443389   0.504673619506   -2.87055097538   -1.54452288308   
38.0   -2.04463678627   3.12217282657   3.73209093495   2.1505918464   -0.971113300781   -0.725194860923   
39.0   0.915752693511   0.731320868329   1.17193566723   0.673887212111   4.07300215997   1.88720394824   
40.0   -3.72177412875   -3.74585248542   5.28043686716   -2.35297013599   2.58965121119   -0.392950364549   
41.0   1.37086803555   0.101050850091   1.3745873727   0.0735799640415   7.0213310838   1.98220385447   
42.0   0.00475619097909   5.20367084076   5.20367301435   1.56988232016   5.87910298342   -0.0427710760451   
43.0   -2.54330823275   2.48542381306   3.5560860925   2.36770472038   -6.84494461446   -0.838182267341   
44.0   -6.45184346723   1.36838328307   6.59535874195   2.93259782864   0.807928160278   -0.763256887889   
45.0   -0.561260410832   -7.29000127512   7.31157519554   -1.64763518523   3.84136342214   -0.888399985307   
46.0   -4.08321279518   -2.02997265221   4.55997979156   -2.68022697295   1.25673955113   1.51766258586   
47.0   4.19562640887   -3.29357719536   5.3339414793   -0.6655289869   -5.96223724957   -1.59780085342   
48.0   -0.919248063952   0.959978107717   1.32912564131   2.33452404495   14.151589681   0.710793469277   
49.0   6.78078025586   -2.2157913548   7.13363246925   -0.315836738682   -1.02532087639   0.283480031541   
50.0   5.84988438893   0.70416337717   5.89211281508   0.119795813366   6.06765795727   -1.97071987508   
51.0   -2.78469936237   5.33902013171   6.02160165617   2.05155457717   0.688245460396   -2.40566259095   
52.0   5.24403572775   -1.36058412186   5.41766553661   -0.253856219358   -5.8476887553   1.72890998287   
53.0   -5.82789550476   2.0924558953   6.19215129726   2.79688593072   -6.63511293593   -1.08230861512   
54.0   2.72000109055   -2.9967385063   4.04707889813   -0.833768663644   1.88427492667   -0.622879372236   
55.0   0.592608532751   1.69105043093   1.79188069721   1.23373125396   -11.2517339012   -2.12030763315   
56.0   -4.16431014643   -0.533623051069   4.19836069869   -3.01414519845   -3.77444594132   -1.12641503825   
57.0   0.401840328924   -5.67297916612   5.68719335606   -1.50008034856   -1.75740152348   0.33722695574   
58.0   -4.57182029136   3.064801469   5.50404840284   2.55103204801   3.14560967036   0.933480222141   
59.0   -2.48853191024   5.70102290694   6.22048657692   1.98237233332   -1.16507531081   1.32069384371   
60.0   5.20109229131   0.239481217385   5.20660275767   0.0460119102983   -7.23982217129   -0.556913331955   
61.0   3.46524040355   0.590201008982   3.51514271196   0.168701506782   -8.22028240947   -0.702982617486   
62.0   6.18142488592   -6.09156936483   8.67855004864   -0.7780768925   -5.24521196262   0.821608248938   
63.0   2.97401249497   0.403175236898   3.00121651866   0.134744640984   -4.40471728951   2.12492669598   
64.0   -3.76788835322   1.59632330467   4.09209368605   2.7408531071   -17.0898928342   -0.913201225104   
65.0   -1.55096484936   1.31594883397   2.0340140849   2.43798687119   5.36269884042   1.24284592517   
66.0   3.63554127867   -2.55849323128   4.44556498135   -0.613234826716   -0.274549267387   0.98786760412   
67.0   6.23475487676   -7.3052763161   9.60412569826   -0.864297475629   -0.513701551014   1.67031689317   
68.0   -4.38973069965   3.7894596557   5.79911545821   2.42945318468   2.68522208423   -1.22323183299   
69.0   -3.51948265378   7.63386420533   8.40610735452   2.00278941377   4.71988763606   1.56293102678   
70.0   -2.10247978487   1.57726516927   2.62834294946   2.49796817258   6.20607339584   0.0711583756662   
71.0   -1.62547242578   -0.721351528228   1.77834435199   -2.72392362735   5.80827272311   -0.254507927271   
72.0   -3.8515042848   1.03837690648   3.98902392268   2.87825093044   11.1348620544   1.91273314847   
73.0   -1.03725340846   5.28546312407   5.38628026278   1.76458011869   10.9326761515   1.7381170703   
74.0   0.734627971917   -8.05842114566   8.09183722142   -1.47988484825   -3.38320082519   -0.185777579925   
75.0   2.68265748686   -7.30812292153   7.78494135033   -1.21898823066   4.07152229571   0.0201575153528   
76.0   -1.70586871777   2.98175603732   3.43523756796   2.09044998697   -1.28597683436   -1.42399917491   
77.0   0.186204500514   6.88695226822   6.88946904056   1.54376562578   -4.43069081253   0.00769524330065   
78.0   -2.06890176296   4.72882596432   5.16160338515   1.98321393981   3.23898283521   -0.753639521557   
79.0   11.1340035656   -2.86894973822   11.4976914204   -0.252188656254   -0.690681728097   0.655316595924   
80.0   -5.40347515005   -2.01799232677   5.76800110334   -2.78417109851   -2.38411315359   1.13329641468   
81.0   2.68782741771   1.1683143526   2.93076349333   0.41003150703   -0.363413154911   1.00768838245   
82.0   3.96858570015   -3.72868464456   5.44543493561   -0.754241219256   -2.651128576   1.26432148776   
83.0   2.16684407114   -4.57636409414   5.06342982086   -1.12858404922   -5.5899319062   -0.945780722181   
84.0   0.634609234019   0.514082508792   0.816706621589   0.680855478285   -11.9164426093   1.8351649778   
85.0   4.8997177777   -4.71902727098   6.80267981647   -0.766615125076   -6.00614889917   0.362594351954   
86.0   -0.342677035089   3.96994537472   3.98470749599   1.65690072334   8.77767978222   -1.9096179476   
87.0   -0.451050060791   2.40717816839   2.44907184291   1.75602554667   7.51932492984   -2.65785463448   
88.0   -8.33231088162   0.786666445053   8.36936369886   3.04746011949   -2.45761262149   -0.798732062003   
89.0   -2.45040034638   -0.908160062416   2.61327697662   -2.78667012627   -7.55869425472   0.69910905077   
90.0   -2.73315124623   -1.43535054487   3.08712599701   -2.65801769743   10.7763473466   1.44793194498   
91.0   -1.28862835603   6.43239677554   6.56020512774   1.7685131066   0.491346775003   0.640621934949   
92.0   -7.86698184232   0.715499120976   7.89945202527   3.05089255555   3.06711647929   0.477124470769   
93.0   -0.715233701387   -2.76634696788   2.85731251254   -1.82380392155   -0.980250966361   1.14067435347   
94.0   -3.48344522765   6.39080646145   7.27851618682   2.0698476384   -3.29608856244   0.121623905286   
95.0   7.25795113197   -5.40891340562   9.05175114901   -0.640447556262   -1.56426514014   2.32139137887   
96.0   8.48665410486   -4.61873896051   9.6620933281   -0.498406768441   -0.134191912349   0.140517922526   
97.0   5.11076402856   -4.02962204481   6.50828416555   -0.667663317365   8.8439147448   1.90676524259   
98.0   3.03053911094   -0.534030411224   3.07723183772   -0.174425586961   6.35639506087   1.34566891924   
99.0   -0.767102743978   3.7517563026   3.829376186   1.77248141855   1.61341985972   0.131578232873   
