0.0   2.30555495541   -0.176390475553   2.31229263984   -0.0763579824819   -0.812495017376   -1.68650159434   
1.0   0.593344813933   0.927524945479   1.10107247387   1.00169055427   2.07797396475   1.02838619933   
2.0   2.03793030341   -0.0246576860327   2.03807946926   -0.0120987861282   0.117240784619   1.2675003477   
3.0   2.57864137417   0.514209217814   2.62941104741   0.196829061113   0.817036100688   0.622874149339   
4.0   -0.375127569363   -2.05498074578   2.08893909887   -1.7513538188   -0.60582098294   1.3386121681   
5.0   -0.910305132336   -0.287800891162   0.954717124027   -2.83537806904   2.87345455385   3.05751937547   
6.0   1.77454667655   2.27407634182   2.88451713735   0.908160332797   1.24995300545   0.682968207239   
7.0   0.690973507716   2.41335921002   2.51032807914   1.29194422576   0.881083280015   -0.0495367893949   
8.0   1.53283977263   -0.938438686697   1.79729378156   -0.549358045756   -1.84768873247   -1.41700706189   
9.0   0.630535199265   -2.001086602   2.09807583901   -1.26554779968   -0.889869039209   1.59224039044   
10.0   0.291675317556   0.984301474083   1.02660794988   1.28271245379   -0.829627284731   -2.12900909246   
11.0   1.34467179142   2.00571525114   2.414753796   0.980199701656   0.763650946213   0.391945501639   
12.0   2.96192629861   -0.124099431793   2.96452493114   -0.0418737262369   0.0809092657659   0.0292580209738   
13.0   2.32428466408   1.06608627673   2.55711539613   0.430042821203   1.23653064051   1.16573629342   
14.0   1.62570858256   0.575018878107   1.72440572534   0.339970367899   1.10130496635   0.447307542833   
15.0   2.22731914346   1.8993195282   2.92717700814   0.706081430893   0.440022760521   -0.257353912412   
16.0   0.456973841271   -2.14130857849   2.18952677991   -1.3605416726   -0.622992253623   1.81727767302   
17.0   1.12946173522   -1.50088900775   1.87839070081   -0.925678948903   -2.20220631799   -1.43484546049   
18.0   -0.136967383556   -2.78529597558   2.78866163881   -1.61993190879   -1.8874118497   -0.0128385362134   
19.0   -1.04138162763   -0.84262626857   1.33958751967   -2.46130174632   -3.68217531947   -1.16023659867   
20.0   2.62928048945   0.139613116908   2.63298456406   0.0530495411096   0.34132752946   -0.100019550089   
21.0   0.386158827342   2.20146256279   2.23507406036   1.39715274816   1.60000394774   -0.51977777283   
22.0   -0.720640671014   -1.37094436191   1.54880967849   -2.05475489916   -2.92891320202   -0.64123044657   
23.0   0.218521751848   -1.12393467751   1.14498074889   -1.37876640083   0.0739747803107   1.44615128389   
24.0   0.427411360816   -1.75263867712   1.80400188578   -1.33159783995   -2.82536121343   -1.94103596873   
25.0   0.184236072843   0.847161743943   0.866963638762   1.3566562076   1.92602230689   0.796761389229   
26.0   -0.96697632937   0.648610665579   1.16436206442   2.5507603976   3.63978799341   1.02015256585   
27.0   -0.284654621015   1.98774397653   2.00802250224   1.71303413901   2.81015771701   1.15419979342   
28.0   1.90525672591   1.03558076212   2.16850886705   0.497868988547   1.15928679286   0.365184556862   
29.0   2.20308944728   0.718109142897   2.31717152015   0.315095881714   -0.436838937141   -1.68648034241   
30.0   -0.336687852584   -2.69197950242   2.71295269984   -1.69522096663   -1.3172730952   0.15603256354   
31.0   -0.226551368948   2.68678808482   2.69632263194   1.65491785695   2.21925369249   1.11642134721   
32.0   -0.378640243257   2.24510592116   2.27681115401   1.73787546654   0.670783210447   -1.46192954904   
33.0   -0.67215782822   1.60339417485   1.73858247604   1.96775203497   3.46096623337   1.78274998418   
34.0   1.80185362278   2.13005881461   2.78995108051   0.868677254797   0.496803892907   -0.892788972823   
35.0   1.76475737663   -1.40604606896   2.25639849016   -0.672747643423   0.0303924103663   0.491525458805   
36.0   0.868972827713   -2.80409800634   2.93565655424   -1.27028747023   -1.38657003813   0.0572409761438   
37.0   1.57034498994   2.02881605471   2.56555607448   0.912098567215   1.54863441877   0.584247293225   
38.0   0.22958576071   2.65609284701   2.66599678047   1.48457323673   1.23948330709   -0.929402782552   
39.0   1.45148327679   2.13524686333   2.58187584329   0.973774873897   1.19799097928   -0.26304223667   
40.0   -0.024241434683   -1.64675277597   1.64693119234   -1.58551601285   0.00768236778328   1.89948025776   
41.0   1.2667107489   -1.74173699619   2.15364896983   -0.942002693988   0.152116291422   1.87198158902   
42.0   1.50780410116   1.17608717905   1.91223802394   0.662426285645   0.233091643995   -1.81954784578   
43.0   -2.61866457606   -0.765877112219   2.72836432921   -2.8570596597   -3.39781466335   -0.564851003682   
44.0   0.319222192722   1.21494215107   1.25617962043   1.31385709678   2.9389822472   1.67347162761   
45.0   1.28386743424   -0.514916702926   1.38327683406   -0.381425760572   -0.664063240729   0.449111051702   
46.0   1.58126681629   0.979534825901   1.86007882076   0.554607073155   -0.79555367464   -2.1887254931   
47.0   -0.158115778108   -1.26226783274   1.27213233622   -1.6954105184   -0.0321866476515   1.72860971219   
48.0   -1.34697793334   0.204082732838   1.36235065778   2.99122473296   3.42283650937   -0.0808895729972   
49.0   -0.194264929002   -2.52206685067   2.52953751937   -1.6476706168   -0.840331704182   1.34013100795   
50.0   0.621787864044   -1.34760324819   1.48413431414   -1.13850042439   -2.02595652134   -0.668836069024   
51.0   1.96886604024   1.76148177018   2.64182730531   0.72986151544   0.0422684803454   -1.1767667054   
52.0   1.76741159467   -0.642376809854   1.88052963572   -0.348611925635   -1.77446345452   -1.90250819311   
53.0   0.387623180142   -1.67749714868   1.72169928083   -1.3437097208   -2.70383971094   -2.38373165125   
54.0   2.13989016102   -1.49582156989   2.61086423818   -0.610066546306   -0.716676794763   0.454269875659   
55.0   0.211149599343   -2.81074819545   2.81866804919   -1.49581495974   -1.98580551328   -0.642954036129   
56.0   1.32837669049   -1.77241426466   2.21495755205   -0.927632563707   -1.4934495951   -0.194897052852   
57.0   0.979087941465   0.0867891034593   0.982927029642   0.0884117238214   -0.908673222191   -1.00832465996   
58.0   1.31635479664   1.69396148246   2.14529612285   0.910183948945   1.28707387185   -0.211901839788   
59.0   -1.51979083687   2.36784747419   2.81362148287   2.14141723623   1.92849080887   -0.719467366549   
60.0   -1.13155511635   -0.401652356107   1.20072544593   -2.8005094688   -3.06578234073   0.289812672007   
61.0   2.43909454211   -0.269324334224   2.45391886222   -0.109974290069   -0.952753408883   -0.988659106521   
62.0   -0.161517570022   -2.3948788207   2.40031924778   -1.63813724812   -1.13413112611   0.166692008989   
63.0   1.28794180969   0.148454562782   1.2964693835   0.114758521769   2.21891130977   2.56387297811   
64.0   1.24560642955   -0.507724252855   1.34510939863   -0.387051259403   -2.30235882903   -2.15648608535   
65.0   2.64003334288   0.619861032788   2.71182664481   0.230615671266   -0.300723953336   -1.08633543855   
66.0   -2.34722963116   -0.827017050902   2.48866312382   -2.80283693685   -2.77067532977   0.784367037455   
67.0   0.888495010466   -2.84397343216   2.97953155151   -1.26799048355   -1.25265590468   0.165649143747   
68.0   2.005099869   0.976610952507   2.23029021367   0.453244949694   1.56225681504   1.51647328064   
69.0   -0.881792771328   1.06004069755   1.37885632755   2.26465739296   2.87964602943   0.257156441455   
70.0   0.987576151795   0.0543209460762   0.989068966643   0.0549489403935   3.04290602673   2.93550493602   
71.0   1.22690625194   0.324607156184   1.26912125382   0.258647383519   2.29533385047   2.26393490204   
72.0   -0.128592972516   2.3104386052   2.31401441244   1.62639634826   2.50566634846   0.913461687346   
73.0   0.595198789217   2.75396367856   2.81754814361   1.35794568002   1.295457116   0.330026270977   
74.0   2.45194584801   -1.12065371096   2.69590489103   -0.428698472759   -0.541596696547   -0.728077601777   
75.0   2.83947903201   -0.934783504378   2.98939147207   -0.318034534358   -0.436058454246   -0.190436244151   
76.0   1.74207804706   1.32128715319   2.18646647887   0.648890146982   1.38431024046   0.520866492245   
77.0   1.73982523596   -0.28282743711   1.76266366924   -0.16115117051   -1.68694709124   -2.1663986585   
78.0   -2.40179427566   0.353960550215   2.42773635589   2.99527250808   3.76038282559   0.750056912279   
79.0   2.61641292838   -1.17638420555   2.86870988614   -0.422535528045   -0.756826585174   -0.283295414882   
80.0   1.41192793664   -2.5126739216   2.88219894084   -1.05884569181   -1.05190056821   0.355509290648   
81.0   -0.797196898823   2.72000025964   2.83441780758   1.85589897676   1.53714062246   -0.78353002305   
82.0   0.0865259581894   2.83636165835   2.8376811305   1.54029981654   1.11292350476   -0.807649995059   
83.0   -0.750168267801   -2.84766270506   2.94481498771   -1.82837729168   -1.93401914919   -0.376321370983   
84.0   0.397036546026   0.556336524886   0.683482514628   0.950959594662   -6.14225924144   -1.1888977789   
85.0   1.48454304393   -1.19937883498   1.90850141186   -0.679546215491   -0.362507528535   -0.411156597298   
86.0   0.88428646059   2.14042507684   2.31589767778   1.1790174298   1.01141765312   -1.12874685712   
87.0   1.99670232649   1.8316601969   2.70957547551   0.742314469359   0.693050479456   -0.621840726632   
88.0   1.06859582578   1.75120478357   2.05149097802   1.02290612558   0.759257102319   0.479141026695   
89.0   0.512603613621   -0.715258182818   0.879975416012   -0.948970269251   -7.22879902405   -1.65546834386   
90.0   1.07926704695   0.816428781836   1.35328242227   0.647626495368   2.35858725972   1.83590630185   
91.0   0.821646964926   1.57459495106   1.77607798108   1.08984956198   0.993795399303   -1.38489231207   
92.0   -0.921907127266   -0.627192876662   1.11502630276   -2.54419645345   4.71715800278   0.910187065574   
93.0   2.62777678558   -0.0614339793989   2.62849481047   -0.0233744322914   -0.214295141664   -0.899525070923   
94.0   0.510651142693   -0.574635568495   0.768746138926   -0.844286239875   -3.26248955728   -2.23435134197   
95.0   2.03593324118   -1.25589672284   2.39213309432   -0.552728300272   -0.214194506376   1.29676209593   
96.0   1.9301310431   -1.37802308453   2.37157193967   -0.620029221461   -0.282971358225   -0.183678359091   
97.0   0.723193747758   -0.623271553343   0.954712850025   -0.711323201036   -2.88231951415   -2.14201237568   
98.0   1.35797952079   -2.16904046775   2.55907110679   -1.01142517594   -0.21132246182   1.10328563406   
99.0   2.60450186978   1.17876597974   2.8588317937   0.425003923852   0.212598790808   0.00446574537546   
