0.0   -7.35485045928   -16.8417459096   18.3776557417   -1.98253808877   10.4313921469   -0.998064854271   
1.0   4.97643636875   -2.8887622658   5.75411733983   -0.525948977193   10.9144235557   -0.676094796346   
2.0   8.02446790871   7.63460027119   11.0760645772   0.760506062099   -0.856063355891   -1.52372879809   
3.0   9.46564182831   -13.7164956823   16.6655521668   -0.966751129029   6.59341238252   -0.802183328448   
4.0   4.78064053297   -14.6982707615   15.4561860523   -1.25633660712   -19.2262181117   1.07609970617   
5.0   -13.2074059779   10.1981065315   16.6864301004   2.48406521853   -4.23689727075   -0.409129518633   
6.0   -6.76080886669   6.82197659777   9.60457709805   2.35169119315   2.35350957752   0.513518438287   
7.0   -4.53652834961   18.3310177859   18.884022414   1.81340018108   28.2022270689   1.22865054444   
8.0   2.13037151162   1.57549722218   2.64965550113   0.636773719638   -12.6221983087   -0.11955476918   
9.0   4.987088603   -4.98288774389   7.04983850896   -0.784976812461   -10.2157971489   -1.81038642569   
10.0   13.8312075564   7.17604589432   15.5819747511   0.478597908433   -1.6037808434   -0.309292680527   
11.0   1.46284931512   -5.63106863747   5.81797749382   -1.31663263472   8.93303918677   -0.40402450144   
12.0   -8.15420172252   9.75998051049   12.718027571   2.26679612108   11.2335771086   0.0264836094567   
13.0   5.95880354137   -8.93207839157   10.7372884863   -0.982477199755   5.8671326569   -0.633156777719   
14.0   5.20500799599   7.56236454525   9.18049376415   0.967980978488   -2.46909260221   -1.01607874694   
15.0   6.17399527552   5.91367647664   8.54925652513   0.763865599427   10.2284100522   -0.920019502628   
16.0   19.6791444115   2.31847521622   19.8152479696   0.117273227899   -2.32085564299   2.17649263105   
17.0   -7.4308946542   10.3821994509   12.7674688486   2.19200425234   15.0802369879   -0.140717661072   
18.0   2.63787676371   1.21416564147   2.90389256437   0.431370980672   -0.879166682715   1.17172418082   
19.0   5.69558540816   -5.75730626725   8.09853496606   -0.790787218261   -0.739992223321   -0.307388270274   
20.0   9.21957644773   -13.0052053928   15.9416422361   -0.954112613096   11.8846559102   -0.737930001945   
21.0   -3.34630610674   0.657635207837   3.41031503334   2.94753997125   -17.4522863144   -1.21380347326   
22.0   -13.2150805592   -11.6578489822   17.6222528945   -2.41872036679   13.1982096775   0.871649565616   
23.0   -12.7289507228   10.0908120546   16.2434809824   2.47129117349   -2.42384085976   0.0141324309008   
24.0   1.45207557728   -17.5045394394   17.5646640863   -1.48803159629   1.51901020727   2.15470398854   
25.0   0.120109728564   7.07370561759   7.07472526048   1.55381821178   -13.370572107   0.355274705906   
26.0   -8.99799211534   -5.08360101306   10.334740508   -2.62732839767   11.1063892696   2.50003319869   
27.0   13.0836630866   -11.8704661695   17.6660750266   -0.736819332528   6.72301963058   0.253006863743   
28.0   16.7350758368   5.93133146626   17.7550966268   0.340611578519   0.943153989578   -0.120361257176   
29.0   8.55290420974   11.5517765939   14.373437755   0.933469325676   7.93983510294   -0.569310314968   
30.0   -8.66957492726   -23.8685561563   25.3942808996   -1.91920094901   0.617910263146   2.48531333918   
31.0   4.92696491798   11.0331716394   12.0832884484   1.15080740742   16.5007664756   0.266240580993   
32.0   10.8566499846   -23.0494423602   25.4782974707   -1.13060381073   17.527966413   0.112759565963   
33.0   0.256367014754   6.2268791231   6.23215433538   1.52964853753   4.62707497129   0.598258769309   
34.0   11.4356017777   -14.2741196479   18.2899830437   -0.895359216939   23.9524781776   -1.10280936531   
35.0   2.43654743377   -5.3419759901   5.87141131891   -1.14287004653   -0.191184986466   0.135885335481   
36.0   0.176274428409   -10.6949088069   10.6963613935   -1.55431573103   4.46008304986   1.61389607621   
37.0   -10.5261652014   0.168754390507   10.5275178409   3.12556213044   0.647685233282   0.582515985866   
38.0   -3.04762114381   5.72389129499   6.48466854921   2.06005686739   15.2421384779   2.01864887028   
39.0   2.49498424939   2.07917452634   3.24775508863   0.694743240013   -3.78627640523   1.25800983515   
40.0   -12.3563788546   -20.3112971806   23.7745429305   -2.11733296572   -6.07687261807   -0.993371017785   
41.0   -2.20293446507   -7.48709126493   7.80445102917   -1.85695210748   9.20303628038   -1.39000900317   
42.0   -5.00407402126   16.6319069052   17.3683932508   1.86305286998   25.7759129154   -0.606701106139   
43.0   -9.637467915   -12.2992331131   15.6253615313   -2.23544632852   -8.19913805947   -0.121954575398   
44.0   -14.1095033187   6.79249575451   15.6593768227   2.69292505229   13.5551005969   2.13463617071   
45.0   -9.25601512698   -10.681953394   14.1342825903   -2.28479732109   -16.4813785177   -1.85125952618   
46.0   12.8831387885   -11.0539483734   16.9754245804   -0.709129805837   11.7700267631   0.0480344873211   
47.0   4.70993930109   -2.76979297459   5.46399865868   -0.531604248992   -12.7475256413   -0.0224157097992   
48.0   16.7032970451   -22.2607396409   27.830570629   -0.927072662321   2.31876793244   1.19113923239   
49.0   3.32984945629   5.85129686473   6.73242693245   1.05342331252   2.4519114604   -1.94841895285   
50.0   15.6906083226   12.1102984973   19.8205579948   0.657319212203   -6.86899664866   -1.47837348753   
51.0   4.59372374913   0.773732326079   4.65842887632   0.166866281557   -17.7011978493   0.239678100239   
52.0   -5.14106216851   4.58384430657   6.88782613365   2.41342992665   -13.659217889   -1.33958322684   
53.0   -10.73757207   5.11692892966   11.89446996   2.69688504887   11.2639002118   -0.980185437065   
54.0   5.25959981716   -9.4100337708   10.7801728096   -1.06111891221   9.3475526431   -1.55516424338   
55.0   -1.31087314591   11.2128121991   11.2891782614   1.68717654094   0.780648956814   0.620604190007   
56.0   2.28366912757   9.03344428158   9.31763168797   1.323182611   -7.97762711971   -1.63469998114   
57.0   -5.21090041718   4.34575653735   6.7852106113   2.44647627672   5.80185700317   0.969088791198   
58.0   -7.56706162079   -0.89973130641   7.62036337694   -3.02324725239   -3.2140161853   -0.166388913363   
59.0   -0.286711753894   -1.54516378485   1.5715389756   -1.75426397758   -8.10160983027   -1.93273933619   
60.0   -16.2698259996   11.1260707813   19.7103193553   2.54179013006   -11.1935679847   -0.441488699632   
61.0   9.35461326611   -2.20673951423   9.6113728802   -0.231663295043   8.72577502617   0.0901926807863   
62.0   -2.41673348215   -0.841285600562   2.55897678486   -2.80660385581   -9.99161315137   2.0584530931   
63.0   -1.25085096117   14.6020667688   14.6555444132   1.65625030853   1.61328411231   0.031236508415   
64.0   -7.57488463274   8.88362362076   11.6746582749   2.27684398116   -30.824823805   -2.48748745802   
65.0   5.53888189282   8.22834383273   9.9189139956   0.978321003901   7.53700177692   -1.86120527115   
66.0   0.766245482913   2.22458629659   2.35285280693   1.23907968992   -12.5422466874   1.31671072484   
67.0   16.8315140713   6.00680989597   17.8712515247   0.342789700263   -4.74439567454   0.0541037792018   
68.0   1.5840667017   -10.0908372011   10.2144144587   -1.4150863773   0.665635236228   0.462490763939   
69.0   -2.33747265915   9.75595775268   10.0320730711   1.80595774446   10.0484901994   -2.02331002109   
70.0   2.94093513567   15.6841240894   15.9574699725   1.38543840677   24.4291096146   0.0809291006102   
71.0   5.12911590281   -5.51088490817   7.52845816987   -0.821263320465   3.91059887026   -1.75210414406   
72.0   0.612066265942   -12.1348202841   12.1502464354   -1.52040019445   17.7721951308   0.27498094174   
73.0   2.29525317257   1.54838753994   2.76869844874   0.593477738947   16.9217897476   -0.808663086373   
74.0   -1.05119961331   -13.678031032   13.7183655564   -1.64749869067   -8.30729734692   1.59511829225   
75.0   -2.66334772682   -19.2012182235   19.3850510027   -1.70862412171   3.13303769365   -0.131672640443   
76.0   -15.5422206544   8.54957676813   17.7385423805   2.6386824907   1.17020738238   -0.909524549599   
77.0   -2.48267377647   5.14152292451   5.70954701037   2.02064415064   -35.870830314   -0.0444126924085   
78.0   17.3977319139   -0.189401359225   17.3987628475   -0.0108861245973   19.2189538489   1.56739796785   
79.0   15.6203053147   -8.97006699746   18.0126633251   -0.521275587694   13.1469390295   1.47399612891   
80.0   -6.04912189332   0.126223720503   6.05043867069   3.12072922781   -7.45583259082   0.80766458415   
81.0   5.28453958123   17.0827508378   17.8814634405   1.270784279   7.15422480878   0.562632842201   
82.0   10.0764783073   -12.6060927848   16.1384320916   -0.896461626804   -6.87332751649   -1.73736566991   
83.0   -12.5794453383   -9.12243628452   15.5390247051   -2.51416262583   7.36068090667   -0.918101926826   
84.0   -9.52843987819   10.4572373788   14.147260516   2.30975474758   -24.2773039622   0.237446571534   
85.0   12.260880135   11.164760532   16.582552862   0.7386408215   -13.4937149198   -0.515663292207   
86.0   5.27170453493   2.50877595124   5.83822108841   0.444178032234   19.6916495756   1.42402851459   
87.0   -0.873104964339   7.12498329369   7.17827968347   1.69272975387   -7.71381636417   -0.725870965445   
88.0   -22.1421204322   -1.70067532329   22.2073364857   -3.06493591145   -4.77154518279   -0.649909031582   
89.0   -17.0589933498   0.489953592748   17.0660279102   3.11287941548   -16.7573130547   -0.378174926017   
90.0   -6.02198332526   -2.13474087832   6.38916283931   -2.80092226608   17.2020679621   -2.35296116015   
91.0   2.63869111921   4.77168757664   5.45267761303   1.06566113433   -14.6947042255   -0.918408722476   
92.0   -21.8668753627   9.62432665803   23.8911678607   2.72697461721   21.1481975602   0.900674742222   
93.0   -0.241206128192   0.765856037697   0.802942007093   1.8759113899   1.44908572234   1.09600976917   
94.0   -20.0390829084   14.7740059422   24.8965076946   2.50629539752   -19.9284884436   2.68341340368   
95.0   13.5920074984   -13.9169305849   19.4531134974   -0.797209160119   5.92507706449   1.55927366522   
96.0   7.64143878774   -22.6880634863   23.9403385837   -1.24592510472   -27.0489792127   -0.000145224120545   
97.0   13.645857276   6.89997645282   15.2911443603   0.468154393598   19.9445725138   -0.475083846268   
98.0   -2.48730630308   15.0618519711   15.2658467647   1.73445871946   16.6686488198   -0.299674504135   
99.0   15.4682882577   -0.803062518885   15.4891204086   -0.0518701332815   6.27260079963   -0.856449907497   
