0.0   1.88521794213   -6.01783011498   6.3062132839   -1.26720825605   6.60236529439   0.346892377959   
1.0   8.34585279531   7.52227819548   11.2355653232   0.733543518582   5.91237946684   -1.5126492468   
2.0   1.17930156616   0.716195124012   1.37974187427   0.545773137449   -1.73615864372   -0.332508070746   
3.0   6.94784732022   -11.6128854013   13.5326157756   -1.03163676961   7.79719116125   -1.86607327959   
4.0   9.80132383232   -3.75774257864   10.4969794776   -0.366107081   -15.9077375528   -1.8094758395   
5.0   -7.44392176891   8.03438547312   10.9527768731   2.31806515735   1.65091002499   -0.0675328135077   
6.0   -2.11378378183   12.0662468055   12.2499956672   1.74421814015   8.69165949793   0.655845470018   
7.0   -7.37311129647   16.0473661375   17.6601452469   2.00148869026   19.2013109856   0.386736624396   
8.0   -6.02318496123   -5.20463134884   7.96033570615   -2.42896981814   -12.8460268513   0.930352041531   
9.0   7.49973397659   2.95699121879   8.06162556731   0.375565188266   -17.5553727577   -1.29657927498   
10.0   7.46045687741   19.1568490938   20.55828991   1.19942579908   1.52599602643   1.01283439501   
11.0   1.01655944275   -7.17839947113   7.25002152188   -1.43011809414   11.0770834324   1.61590867313   
12.0   0.331966588034   9.26176989392   9.26771726929   1.53496899115   1.87920119451   0.487827665807   
13.0   -1.34377514111   -6.9405680068   7.0694565482   -1.76204180833   -0.461217126555   0.257278470811   
14.0   10.1190403846   8.44136184633   13.1776920637   0.695252934274   0.515914020401   -0.548417909792   
15.0   1.50299224752   7.00481445226   7.16424533407   1.35943540655   7.12392401675   -0.622806537649   
16.0   1.34054833865   -6.76629116141   6.89780877738   -1.37520758463   -7.68827342201   -0.424831743638   
17.0   -6.56872457463   5.19218681786   8.37298910121   2.47270783411   2.05955100239   -0.544163605033   
18.0   2.35077057955   6.43928798638   6.85496550606   1.22076248206   5.4641572003   -1.15723896812   
19.0   0.459639886728   0.521014588222   0.694784158291   0.847902090333   11.8576270853   -2.88580698474   
20.0   4.39513489513   -8.82786999867   9.86146538096   -1.10885387336   3.34515120801   -1.14081063583   
21.0   3.93937682447   0.190311392412   3.94397111948   0.048272494502   -15.2854337992   0.446377010411   
22.0   -15.3339814965   -9.98474364962   18.2982538588   -2.56440843279   2.76076408476   -1.28427161573   
23.0   -5.23280466754   0.603161098951   5.26745175582   3.0268337411   -8.514752437   0.00182177301713   
24.0   2.47432179631   -13.2565871867   13.4855245426   -1.38627110776   -4.58102667544   -2.13125571928   
25.0   -4.13731965119   11.4795839238   12.2023875106   1.91671195299   -0.89244414126   0.434301485775   
26.0   -10.9489748431   -5.34744522213   12.1850408501   -2.68727054837   14.8015273831   0.687964247619   
27.0   2.30669111894   0.732837405054   2.42030464621   0.307615841123   0.452995581912   -1.39022566372   
28.0   15.5909163215   3.49418924068   15.9776728654   0.220473822156   1.24571913128   0.327948470908   
29.0   10.3565476857   16.4645005773   19.4509089563   1.0093093779   1.93291098749   0.391018174854   
30.0   -3.82717108334   -14.7957934056   15.2827596004   -1.82391459943   -7.61490610132   1.10463048053   
31.0   12.3692883447   5.78516950296   13.6553096022   0.437478902462   7.21463943739   0.825710989513   
32.0   8.81073544767   -7.4741636066   11.5538816312   -0.70350740231   11.5879638351   -0.172774361146   
33.0   -0.540449120764   2.35969318269   2.42079267361   1.79594671405   6.9841206387   1.65411221518   
34.0   6.98381767842   -2.80252084777   7.52514667416   -0.38161605827   9.45261454453   2.63738508523   
35.0   2.9611431042   -9.19179885163   9.65699407747   -1.25914380776   -4.17276119213   -0.233093171008   
36.0   -3.55133585388   -8.47817337056   9.19192091178   -1.96747173939   -6.6730779819   -1.67357085481   
37.0   -6.03430571755   -3.44133979138   6.94662976217   -2.62330081829   5.66141019491   2.04718157599   
38.0   -2.1513704603   10.4560464204   10.6750785291   1.77371813986   0.981704274463   -0.295305823282   
39.0   -3.05515582139   -5.27180477176   6.09310287493   -2.09602648341   -4.54296245676   -2.01792821276   
40.0   -9.09336297745   -14.8484514909   17.4116559211   -2.12029200729   7.28930838585   2.44568964484   
41.0   4.15823721848   -0.141475111365   4.16064321617   -0.0340097386027   22.4880035906   0.421474557176   
42.0   -8.41032182332   5.01750135851   9.79330552237   2.60368537823   20.3223644101   -0.719748658594   
43.0   -8.20893347433   -7.14440398751   10.8825133642   -2.42541908204   -5.86605815216   -2.84790038821   
44.0   -11.6512944554   5.916366802   13.06736617   2.67173548603   10.1656863769   0.173081257622   
45.0   -9.68117651386   -11.4220024232   14.9728860962   -2.27388967227   2.49247795889   -2.16302356787   
46.0   7.90767994539   -11.0328297243   13.5740463328   -0.948923018429   6.40389882514   2.22698549092   
47.0   0.235257593373   1.22799231867   1.25032446586   1.38151079684   -9.62137014808   -1.17920168833   
48.0   11.3595686434   -9.28382426688   14.6706916259   -0.685182529842   5.22889333836   -0.570846116683   
49.0   6.85396872314   7.11436491804   9.87881953701   0.804037898356   -1.77181908607   0.894240366171   
50.0   7.75929690699   14.7933524408   16.7047886825   1.08773163987   -2.22042673914   0.645853221313   
51.0   1.15490032849   1.18591722846   1.65535326789   0.798647843968   -14.9996136321   0.0217542787936   
52.0   -0.811395748983   -2.38491501788   2.51916309594   -1.89873200922   -16.1744700342   -0.789378241497   
53.0   -6.80197936543   -1.77714316731   7.03030306067   -2.88603675297   2.67915998023   1.51779786901   
54.0   7.96190116609   -7.06776175457   10.6463668168   -0.725976552424   5.2305591682   2.096660309   
55.0   5.39705676403   1.47167089437   5.59410734036   0.26620829972   2.75540144035   1.21636238845   
56.0   -3.02868191149   2.081040835   3.67473061298   2.53956946402   -7.05492297541   -1.22087831487   
57.0   1.56242738315   -9.30450109503   9.43477185495   -1.40442681195   4.92655249821   -0.624506342979   
58.0   -4.83900390648   1.61316891404   5.10081098965   2.8198109256   -0.516389209778   -0.605289121218   
59.0   -5.56583496196   2.66633560538   6.17153663072   2.69484180266   1.00254306466   0.521101515645   
60.0   -9.3575256646   -6.5684540189   11.4327544696   -2.52956353868   -11.3987381008   -0.135490597287   
61.0   4.26334115269   -4.30183492944   6.05655525397   -0.7898923521   -0.676306983876   0.32386274136   
62.0   2.13779823877   -8.0871985666   8.36498427765   -1.31236413404   -16.2813771435   -1.6801804897   
63.0   2.35882820373   13.5576898819   13.7613598685   1.39853613231   4.34687152053   0.774841053813   
64.0   -0.445210646217   16.5841302034   16.5901050968   1.59763546365   -17.2977285707   -0.122343070861   
65.0   8.34377507761   2.59164404807   8.73700185519   0.301160351471   9.81104887375   -0.484908901029   
66.0   -3.34244601691   0.0210545088103   3.34251232881   3.13529360486   -9.97315747278   -2.21449826103   
67.0   18.7337567901   -5.55807561989   19.5408763383   -0.288415243578   0.600926112819   1.81625356943   
68.0   -5.5922900394   -6.63421956398   8.67678379977   -2.27118100408   -6.31014125518   0.716525198315   
69.0   -7.65159766582   3.85096923265   8.56603238789   2.67531685982   3.42939478175   0.608802347721   
70.0   -3.09953445507   13.823563324   14.1667927496   1.79136926914   22.5013416632   1.45421579684   
71.0   -1.8983205117   5.41131793899   5.73463011902   1.90818862906   -3.89346453521   0.171708710934   
72.0   -6.88307058196   -0.300097961568   6.88960952614   -3.09802081723   11.8139849009   2.73971551262   
73.0   3.7186085981   5.66533903825   6.7767334553   0.98994993086   13.8869775001   -0.708157279522   
74.0   -4.18512742828   -16.6090407968   17.1282085397   -1.81763659233   -9.25424110092   -1.70503806044   
75.0   -2.11684491878   -14.4490965763   14.6033360669   -1.71626508802   8.99150506355   0.210476971778   
76.0   -12.7729587858   7.77271498158   14.9520424802   2.59492546919   0.54581063078   2.66945505471   
77.0   -1.29580915191   6.12985526359   6.26532097428   1.7791224127   -19.7031054551   -2.90452726347   
78.0   7.70609201452   3.62624420951   8.51666021414   0.439826430715   16.7446246499   2.13698578283   
79.0   9.00045243704   -9.54538326176   13.1195459405   -0.814772632774   6.36672605234   -1.25670219411   
80.0   -10.0855495031   7.27532214191   12.4357798729   2.51667383633   -10.2830203213   0.87516673882   
81.0   -0.759413330528   7.70812847718   7.74544725805   1.66900051284   4.8649457647   0.265575416349   
82.0   2.72310976178   -5.59251106074   6.22024973287   -1.11766674737   3.75028591499   -0.667575925731   
83.0   -5.13497842477   -7.4450101344   9.04412402194   -2.17459014046   9.63287385448   -1.35779577585   
84.0   -4.11735810884   -1.21187633718   4.2920021031   -2.85534257545   -23.398644578   -0.208495473018   
85.0   14.5272751012   3.33613195186   14.9054184197   0.225732234965   -11.4036857961   -0.0895834435094   
86.0   6.03091086397   5.24672693709   7.99374939572   0.715975493296   15.1149434418   1.74949681968   
87.0   -1.99911464466   10.2739791246   10.4666664424   1.76297531293   -4.28403152731   0.850643320384   
88.0   -10.5079091302   -4.79146141191   11.5487772838   -2.71377177749   -8.83409571645   -0.401077611041   
89.0   -11.6256028434   -3.18768940845   12.0547088409   -2.87397441974   -10.3149685128   -0.289284153109   
90.0   -6.54827151956   2.1354436974   6.88766866789   2.82635893735   17.7480031638   0.359337837559   
91.0   8.52086176621   9.97294257856   13.1173422961   0.863754556504   -0.883699304591   0.275425506598   
92.0   -23.8399316167   5.96585445964   24.5750637624   2.89638220081   18.2167359837   -0.162801324336   
93.0   -12.6293841288   14.1558119674   18.9707236533   2.29926831967   2.16113639382   -0.0924893509244   
94.0   -15.7626974935   10.5579940669   18.9719232286   2.55141785536   -16.7410516465   0.146927122336   
95.0   9.28019423613   -15.048894516   17.6802497498   -1.01820992477   -0.187492217737   2.03282581739   
96.0   1.4328705749   -11.1956440069   11.2869642869   -1.44350368794   -15.3798506976   -0.661880585631   
97.0   14.1960296105   7.65678097793   16.1292762282   0.494638191524   14.5183645761   0.586945516796   
98.0   10.7310247278   9.16728898511   14.1136132526   0.706972999952   8.42995592632   0.465452835486   
99.0   12.1368957323   -3.9256495644   12.7559775211   -0.312827149   -1.29515936353   -0.568798121775   
