0.0   -2.10239516211   -12.8665218726   13.0371565349   -1.73276536743   3.34990949133   -0.42874316328   
1.0   10.6766034623   2.25395900268   10.9119289165   0.208056978118   10.5935038235   -1.87601071671   
2.0   3.75642490175   5.85247665184   6.95429442883   1.00017026438   -5.79444458555   0.636032502902   
3.0   3.9209653567   -12.8659804539   13.4501829864   -1.27498333967   11.2547134345   0.912054112231   
4.0   9.74775404316   -10.7160434074   14.4862795498   -0.832680086322   -19.2023941431   1.40089637502   
5.0   -8.19388379806   6.87209253543   10.6941754012   2.44370395248   -0.142443138215   0.211467380522   
6.0   0.820221523383   9.99125523961   10.0248663138   1.48888606483   5.22728969086   -0.0953975899583   
7.0   -6.14160746953   22.7663305804   23.5801855464   1.83429109343   18.4761504603   -2.417326379   
8.0   -1.79342584708   -1.72666766386   2.48952957211   -2.37515710615   -10.9118210751   1.08387712332   
9.0   8.20926858149   -1.25839647201   8.30515817573   -0.152105713445   -16.3316175041   -1.61130466948   
10.0   8.42371696994   15.1201449773   17.3083156813   1.06250406329   4.93229663095   -0.798471379259   
11.0   -1.99462369446   -2.02924467371   2.84540992271   -2.34759079797   8.591449729   1.79085734089   
12.0   -3.04891882747   15.5023439523   15.7993219485   1.76499244657   4.88064357172   0.196479272551   
13.0   -1.90418055253   -6.02133956065   6.31525404725   -1.87708362952   1.53551442797   -2.36024775983   
14.0   3.20146670724   7.08584437256   7.77551152978   1.14643689157   2.24200603796   -1.38806192316   
15.0   0.318432777662   11.4852165355   11.4896300332   1.54307797937   13.6441957434   0.130815422654   
16.0   11.4323135503   -6.10055300634   12.9581842901   -0.490183332377   -7.37664688814   -0.155408669738   
17.0   -7.00032213722   5.32648228394   8.79635853896   2.49115764899   9.83436037818   -0.35385324557   
18.0   1.75266744042   6.70723047843   6.93244429097   1.31520146315   3.62014827053   -0.100427850714   
19.0   1.28417324188   -5.48108148095   5.62950753761   -1.34065547102   1.85146555382   -2.36902830356   
20.0   5.7326058085   -9.73946827325   11.3013278689   -1.03880479965   5.28524834077   -0.23127283932   
21.0   -0.222369594855   -1.74762075396   1.76171125228   -1.69735756041   -16.6416107878   -0.487290893083   
22.0   -17.4812002086   -13.7609696356   22.2476211323   -2.47471363154   3.16553680461   -0.75748997555   
23.0   -3.95835324287   6.96628970671   8.0123500094   2.08751686787   -5.71860569387   -1.45269738361   
24.0   7.72244553442   -12.6134745077   14.7897229247   -1.02142702488   -0.368498805544   0.116312929048   
25.0   -5.63247773275   9.04867394958   10.6584851483   2.12757023754   -3.76819350043   0.594595546265   
26.0   -15.2821666164   -9.56694220851   18.0297254475   -2.58226017895   10.6347288392   2.09938212201   
27.0   10.3104171044   -8.37916287307   13.2858974601   -0.682430406978   -1.11425696364   -0.902036760932   
28.0   14.8816604086   5.34562274086   15.8126373197   0.344854941225   1.60206062598   -1.23166049987   
29.0   11.6585828998   17.032567086   20.6405159036   0.970557336697   4.99719091342   1.801870618   
30.0   -3.84879376393   -13.1428709872   13.6948264401   -1.85567392106   -3.27234555921   -0.575487310781   
31.0   11.017313632   9.28188623822   14.4060616341   0.700113137446   16.9158117004   0.370024310951   
32.0   8.79382179919   -15.2257029757   17.5827566934   -1.04703707655   12.183382579   -0.160460110661   
33.0   0.484050625093   8.12887157352   8.1432707229   1.51131947194   8.06799889626   0.573185651324   
34.0   9.2043242924   -6.86746453865   11.4839738274   -0.641008681121   19.5758135138   0.541195965788   
35.0   -0.00561051084702   -3.04463627263   3.04464144202   -1.57263907712   -2.98275908325   1.22842060032   
36.0   1.75598102989   -6.75947862347   6.98383996369   -1.31663383993   -3.07014397822   -2.89619956924   
37.0   -4.99532646055   -0.77789193539   5.05553185239   -2.98710947226   8.89028556579   0.768068299954   
38.0   -3.01415177911   7.78814052021   8.35106243001   1.94006160932   10.7596115628   -0.218837334598   
39.0   -3.22649823817   -4.59970181989   5.61850048614   -2.18250023184   -7.63722708321   1.41454823674   
40.0   -11.1306796805   -18.0736065375   21.2260991099   -2.12279076227   4.58910816731   1.02141204121   
41.0   2.91714496686   -0.753129461636   3.01279583504   -0.25265643139   12.7316501862   -1.84076718917   
42.0   -6.84633492278   9.31944362019   11.5639236968   2.20438729499   22.2223963338   1.89724511103   
43.0   -9.04427879634   -7.63214534864   11.8342140241   -2.44067139471   -5.86896966667   0.0447676430502   
44.0   -12.7853367889   5.79455406439   14.0371540424   2.71606525797   13.6780728064   2.66534695532   
45.0   -8.14463701655   -11.9222626798   14.4386792865   -2.17012058019   -0.45656807329   0.597330229336   
46.0   8.93915602066   -8.18865664749   12.122813537   -0.741608589942   5.58835888892   0.953362879916   
47.0   -4.14240126597   -0.190715767926   4.14678921003   -3.0955852354   -8.70267522727   -0.754119176372   
48.0   9.38673172748   -16.2067962855   18.7288808626   -1.04582266927   -1.55131453814   -0.715169433061   
49.0   7.03775935259   4.88666687514   8.5679384833   0.606923816778   -3.73220867791   0.723891177601   
50.0   12.1908572498   7.42585155111   14.2744622226   0.547107778449   5.81240299712   1.4366933248   
51.0   3.18442077609   6.03653022927   6.82497127379   1.0853719392   -10.3327750253   0.63415316195   
52.0   -1.61143150827   1.64166005894   2.30038241494   2.34690250438   -11.2096259984   0.0770601189293   
53.0   -8.02441269567   4.90889756669   9.40683126407   2.59258156102   1.89007718224   0.134903968393   
54.0   4.46535341296   -8.60879867771   9.69797895316   -1.09230366721   2.67450218296   -0.35397696123   
55.0   -1.24570836671   4.02600081794   4.21431749171   1.87086895155   3.13934432784   0.933478068391   
56.0   2.337375794   4.33001453087   4.92060478396   1.07581185147   -4.59532638865   -0.218789775184   
57.0   -2.23117435357   -2.79166959536   3.57373168071   -2.24506501488   8.98792995617   1.14011781095   
58.0   -2.33982166797   3.54298233391   4.24587909111   2.15445501335   -0.933876065801   -0.595628254255   
59.0   0.0991573852702   0.0630259484608   0.117492370957   0.566196377988   -0.762647267983   -1.41461363665   
60.0   -10.2248925275   2.33425984414   10.4879548158   2.91714717875   -10.2088225532   0.269838177222   
61.0   5.87155019135   0.757979142718   5.92027313816   0.128383496048   7.94772053327   -0.413574915976   
62.0   -0.387543452105   -4.74056242196   4.75637698293   -1.65236545856   -11.0497916556   0.996762226692   
63.0   0.220727932476   19.5840875202   19.5853313686   1.55952602449   1.58385598211   0.183415024408   
64.0   -4.46237209661   13.7974402122   14.5011075832   1.88359876822   -28.0175819569   -1.01036529833   
65.0   4.64001595749   6.03017198855   7.60872671984   0.914952554013   9.666401193   0.187492004739   
66.0   -2.25177010728   -3.4044346299   4.08174518623   -2.15515965136   -8.28684559213   -0.854132027618   
67.0   14.5708736208   -4.07343531882   15.1295483531   -0.272600764891   -2.81749097161   -0.00112907818435   
68.0   1.00051581165   -9.62704691529   9.6788978814   -1.46724049976   -0.950636151608   1.67779192538   
69.0   -0.55316914967   6.45472063035   6.47838054795   1.65628737613   5.41468785155   -0.164421742117   
70.0   -4.12211765101   16.0674550343   16.5877956705   1.82193083614   28.5115582295   -1.29113927055   
71.0   0.592357959139   2.01363564865   2.09895604462   1.28469361114   4.0695499211   2.46547170153   
72.0   -3.67371669751   -0.100293897418   3.67508547376   -3.11429904331   14.8076913835   0.534515015101   
73.0   -1.16154312395   4.85563771715   4.99263458196   1.80559926921   15.4056844913   -1.44031956679   
74.0   -4.96926461648   -11.8546593034   12.8540475349   -1.96772911943   -9.07406783804   -0.878970165504   
75.0   -1.43699197313   -20.0167899746   20.0683040344   -1.64246271127   13.7282185238   0.168684419322   
76.0   -12.3224695615   8.62300279936   15.0399279709   2.53101516991   11.6214363747   0.379990138713   
77.0   -1.51534850083   6.48097426384   6.6557725688   1.80048493532   -27.5017592572   0.618105776612   
78.0   14.4372136862   3.1452596039   14.7758518197   0.214506084285   17.6935935959   -1.4305167183   
79.0   16.3106399252   -11.5609205457   19.9922949817   -0.616605129799   6.49996151907   1.51824087503   
80.0   -10.3120697071   7.62374027993   12.8242035815   2.5049730869   -6.21045162968   -1.41167846617   
81.0   7.10845455977   3.42948818145   7.89249741305   0.449510923006   6.4043890161   -0.545771929085   
82.0   7.83208973746   -10.592146195   13.1732756242   -0.934098128746   -0.895007774604   -0.782847080779   
83.0   -8.47723051106   -10.0759371035   13.1676856604   -2.27023788608   5.90638159948   -1.83152366944   
84.0   -7.99392648265   5.08053322073   9.47178327544   2.57544336907   -20.8717213882   0.898808043844   
85.0   7.67873991612   4.05489226777   8.68361664301   0.485848594876   -10.6341151627   0.0481121910644   
86.0   4.10433660694   3.8738020517   5.64375064286   0.75651041973   11.5498358313   -0.764682447571   
87.0   -4.36374403674   7.31815646728   8.52042699034   2.10848347247   -3.90244573663   -0.0918712615759   
88.0   -18.7542578151   -2.15107207971   18.8772163543   -3.02739389431   -9.00817769791   0.077318797106   
89.0   -12.5125765   -7.53523691071   14.6063125384   -2.59954749618   -15.5673113278   -1.80971739013   
90.0   -10.7623810587   0.00541008958918   10.7623824185   3.14108996844   18.2520935614   -0.788244354044   
91.0   2.30904434439   6.40899992643   6.81226583755   1.22499153253   -3.10360476103   0.250894776369   
92.0   -19.2479639701   8.54416195241   21.0591267736   2.72382345667   14.4752510101   0.638821889256   
93.0   -7.35166681926   8.72026977732   11.4057051518   2.27124460266   0.215371251692   -3.01912719477   
94.0   -16.79957807   14.1379324266   21.9569341355   2.44201612666   -24.596070201   -0.730388922171   
95.0   14.1242591916   -11.1900676578   18.0197755785   -0.670002799015   2.91164897185   0.721513548291   
96.0   5.65885164322   -13.79392409   14.9095588037   -1.18149165158   -18.596894285   -1.1829844447   
97.0   10.4686654333   11.8506476319   15.8123624183   0.847237885299   16.9809159695   1.25294822947   
98.0   4.56736032374   15.4079720315   16.0706683884   1.28261945231   8.5915500995   1.64772350028   
99.0   13.0888708856   -0.00827999104286   13.0888735045   -0.000632597724491   3.19764516955   2.07859593456   
